           1           2   1.9034500491940483     
           2           3   1.0885937581337670     
           3           4   1.3650864224762880     
           4           5   1.4144484060092306     
           5           6  0.97504672193748942     
           5           7   1.4090858414063836     
           7           8   1.3662509477515195     
           8           9   1.0955759895238910     
           9          10   1.7275689470609055     
          10          11  0.98541759090380221     
          10          12  0.97837041713611006     
           3          13   1.3885831374135045     
           8          13   1.3809936894005381     
           1          14  0.97733015034841531     
           1          15  0.97188563656557314     
           2          16  0.96361540336399776     
           4          17  0.96166009266859331     
           7          18  0.96359901215199883     
           9          19  0.95368244273098524     
          13          20  0.96522579568596745     
