   -0.09337213
   -0.02687272
   -0.02052785
   -0.01900706
   -0.14599353
    0.55677853
   -0.11343741
   -0.10751193
   -0.10788588
   -0.10693605
   -0.10962981
   -0.10554408
   -0.10733370
   -0.10875082
   -0.10496588
   -0.01911997
   -0.02098739
   -0.02708424
   -0.09354183
    0.02665295
    0.03904309
    0.02339571
    0.02229232
    0.02570764
    0.02666888
    0.02480420
    0.03571362
    0.02837763
    0.03546175
    0.03166594
    0.02800886
    0.03339839
    0.02924740
    0.03837135
    0.03534081
    0.03564558
    0.02390124
    0.03299079
    0.03110639
    0.02716373
    0.03679893
    0.02743305
    0.03594249
    0.03442414
    0.02347312
    0.02316760
    0.03898257
    0.02654361
