           1           2   1.9033835319448347     
           2           3   1.0875817486882544     
           3           4   1.3763969505505422     
           4           5   1.4256853145320971     
           5           6  0.97513244965134926     
           6           7   1.7831626036984842     
           6           8   1.1091330005319979     
           7           8  0.16303301374610715     
           5           9   1.3267609360448009     
           9          10   1.0758144759891646     
          10          11   1.9089128634963854     
           9          12   1.3818230023715350     
           3          13   1.3250712037966759     
          12          13   1.4210233092061113     
          13          14  0.97717628221338593     
          14          15   1.7826095136568558     
          14          16   1.1115756807137676     
          15          16  0.16470644295427614     
           1          17  0.97671577329549020     
           1          18  0.97216355638900032     
           2          19  0.95442535425889974     
           4          20  0.95971573487995732     
           8          21  0.87126011415581051     
          10          22  0.95980364851438515     
          11          23  0.97105257764160946     
          11          24  0.97582154938944798     
          12          25  0.96251100407264023     
          16          26  0.87191270777557350     
