           1           2   1.9046785563506423     
           2           3   1.0876109819785769     
           3           4   1.3715205236259809     
           4           5   1.4182616254036653     
           5           6   1.0247016116336272     
           5           7   1.4179070871703119     
           7           8   1.3669659676058035     
           8           9   1.0928182027330238     
           9          10   1.7327743312035737     
          10          11  0.97822369879794990     
          10          12  0.97091545720225103     
           3          13   1.3888613236437184     
           8          13   1.3860389917702245     
           1          14  0.97791737938714696     
           1          15  0.97190741322496255     
           2          16  0.96434374326660188     
           4          17  0.96657687443407037     
           6          18  0.98406151376841811     
           6          19  0.96789587941853095     
           6          20  0.97875079169183377     
           7          21  0.96740603125592128     
           9          22  0.95432821430376402     
          13          23  0.96196764942923785     
