$coord
    1.64400674032578    0.15039106138497   -0.44973218781651      c
    4.55214113758313    0.12337117893399   -0.36813577932140      c
    5.41117390097288   -2.22382916364049    1.03571146335872      c
    6.87858100657086   -2.09493539962692    3.23012807241945      c
    7.59484212301028    0.21670201382756    4.23323513162220      n
    6.90045965974198    2.48576386504808    3.12188525108465      c
    5.45481302321047    2.52538258229583    0.90977698168786      c
    4.82200998526759    4.85310424269649   -0.12103475809804      c
    5.56444963158531    7.10536870509325    0.97508655288748      c
    6.96595632521138    7.05158357764182    3.18018939856340      c
    7.62127860113196    4.76550105530626    4.24517605371241      c
    9.08484799625203    0.27023125817589    6.46286821682212      c
   11.67392981987762    0.69588709229016    6.31092011506286      c
   13.11145328274949    0.77501875429940    8.48375686279960      c
   12.00758211316033    0.43265532584344   10.85871960359906      c
   13.63721258259159    0.56120320324468   13.06673630152141      c
   13.01046197149591    0.34995713834200   15.48293500883160      c
   10.73440716424858   -0.03215783760487   16.46322482865437      f
   14.68490171693783    0.51218250440087   17.35341540371216      f
    9.40821338014700   -0.00670874352487   10.98813570862071      c
    7.96756730171807   -0.08553776103503    8.81447062028115      c
    7.66408859122250   -4.32745898090155    4.40320082473442      c
    6.97839772586413   -6.65458692327489    3.45203668031883      c
    5.50301455846361   -6.79678960194395    1.29949075951955      c
    4.74984485392229   -4.59104028481689    0.11932553797891      c
    5.63528734011134    0.03965941734783   -3.06718425013705      c
    0.89190285178576    0.20368453025027    1.46395732312555      h
    0.92080972503072   -1.52888631637261   -1.38362020504820      h
    0.95279902457700    1.79686463766033   -1.46290177768409      h
    3.71315392937062    4.92382028798835   -1.83203430085009      h
    5.04160060504255    8.88201241296113    0.12073894895405      h
    7.54896344345213    8.78737977796742    4.08077504681535      h
    8.69878368713150    4.74030417230394    5.97680850792780      h
   12.53795688614701    0.96986649284090    4.48247918587668      h
   15.12091915648665    1.10595332335987    8.34922128222370      h
   15.62324231365914    0.87848454596260   12.71308070527035      h
    8.49626764184806   -0.28222547682933   12.78724226067868      h
    5.95802987825996   -0.42245965791345    8.92225525806308      h
    8.83038697974642   -4.23102880979181    6.07393628980860      h
    7.60363802808023   -8.35337420499553    4.39384701439325      h
    4.95151561680611   -8.60622287659123    0.53678056895927      h
    3.61389744776803   -4.73094319827490   -1.56949304942896      h
    5.00729896783349   -1.64510461564388   -4.05843099690824      h
    7.69087063319812    0.02118586592846   -2.99502708580438      h
    5.03963855115256    1.68101047940092   -4.14728032522792      h
$periodic 0
$end
