           1           2  0.97801023120829667     
           2           3  0.98496356175994282     
           3           4   1.3351211730922110     
           4           5   1.0960400849306215     
           5           6   1.0956579493608176     
           2           7  0.98499087174146560     
           6           7   1.3352879529955071     
           7           8   1.4281663547439174     
           8           9   1.4346601607823812     
           7          10  0.10238658186607430     
           9          10   1.4228186664134304     
           6          11   1.3480379324651974     
           8          11  0.10147898046121817     
          10          11   1.4609694829308357     
           5          12   1.0001610426526502     
          12          13   1.3875525623008378     
          13          14   1.4649008327313426     
          14          15   1.3661520691957494     
          15          16   1.0989512690432774     
          16          17   1.7255868728502899     
          17          18  0.98179229642306198     
          17          19  0.97595321293596093     
          13          20  0.10251518975068948     
          15          20   1.3689680650527507     
          12          21   1.3893141141410250     
          14          21  0.10186807713850356     
          20          21   1.4632170054666793     
           4          22   1.3481587929076768     
           3          23  0.10242282626169996     
          22          23   1.4609029806146885     
          23          24   1.4228554282551418     
           3          25   1.4282829476223549     
          22          25  0.10146734844548082     
          24          25   1.4346329487450316     
           2          26  0.97779195390962492     
           1          27  0.98760777248901632     
           1          28  0.98147405245294472     
           1          29  0.98150102256422644     
           8          30  0.96413436276958875     
           9          31  0.97156910886587400     
          10          32  0.97122974966033593     
          11          33  0.96466175648928520     
          13          34  0.96827439733954712     
          14          35  0.96762185279250745     
          16          36  0.95412929483560271     
          20          37  0.96654166738725855     
          21          38  0.96820807565319411     
          22          39  0.96465768416727737     
          23          40  0.97122630515603114     
          24          41  0.97157142128410678     
          25          42  0.96416500574747621     
          26          43  0.98159743965195134     
          26          44  0.98763493874245134     
          26          45  0.98154738241177031     
