$coord
    2.24750152128436   -0.12650384632975    0.07837407312022      c
    5.06870356942561    0.05471024431481    0.08105499771898      c
    6.36188739304474    2.33139973728732    0.07300924186054      c
    8.86380835599964    2.43963161003725    0.07920323032466      n
   10.14768199571992    0.27269665151676    0.09118751330943      c
   12.70475589263353    0.50065073354246    0.09109176129744      n
    8.85182580481493   -2.06729613844447    0.09544900296198      c
   10.13328328158673   -4.59745085895102    0.10392930895382      c
    6.36287153453495   -2.10944144958276    0.09152650175210      n
    1.40077992889862    1.74406358439867    0.06514720101955      h
    1.61006080985291   -1.15083992958174    1.74442743054817      h
    1.61463403293599   -1.17252992065784   -1.57584039387766      h
    5.39723531219053    4.13433353087581    0.06219222393552      h
   13.42618556439159    2.25341588978308    0.11036137467104      h
   13.85398355138478   -0.99954069161721    0.13696953041522      h
   12.17922354587581   -4.44777476784032    0.09557035066610      h
    9.53556530180967   -5.66800161653645   -1.54762557906631      h
    9.54683013390865   -5.65252861118363    1.76954558703720      h
$periodic 0
$end
