           1           2   1.0245346415725476     
           2           3   1.3733507544564376     
           3           4   1.4736738582685276     
           2           5   1.4353316047660289     
           4           5  0.10507349870383831     
           5           6   1.3670718745835957     
           4           7   1.3662336925422554     
           6           7   1.2589189269220031     
           7           8   1.1443336118760135     
           8           9   1.3674261084674899     
           9          10   1.4707216267900383     
          10          11   1.3980452695987058     
           9          12  0.10611768988297382     
          11          12   1.4660713611860015     
           8          13   1.2609285593120023     
          12          13   1.3613167428427917     
           6          14   1.1209186380290839     
          13          14   1.1214228064724832     
          14          15   1.0403760339259736     
          15          16   1.3759437641184948     
          16          17   1.4610495145228632     
          17          18   1.3823960610061534     
          18          19   1.0489802215958073     
          19          20   1.3881330734350457     
          20          21   1.4518583935000053     
          19          22  0.10532352632245520     
          21          22   1.4345135730927829     
          20          23  0.10840003601298871     
          22          23   1.4343489917040764     
          19          24   1.3880018208773257     
          21          24  0.10840437999144496     
          23          24   1.4520371790984925     
          16          25  0.10275592314885705     
          18          25   1.3813946718301362     
          15          26   1.3748984609789232     
          17          26  0.10289196743086658     
          25          26   1.4621334356616205     
           1          27  0.98539563697607180     
           1          28  0.97055684639822160     
           1          29  0.97722991307625429     
           3          30  0.96939960811770187     
           4          31  0.96907914574122123     
           5          32  0.96524381514972390     
           9          33  0.96931083052753220     
          10          34  0.97175285366437802     
          11          35  0.97195847147299919     
          12          36  0.96660004211223061     
          16          37  0.96763381341565857     
          17          38  0.96794651007022925     
          20          39  0.96874001710927859     
          21          40  0.97086599165853127     
          22          41  0.97160530777097198     
          23          42  0.97087002947743428     
          24          43  0.96872854816525766     
          25          44  0.96787025317302433     
          26          45  0.96758570530315491     
