           1           2   1.9015279302394643     
           2           3   1.0880796183682111     
           3           4   1.2454974864610078     
           4           5   1.5088159139695114     
           5           6   1.1027283565504182     
           6           7   1.8806739554089076     
           5           8   1.1471521551200932     
           8           9   1.0205690416143189     
           9          10   1.6704543730523422     
           9          11   1.1754715760036205     
          10          11  0.17156527937169813     
          11          12  0.88179344705909235     
          12          13  0.99505470478680680     
          12          14  0.99596431349870751     
          12          15  0.99536257011772444     
           3          16   1.4984524806515818     
           5          16  0.11721023194455885     
           8          16   1.1517182720687769     
           1          17  0.97763795962729283     
           1          18  0.97370154120754127     
           2          19  0.96343280948569920     
           6          20  0.95654070305719241     
           7          21  0.97242492083292875     
           7          22  0.97709650810737791     
          13          23  0.98459373535571038     
          13          24  0.98058180690977981     
          13          25  0.98285913561862503     
          14          26  0.98337111687365686     
          14          27  0.98342912129792448     
          14          28  0.98351750472582777     
          15          29  0.98003748069543695     
          15          30  0.98461849749035246     
          15          31  0.98281616305794639     
