           1           2   1.8940572981314221     
           2           3   1.0873862569883435     
           3           4   1.3736288615947787     
           4           5   1.4329127812039442     
           5           6   1.0817763441878849     
           6           7   1.8980909142712228     
           5           8   1.2232003433557619     
           8           9   1.1980440553104610     
           8          10   1.3590026032083935     
           3          11   1.3033922254958010     
          10          11   1.4222454622885561     
          11          12   1.0239829986697713     
           1          13  0.97884798006903007     
           1          14  0.97355847409239538     
           2          15  0.96489519782885214     
           6          16  0.96013032666930820     
           7          17  0.97179541942400527     
           7          18  0.97771195488706875     
           9          19  0.94165448320522127     
           9          20  0.94538550100467778     
          12          21  0.98316894692466383     
          12          22  0.96667305794782676     
          12          23  0.96979736157675189     
