$coord
    8.39778148154492    4.98632558875542  -10.36338823834287      c
    7.29757183010917    3.27532757787525   -8.32263637325518      c
    8.59704797372445    3.59279835624287   -5.76109232504003      c
   11.34521656216994    2.71468133824783   -5.78692432367001      c
   12.57270568327849    2.66918908217105   -3.17210720320387      c
   12.61543984973061    5.20722070203356   -1.78577917282716      c
   13.90193751810461    7.39304120247428   -3.17259215029738      c
   16.77680187972590    7.12827253954400   -3.44952131966501      c
   17.56371894794330    5.31648591214591   -5.47643203855074      c
   16.88771231578058    5.64822670638771   -8.05754487231163      c
   17.76246322308162    3.81142173258154   -9.61395811487412      c
   17.39899514701845    3.53048947121385  -12.38684823859153      c
   19.49544619695200    1.59423016854370   -7.92474632985339      s
   18.99929422030227    3.21281406836897   -5.10720607232464      c
   20.12843906542284    2.22893211483299   -2.72026655448457      c
    7.31701410536213    4.81018727419392  -12.10339723592137      h
   10.34880213974962    4.48782886423534  -10.76906322331502      h
    8.33601347126033    6.95200009909730   -9.76147740836482      h
    7.44987850138335    1.30673726887053   -8.92659422108483      h
    5.28945301625123    3.70605593876893   -8.10268403914683      h
    7.55941225041466    2.49772289840131   -4.34934493025818      h
    8.50036503837821    5.57859857254938   -5.21063042262564      h
   12.45665349567235    3.91768379406671   -7.03400931589526      h
   11.42266827850034    0.79908055065910   -6.55793909274197      h
   14.50019488857917    1.97376807377527   -3.38351186843328      h
   11.55443028231354    1.32031353056412   -1.98182841258105      h
   13.56239046622726    4.93162462385136    0.03079799415925      h
   10.67188757761689    5.76834121947708   -1.37316521998133      h
   13.53102630217821    9.11558666467803   -2.09225042747123      h
   13.04862925566446    7.63959749843166   -5.03064503282855      h
   17.58808228246513    6.55518454575016   -1.64312263069269      h
   17.54994063496643    8.98799165414488   -3.92289128841057      h
   15.79767386719839    7.23245865572144   -8.72305166699029      h
   16.33680202716088    5.13012306899524  -13.12095836302223      h
   16.36754784138330    1.79826506345004  -12.81229399979627      h
   19.21335539606657    3.43600082300328  -13.35624850939613      h
   20.98108769011495    0.38874177187027   -3.04841049612123      h
   18.69700786434872    2.03514143017257   -1.25145252090390      h
   21.58962956333567    3.50665515138010   -2.02546396381446      h
$periodic 0
$end
