           1           2   1.9100534506472617     
           2           3   1.0864784436768968     
           3           4   1.4507721383955838     
           4           5   1.2802767905195822     
           5           6  0.95437271442690630     
           6           7  0.98442567042370221     
           6           8  0.99529429131620928     
           6           9  0.99426901656867706     
           4          10  0.14262200843415276     
           5          10   1.2112550696844788     
           3          11   1.2586769964941726     
          10          11   1.4485829624842521     
          11          12   1.0853476678834895     
          12          13   1.9083432355355892     
           1          14  0.97868295194909583     
           1          15  0.97555450979302361     
           2          16  0.96313280788604283     
           4          17  0.96678189417609217     
           7          18  0.98472930205889309     
           7          19  0.98545110976584860     
           7          20  0.98386435620384460     
           8          21  0.98011424375058831     
           8          22  0.98439621781564013     
           8          23  0.98482304213663552     
           9          24  0.98318869705078704     
           9          25  0.98513396925123264     
           9          26  0.98364216428422824     
          12          27  0.96163203229571415     
          13          28  0.97457313169764248     
          13          29  0.97846745098761312     
