           1           2   1.0272548998917657     
           2           3   1.4114881132942509     
           3           4   1.4484305982568186     
           4           5   1.3837969422439147     
           5           6   1.0419129233915945     
           6           7   1.2169454710956178     
           7           8   1.5660668732720007     
           8           9   1.2842698803374133     
           6          10   1.1802001394312776     
           7          10  0.11101573893845545     
           9          10   1.5941952518320781     
           3          11  0.10474812934843414     
           5          11   1.3723322297140013     
           2          12   1.3982448872051567     
           4          12  0.10683707552411233     
          11          12   1.4631256046634320     
           1          13  0.98561148350375782     
           1          14  0.97145206761588554     
           1          15  0.97168641739431427     
           3          16  0.96835988254481697     
           4          17  0.96700592238306626     
           7          18  0.96389679144386931     
           9          19  0.97127805632465780     
          10          20  0.96950007024635376     
          11          21  0.96717293449846953     
          12          22  0.96935601241217062     
