$coord
   -1.16594843018585   -2.86114054905302    4.36297434553211      c
   -0.70420983646904   -1.24142037422516    2.08869229479516      c
    0.94015836801835   -2.01373890500141    0.17944619075075      c
    1.31148833194938   -0.43744648030773   -1.87396157312010      c
    0.04285822443275    1.84699285672580   -1.96229009202635      c
   -1.56384441212570    2.46870044034759    0.02994287726209      c
   -2.95849181612393    4.87146312216353    0.03983605097546      c
   -4.53662070177935    5.49922705822318    2.05993516455934      c
   -5.80882908121105    7.78217219107990    1.98915207285002      c
   -5.47411426358714    9.35627376582960   -0.07136946230098      c
   -3.85815305623474    8.57510800986397   -2.00626695723716      c
   -3.43999652694897   10.18234679762758   -4.23347574240848      c
   -1.84517243781515    9.40558714197924   -6.18026280121589      c
   -1.51630883327461   10.99421576004710   -8.23056611135855      c
   -2.77795154788897   13.28463247727249   -8.27353570053465      c
   -4.33822508552745   13.90992862258571   -6.24393088469085      c
   -5.76773071595887   16.35202361465552   -6.19679264039385      c
   -4.64747505373067   12.38957931706099   -4.28642029485134      n
   -2.63747497604219    6.38316165368480   -1.93789266452445      n
   -1.91435058714370    0.94170124620691    1.99933885803508      n
   -1.59292364451186   -4.79255475248110    3.80173686452915      h
   -2.73143874875282   -2.09870437452686    5.44867758661467      h
    0.51292406538980   -2.89694542885867    5.55317781741396      h
    1.89656910514600   -3.81092341688927    0.31523160673739      h
    2.57224816261886   -0.98472669740978   -3.38529769968962      h
    0.25794188760747    3.14786722049668   -3.51249421657647      h
   -4.71981776665746    4.19535269018399    3.61309353463021      h
   -7.04534059649676    8.32803226510746    3.52104253850789      h
   -6.41281817066189   11.15574695654115   -0.23406214073434      h
   -0.91158824859950    7.60232807684023   -6.04443497715109      h
   -0.29145237525893   10.45738719283417   -9.77467930407683      h
   -2.56758732686402   14.57457750220824   -9.84036872825934      h
   -4.54034193827791   17.92152085678913   -6.70356331966622      h
   -6.54571406196746   16.66214184078840   -4.32339644555738      h
   -7.31515497561629   16.28488929333134   -7.55279288585202      h
$periodic 0
$end
