    0.03794931
   -0.27020259
    0.13771419
   -0.05413034
   -0.04613600
    0.05272716
   -0.06744261
    0.06614827
   -0.05085942
   -0.03453725
    0.00928217
   -0.08186198
    0.30456258
   -0.19373524
   -0.20225715
   -0.03600977
   -0.05003456
    0.05275934
   -0.04850226
   -0.06624270
    0.13768262
   -0.27008693
    0.03802743
   -0.05424439
   -0.04609902
   -0.04845537
   -0.06632797
    0.06188148
    0.04022045
    0.03933919
    0.05098040
    0.04017050
    0.03564039
    0.03618857
    0.07505553
    0.04998259
    0.03688325
    0.03681254
    0.03755556
    0.06192210
    0.03972466
    0.03943090
    0.05139887
    0.04124691
    0.03785205
    0.03802654
