$coord
    3.12410513705465   -0.62091896058373    1.42710756346326      c
    5.00125825681415   -0.32274891752590   -0.21120092709699      c
    6.19727984408318    2.04806636928352   -0.93583419972891      c
    8.36201343653455    1.99056785680401   -2.44254646704003      c
    9.55431110067232    4.19152496298555   -3.15699588552226      c
    8.63757054514570    6.54948686265856   -2.41719958782083      c
    9.92566593506966    8.86333978649244   -3.19801245314493      c
   12.40414455994274    9.07095333128187   -3.50574696212741      c
    6.44634107702745    6.62490512622921   -0.92912329803979      c
    5.37398780322575    9.12105611100473   -0.04299819311215      c
    7.20608424630308   10.45847270160675    1.46888015071189      c
    8.66703128834339   11.49009389258709    2.67915286007206      n
    5.27613739371949    4.40528727549349   -0.20069734216186      c
    2.37343917118863   -2.46395885965805    1.84801423997332      h
    2.27097530376626    0.93199613588205    2.42783995565549      h
    5.79078012316437   -1.97833620441034   -1.12111661451512      h
    9.11233530566635    0.19117354447219   -3.05107734834841      h
   11.21158461096755    4.10468535420722   -4.34338073596745      h
    8.74513025880150   10.50284439189917   -3.52323916000337      h
   13.67348100453374    7.52436675696714   -3.13550999675025      h
   13.26052673476572   10.82029530971512   -4.08996478930409      h
    3.68452378570135    8.80924201290160    1.10547968475126      h
    4.85411159593359   10.31356623574164   -1.65316764994429      h
    3.59580919093399    4.50597577249869    0.95352474622615      h
$periodic 0
$end
