           1           2   1.8971655123370967     
           2           3   1.0940975658003613     
           3           4   1.3644925513822885     
           4           5   1.4727456481529113     
           5           6   1.3728953845243841     
           6           7   1.0791568039385528     
           7           8   1.9140373608334409     
           6           9   1.3432359372649170     
           9          10  0.97820293461500329     
          10          11   1.0438141751657468     
          11          12   2.8459422250067683     
           3          13   1.3673461000048006     
           9          13   1.4487188535156721     
           1          14  0.97813879996193631     
           1          15  0.97279667122588842     
           2          16  0.96409848158394740     
           4          17  0.96795275394044367     
           5          18  0.96683465421947012     
           7          19  0.95750872976166757     
           8          20  0.97453094509477889     
           8          21  0.97785174438277922     
          10          22  0.94320945756336760     
          10          23  0.93162407319509399     
          13          24  0.96233423468239532     
