$coord
   12.58080066624805    5.83715418252428    6.40205872605715      f
   11.79195120790044    4.25524014938855    4.60881950222074      c
   10.09654433159906    5.43393714562776    3.18336205429956      f
   12.63963908924067    1.91167966860966    4.38414061366816      c
   11.94625146259182    0.00804611900299    2.52536035403416      c
   13.14718889313117   -2.32942099617923    2.67617272976852      c
   12.61140265601916   -4.25403537462615    0.96443243778684      c
   13.87229514158491   -6.56532824977844    1.12677080603469      n
   12.61068989119213   -8.81875529138379    0.54653211335657      c
   10.08317472202840   -9.14690973259822    1.21532511608254      c
    8.84917350556787  -11.37379266317662    0.63873408744749      c
   10.11021194432121  -13.30958435957523   -0.59172887724213      c
   12.62338139026400  -12.99585468038943   -1.25247280507851      c
   13.86903006595371  -10.76919806523549   -0.69979672466184      c
   16.41439171458556   -6.62997542044285    1.86602114145601      c
   17.30971876478254   -8.56909474366657    3.40798429779747      c
   19.81806880352475   -8.62153589316622    4.13096557738789      c
   21.46470425266011   -6.74429019498383    3.34734755855114      c
   20.58361743959997   -4.81233094540801    1.81600086015627      c
   18.08377957620639   -4.75300451433706    1.06859590515332      c
   10.80807474539782   -3.82564697276414   -0.91296398625535      c
    9.59707349208663   -1.51715682275245   -1.05214943021409      c
   10.15045039455714    0.40267223653808    0.63309369134060      c
   14.03448365456956    1.36179408093102    5.77004078541363      h
   14.52399704860049   -2.66272314405405    4.14610637506839      h
    9.09969297685781   -7.64934403432634    2.19408818849410      h
    6.89219801514547  -11.60491774138256    1.17051260918224      h
    9.14147171246186  -15.04981264937099   -1.03150689820120      h
   13.61987790475452  -14.49082272969510   -2.22067386620578      h
   15.82389707317670  -10.52365786372569   -1.23302225939253      h
   16.02565421369356  -10.02567201850767    4.03733514193106      h
   20.48600225415589  -10.13174158929553    5.33031456232190      h
   23.42077220769410   -6.78595454970191    3.92352343992025      h
   21.85637714261319   -3.34718780915056    1.18478642907047      h
   17.40674841345654   -3.25532662558421   -0.14207988209924      h
   10.37985216832007   -5.29998058232432   -2.25645621841880      h
    8.21127243681106   -1.20034789095416   -2.51589063186087      h
    9.18852147078662    2.18767492196735    0.46834450200493      h
$periodic 0
$end
