           1           2  0.97256251299694330     
           2           3  0.97986404802315907     
           2           4   1.7313838349080912     
           4           5   1.0942223258593373     
           5           6   1.3852623646575819     
           6           7   1.3769218899605700     
           7           8   1.0750540583815860     
           8           9   1.0596387174691382     
           9          10   1.3680233472810515     
          10          11   1.4560678234180553     
          11          12   1.4301385218353950     
          10          13  0.10551840899955518     
          12          13   1.4304486276245150     
           9          14   1.3686321264766819     
          11          14  0.10552677735135513     
          13          14   1.4558091305415601     
           8          15   1.0583392022784670     
          15          16   1.3698741270325159     
          16          17   1.4548732430454250     
          17          18   1.4312837846304609     
          16          19  0.10540499218921112     
          18          19   1.4292364052993527     
          15          20   1.3675131463305465     
          17          20  0.10556328282754796     
          19          20   1.4569698841260574     
           7          21   1.3529618055012718     
          21          22   1.4495593423642736     
           5          23   1.3631917021171205     
          22          23   1.4436850773380661     
           4          24  0.95419187497857516     
           6          25  0.96496653454036652     
          10          26  0.96809922085480005     
          11          27  0.97089321859991407     
          12          28  0.97161424675603481     
          13          29  0.97090953036108729     
          14          30  0.96810033336536794     
          16          31  0.96814023573346097     
          17          32  0.97088347880434733     
          18          33  0.97160120474953970     
          19          34  0.97088278895728541     
          20          35  0.96804325886784015     
          21          36  0.96782248360608747     
          22          37  0.97007976185490363     
          23          38  0.96819897515090902     
