           1           2   1.0217972067583532     
           2           3   1.6089371557733392     
           3           4   1.1767207585282378     
           4           5   1.1253209936869160     
           5           6   1.0390871826551575     
           2           7   1.2209505080906724     
           4           7  0.16002978058205414     
           5           7   1.6449335298819929     
           1           8  0.98579827363320305     
           1           9  0.96932309207499201     
           1          10  0.96933951654198036     
           3          11  0.97035952273963177     
           6          12  0.98380964543553573     
           6          13  0.96265609513705197     
           6          14  0.96266352769973185     
