$coord
    4.60994406183565    0.00493983298208    0.02300778892519      c
    1.77843216294207   -0.00672405251437   -0.03250146532753      c
    0.41031595933420   -1.80718048697133    1.30316995950229      c
   -2.19850802338646   -1.79912209691012    1.29907314615280      c
   -3.52163389417742    0.02003059797947   -0.07176667528450      c
   -6.16874338785352    0.03055156086433   -0.09491717995481      n
   -7.49673232964194   -2.25377643158542   -0.13924389083051      c
   -9.75558621917475   -2.51359053533094    1.19513915449519      c
  -11.06542679536709   -4.77027185170086    1.13948449932373      c
  -10.14542836178668   -6.80585211158343   -0.22547425690154      c
   -7.89775094822286   -6.56202223641538   -1.54533440422827      c
   -6.58199479576905   -4.30826257438479   -1.51472988855357      c
   -7.47853775308328    2.32559734904864   -0.08446476112381      c
   -9.70798370510754    2.60044713103435   -1.46451289133115      c
  -10.99797684106128    4.86913877063818   -1.44382459470477      c
  -10.08725181648279    6.90166727884220   -0.06825279370839      c
   -7.86924183631995    6.64251090128240    1.29808799851928      c
   -6.57351258474313    4.37701668106515    1.30210656508763      c
   -2.15994161815637    1.82603452775331   -1.42212542210540      c
    0.44847667405917    1.80837388042757   -1.38671963758509      c
    5.34641167855658   -1.89904263003373    0.26225217391134      h
    5.28199066425376    1.14933136972268    1.60055465541748      h
    5.37339641631824    0.80352497827735   -1.71027772506302      h
    1.40327512865641   -3.23278934435703    2.37709746268753      h
   -3.23034680348806   -3.20490392536123    2.36069340050582      h
  -10.46797129502865   -0.93591533142571    2.27730731737603      h
  -12.81017435722145   -4.94507504904395    2.18487243667555      h
  -11.17212681655204   -8.56819019214723   -0.26086533616485      h
   -7.17061465493903   -8.13542031300046   -2.62366233434053      h
   -4.83917608220933   -4.11816273320459   -2.56065736429816      h
  -10.41270167646532    1.02533006097649   -2.55535872554498      h
  -12.72006789233916    5.05519826964478   -2.52428283306579      h
  -11.09819410978200    8.67340566246305   -0.06052845972932      h
   -7.14930122390018    8.21381053052336    2.38438048123953      h
   -4.85374090294666    4.17537154497362    2.38340843882659      h
   -3.16166556364490    3.23818187325511   -2.50384982698957      h
    1.47173867686930    3.22169117221547   -2.44854390755863      h
$periodic 0
$end
