           1           2   1.8973263619241729     
           2           3   1.0941975682841749     
           3           4   1.3663438202710687     
           4           5   1.4740501621710658     
           5           6   1.3740842419954458     
           6           7   1.0543427468672002     
           7           8   1.3737491183927593     
           8           9   1.4744127691327864     
           9          10   1.3660391900634685     
          10          11   1.0943164701136374     
          11          12   1.8971728993262718     
          10          13   1.3684445501921445     
           7          14   1.3771283922230895     
           9          14  0.10006924523125046     
          13          14   1.4700767438151221     
           4          15  0.10008173360755059     
           6          15   1.3768481258858087     
           3          16   1.3682334721160843     
          15          16   1.4703387291201362     
           1          17  0.97841792246492976     
           1          18  0.97309744873072135     
           2          19  0.96432557257972462     
           4          20  0.96571605118990800     
           5          21  0.96825845154407419     
           8          22  0.96825760794277616     
           9          23  0.96562107806720010     
          11          24  0.96437898885978168     
          12          25  0.97300163448206400     
          12          26  0.97841325912293220     
          13          27  0.96825053997484956     
          14          28  0.96823564803393447     
          15          29  0.96822735613373101     
          16          30  0.96825491348429349     
