           1           2   1.9038996611320262     
           2           3   1.0882154351218243     
           3           4   1.3858102118866713     
           4           5   1.3835028367111171     
           5           6   1.0876670999960416     
           6           7   1.9046484116070592     
           5           8   1.3783890348932228     
           8           9   1.3803134732335003     
           9          10   1.0187588200678774     
          10          11   1.0257348121203764     
          11          12   1.3712840264697654     
          12          13   1.4535649304752114     
          13          14   1.4325777227338485     
          12          15  0.10832696679578953     
          14          15   1.4358647437202299     
          11          16   1.3760456656424309     
          13          16  0.10759949099602971     
          15          16   1.4484218921387488     
           3          17   1.3742047606626453     
           9          17   1.3848597574359522     
           1          18  0.97807761056249087     
           1          19  0.97271534086989464     
           2          20  0.96432070725912411     
           4          21  0.96616770412924735     
           6          22  0.96426361692504226     
           7          23  0.97271934753198452     
           7          24  0.97804565861142734     
           8          25  0.96333512828267265     
          12          26  0.96856418687306933     
          13          27  0.97072469985133469     
          14          28  0.97134477756912929     
          15          29  0.97087072450991685     
          16          30  0.96696834695707390     
          17          31  0.96168028415364804     
