           1           2   1.8965658490648760     
           2           3   1.0941216417337012     
           3           4   1.3519020626734077     
           4           5   1.4667165874496615     
           5           6   1.3826781398493677     
           6           7   1.0870826729647054     
           7           8   1.9031267056319472     
           6           9   1.2876060361886084     
           9          10   1.1504940233055505     
           3          11   1.3871397960044578     
           9          11   1.3794445996809448     
           1          12  0.97857270009465358     
           1          13  0.97319461432589227     
           2          14  0.96464918846968983     
           4          15  0.96873068743934132     
           5          16  0.96710482491867389     
           7          17  0.95906254715145478     
           8          18  0.97478094713467356     
           8          19  0.97871170183783063     
          10          20  0.95081077094421884     
          10          21  0.95598359982135050     
          11          22  0.96214658396238140     
