           1           2   1.8901825719738317     
           2           3   1.1000257631669155     
           3           4   1.3545200938917474     
           4           5   1.4923852695280764     
           5           6   1.3445742492927935     
           6           7   1.1299481232879609     
           7           8   1.7241453421453561     
           8           9   1.1498914977802790     
           7          10  0.10085704405054471     
           9          10   1.6921580007153518     
          10          11  0.97895861855356725     
          10          12  0.97628459522403632     
           6          13   1.3508549327441537     
           3          14   1.3613820699806556     
          13          14   1.4824304297682311     
           1          15  0.97821434190194867     
           1          16  0.97260169848484601     
           2          17  0.96429735353797064     
           4          18  0.96522059781611103     
           5          19  0.96536766564693610     
           7          20  0.96196782885261645     
           8          21  0.95877574064215731     
           9          22  0.95573655793815737     
          13          23  0.96821196912394092     
          14          24  0.96804170685824764     
