           1           2   1.9047094249463541     
           2           3   1.0876096600880119     
           3           4   1.3693209738659253     
           4           5   1.3844178935302831     
           5           6   1.0667514824089661     
           5           7   1.3702436111366145     
           7           8   1.3830248878297284     
           8           9   1.0865762304508493     
           9          10   1.9057997290206274     
           3          11   1.3918206400664861     
           8          11   1.3814995041367770     
           1          12  0.97819914838146349     
           1          13  0.97275891847908313     
           2          14  0.96444247882313683     
           4          15  0.96427029110317375     
           6          16  0.89022624680703522     
           7          17  0.96621305774123722     
           9          18  0.96429242084295430     
          10          19  0.97265247694645507     
          10          20  0.97812016552974745     
          11          21  0.96048522362177235     
