           1           2   1.8889546368156647     
           2           3   1.1011998325560137     
           3           4   1.3625001153477072     
           4           5   1.4354138929264142     
           5           6  0.96002677685548343     
           5           7   1.3183078708970508     
           7           8   1.1010962101636956     
           8           9   1.8890817705768503     
           7          10   1.3625545831353478     
           3          11   1.3183050191087562     
          10          11   1.4353763699202320     
          11          12  0.96002907745957866     
           1          13  0.97754205511420689     
           1          14  0.97234084177919455     
           2          15  0.96302927834861407     
           4          16  0.96029774523861811     
           8          17  0.96300147972735450     
           9          18  0.97235492767956944     
           9          19  0.97754134198201270     
          10          20  0.96031613244063529     
