           1           2   1.9095549038301123     
           2           3   1.0763867697994076     
           3           4   1.4004494974403687     
           4           5   1.3867081366461460     
           5           6  0.89856841091367068     
           6           7   1.0831057515086953     
           7           8  0.91499051116401320     
           7           9  0.91533583674332009     
           7          10  0.94664830994807980     
           5          11   1.4058296944941766     
          11          12   1.3872569114394842     
          12          13   1.0764011230849364     
          13          14   1.9151761831055012     
           3          15   1.2945270995287879     
          12          15   1.3011858967543386     
          15          16   1.1811023832016501     
           1          17  0.97734580047428687     
           1          18  0.97217383401695923     
           2          19  0.96025983252009106     
           4          20  0.96449123838238660     
          11          21  0.96200960888682208     
          13          22  0.95737013154614814     
          14          23  0.97383433620294269     
          14          24  0.97763143096565375     
          16          25  0.94656208923072893     
          16          26  0.93894628223851884     
