           1           2   1.9055280661169409     
           2           3   1.0871442663326250     
           3           4   1.4014573595019870     
           4           5   1.3813309966338283     
           5           6   1.0865240369705356     
           6           7   1.9059802472771064     
           5           8   1.3771939115210123     
           8           9   1.3916893677093038     
           9          10  0.91246814323933778     
          10          11   1.0741646791699622     
          11          12  0.91834343059949852     
          11          13  0.91835939917988907     
          11          14  0.94949804813685901     
           3          15   1.3523864162454329     
           9          15   1.4223287313735304     
           1          16  0.97730566450229439     
           1          17  0.97219949619725277     
           2          18  0.96309236174763957     
           4          19  0.95897902481265485     
           6          20  0.96353686955289031     
           7          21  0.97207645889997485     
           7          22  0.97730749933337779     
           8          23  0.96374107565537004     
          15          24  0.96359091334287916     
