           1           2   1.8958313068093195     
           2           3   1.0873971439795145     
           3           4   1.3171371509507082     
           4           5   1.5184919644822630     
           5           6   1.3182566702572462     
           6           7   1.0859696867871735     
           7           8   1.8994893424498569     
           6           9   1.3962838701521567     
           3          10   1.3964712205286576     
           9          10   1.4266929981094296     
           1          11  0.97778666325684283     
           1          12  0.97171493345523641     
           2          13  0.96531538112591320     
           4          14  0.96720203096188551     
           5          15  0.96452588942853523     
           7          16  0.96214217169363159     
           8          17  0.97240498308631440     
           8          18  0.97728958064071036     
