           1           2   1.9032509679362255     
           2           3   1.0892955455561169     
           3           4   1.3207331457249813     
           4           5   1.4964992457592041     
           5           6   1.3480272937260023     
           6           7   1.0906011287082562     
           7           8   1.0700321561596178     
           8           9   1.1204646215538752     
           9          10   1.7021451910476348     
          10          11  0.98376013201965029     
          10          12  0.98371179642746498     
           8          13   1.5509867186423938     
           6          14   1.2574465174965765     
          13          14   1.2203361474137866     
           3          15   1.4325429565632115     
           5          15  0.10604154403381565     
          14          15   1.3393773658177714     
           1          16  0.97800376460915805     
           1          17  0.97280872212580816     
           2          18  0.96422016846948522     
           4          19  0.96822181632218862     
           5          20  0.96681534385806323     
           9          21  0.95288840043634093     
          13          22  0.97102747414580337     
          15          23  0.96382004846121228     
