           1           2   1.0267422477900809     
           2           3   1.4181229147840979     
           3           4   1.4377164155610640     
           2           5  0.10465657440443210     
           4           5   1.4177956384785724     
           5           6   1.0281300178003017     
           5           7   1.3568306467894580     
           7           8  0.94943538726417265     
           2           9   1.3970984261457899     
           4           9  0.10683838619224187     
           7           9   1.4217719262826185     
           1          10  0.98566143314097188     
           1          11  0.97193603961173813     
           1          12  0.97196759986872716     
           3          13  0.96858900587352803     
           4          14  0.96843602450366739     
           6          15  0.98586611029081161     
           6          16  0.97028343450594978     
           6          17  0.97032054868288808     
           9          18  0.96627420980912326     
