    0.03528886
   -0.26123272
    0.14296303
   -0.08333775
    0.05695888
   -0.06849882
    0.05730454
    0.03637242
   -0.13894465
   -0.03671848
   -0.03265261
   -0.03348700
   -0.04465342
    0.06904582
   -0.05653192
   -0.03379645
    0.00727654
   -0.08169122
    0.30418879
   -0.19476202
   -0.20243751
   -0.03556878
   -0.05621064
    0.02386818
   -0.03695551
   -0.05858908
    0.06656825
    0.04407774
    0.04220990
    0.04899464
    0.04991258
    0.04269697
    0.04108886
    0.04479803
    0.03505791
    0.03515182
    0.07452481
    0.04814294
    0.03460877
    0.05563283
    0.05933547
