$coord
   -4.53706890447358    2.24686906205977    0.27912000136744      c
   -2.22592758507398    0.62419418244003    0.10248881411313      c
   -2.38129541438774   -1.99600977241404    0.02976261512900      c
   -0.16749816379179   -3.39843753551362   -0.12545325520470      c
   -0.25357397169562   -6.24664196399013   -0.18996068802956      c
    1.90647503681784   -7.37856252743075   -1.24276889041244      o
    2.11433832995190   -2.10936296699714   -0.20335054376322      c
    2.09741349181114    0.51769273508350   -0.12848142975952      c
    4.49523894007186    2.01735612513261   -0.19327093655772      c
   -0.03027707147466    1.82967367736454    0.01588991530766      n
   -6.24569808076252    1.10952419104541    0.24084253177997      h
   -4.56809916918405    3.58466055337014   -1.28151997272344      h
   -4.48452379748981    3.33457455838152    2.02373850498015      h
   -4.19435413980465   -2.93109428000722    0.09230377717346      h
   -1.97041749887233   -6.86327777329405   -1.18951975606400      h
   -0.35895790491900   -6.96478111024548    1.74839895805276      h
    2.12189371572397   -6.75827316924555   -2.94228838754320      h
    3.87094223486367   -3.14228340280168   -0.30373184037413      h
    6.11849472807008    0.80622909501970   -0.52956074709652      h
    4.74418414242058    2.99530122009270    1.59947683889400      h
    4.38304569438398    3.44705430409348   -1.66573580164585      h
$periodic 0
$end
