           1           2   1.0227857782772980     
           2           3   1.4033939446595856     
           3           4   1.4089190373650591     
           4           5  0.99742691312369069     
           5           6   1.0030745432778094     
           2           7  0.10481841950636878     
           4           7   1.4221777217106655     
           3           8  0.10642987265233043     
           7           8   1.3912607890775419     
           8           9   1.0231898702673758     
           2          10   1.4052860411142425     
           8          10   1.4137029556861294     
           1          11  0.98636469571933894     
           1          12  0.96970710356665624     
           1          13  0.96746513733191453     
           3          14  0.96751229682480322     
           5          15  0.96193645151119489     
           5          16  0.95384212715934624     
           6          17  0.90222410430588806     
           7          18  0.96519600082106360     
           9          19  0.98610556610841382     
           9          20  0.96598765742924675     
           9          21  0.97095195653659516     
