$coord
    2.32057385233293   -1.19453958224429   -0.55698261910042      c
    4.19848398593630    0.22225090860639    0.27930596035313      c
    5.88532940135920    1.67639351491921   -1.38589810922855      c
    5.38919353271195    4.24060926229867   -1.97268953519618      c
    7.11666698471121    5.27121516291835   -3.56350359771966      c
    9.41502618661528    3.14547246134619   -4.39794904836790      s
    8.03133165781363    0.78866862541664   -2.55310538691843      c
    9.25841498965968   -1.63889357323613   -2.46087511661409      c
    8.64801400655853   -3.55881760123110   -0.95765742663838      c
    1.07626520783532   -2.19093992652982    0.70828679757556      h
    1.97045987608138   -1.42743117172920   -2.54930957303668      h
    4.52478457331454    0.45573908155299    2.28931275474719      h
    3.78860546902610    5.25223799171946   -1.23205965604564      h
    7.18293211774476    7.15625055109937   -4.30149087403570      h
   10.83860974773379   -1.82819380999795   -3.74746790681015      h
    7.10716151930433   -3.45354515186420    0.36426507048951      h
    9.68858614974097   -5.30479290009278   -1.01549842359155      h
$periodic 0
$end
