$coord
    4.87036299283918    1.99693851545086   -1.30082204544640      c
    4.23728433450368    0.13034598844795    0.25166990666234      c
    5.79121181735740   -0.91317266156343    2.27113982002024      c
    8.04233478884768    0.19930173928691    3.08673556525166      c
    9.42116626252760   -0.85026304956275    5.02940803685741      c
    8.64384645449970   -3.05968783748162    6.24480096800395      c
   10.09031305045016   -3.94526084416863    8.42670686672669      c
    9.10393826325366   -5.03655909257523   10.45873324858502      c
    6.42911387535572   -4.23382683959991    5.37965881185769      c
    5.50364986704389   -6.72548454251852    6.33209149954640      c
    3.33392752218262   -7.14966268640276    6.82638542528739      o
    7.25488316098706   -8.57643982746337    6.45389872469642      o
    5.02075562854272   -3.13304874449457    3.46042630658004      c
    3.59681351005024    2.64324212128719   -2.74864953110323      h
    6.66769738186210    2.94557710747796   -1.21028252142462      h
    2.41151470001774   -0.76794266811756    0.03818398411519      h
    8.70140997407439    1.92080509264716    2.21632939964075      h
   11.12736656887927    0.07234499248365    5.66897882753684      h
   12.09168643118498   -3.51532614863148    8.37171613735744      h
    7.10828560507474   -5.40312913799654   10.63255242297261      h
   10.26149551209229   -5.58214979063330   12.03983738286211      h
    8.93211744904168   -7.96035255089818    6.07640908531700      h
    3.30317975226660   -4.06688288745205    2.87081196649453      h
$periodic 0
$end
