           1           2   1.9034977326517342     
           2           3   1.0884960764220160     
           3           4   1.3951921166531798     
           4           5   1.3744213748759331     
           5           6   1.0875951250028431     
           6           7   1.9045114589203815     
           5           8   1.3908163870744406     
           8           9   1.3603654598802266     
           9          10   1.0537037553423905     
          10          11  0.98771599860013581     
           3          12   1.3642458114155753     
           9          12   1.3836232277279013     
           1          13  0.97826762515819576     
           1          14  0.97283957726960368     
           2          15  0.96439125709258855     
           4          16  0.96338419853171986     
           6          17  0.96451810688001005     
           7          18  0.97265958555689558     
           7          19  0.97817336326913684     
           8          20  0.96308642919956777     
          11          21  0.97978411459657511     
          11          22  0.97662255648147067     
          11          23  0.97662871792469241     
          12          24  0.96382650728659514     
