           1           2   1.8974823786500070     
           2           3   1.0932393647920857     
           3           4   1.3823700580780858     
           4           5   1.3986867746342397     
           5           6   1.0782350978278865     
           6           7   1.9131801942616686     
           5           8   1.3361874665297706     
           8           9   1.0115390596698153     
           9          10  0.99341950067931717     
           8          11   1.4135531283772516     
           3          12   1.3213173403782683     
          11          12   1.4107885425473019     
          12          13  0.95996412883847460     
           1          14  0.97771713863596443     
           1          15  0.97254441661305657     
           2          16  0.96326099708348734     
           4          17  0.95926312531999081     
           6          18  0.95630277534201924     
           7          19  0.97382664849964173     
           7          20  0.97768016658074641     
          10          21  0.98084875507326896     
          10          22  0.98051189582094433     
          10          23  0.98669218941246695     
          11          24  0.96352708556774846     
