           1           2   1.9068506517185306     
           2           3   1.0791642703815487     
           3           4   1.3557707949353108     
           4           5   1.4513204429539677     
           5           6   1.4457245294037135     
           6           7   1.3618557655517387     
           7           8   1.0418370548822542     
           8           9   1.3585572478594381     
           9          10   1.4490581396724018     
          10          11   1.4475941321780235     
          11          12   1.3569801733817080     
          12          13   1.0794850786134806     
          13          14   1.9048303904493329     
           8          15   1.4054924116864198     
          12          15   1.3874568082613374     
           3          16   1.3885102591343097     
           7          16   1.4019389441883676     
           1          17  0.97753851794407243     
           1          18  0.97249000079832104     
           2          19  0.96317894075673727     
           4          20  0.96621883411616849     
           5          21  0.96942337968544656     
           6          22  0.96586073601046263     
           9          23  0.96594963127216060     
          10          24  0.96942905839892624     
          11          25  0.96917718081687776     
          13          26  0.96593371849498455     
          14          27  0.97277707837856842     
          14          28  0.97820307932839490     
