           1           2   1.8925149376780459     
           2           3   1.0990284651819491     
           3           4   1.3808260934024363     
           4           5   1.4012523253878628     
           5           6  0.95061575039205803     
           5           7   1.3986490962368565     
           7           8   1.3822214003815343     
           8           9   1.0657061054212729     
           9          10   1.9151884226197036     
           3          11   1.3058125744454734     
           8          11   1.3293761968752908     
          11          12   1.0939886553097384     
           1          13  0.97782183627403163     
           1          14  0.96924563786975826     
           2          15  0.96347748535801570     
           4          16  0.96429928979495716     
           7          17  0.96607279276266134     
           9          18  0.95943674776538102     
          10          19  0.97085384032307342     
          10          20  0.97681292138432108     
          12          21  0.86143775645223397     
