$coord
    2.86728455625164    1.34681716274820   -2.22086342661199      c
    5.49732080824086    1.39358601893383   -1.71041393603797      o
    6.25009554143564    2.57016181449669    0.45334623623577      c
    4.80116987439993    3.55278944185350    1.91814646286202      o
    8.96809770213597    2.47329715286822    0.71566976035440      c
   10.50130696723795    3.44702321416882    2.60099587348432      c
   13.00906206540599    2.86556120624431    1.98052835166632      c
   15.30237484472735    3.55448878070896    3.47013639247285      c
   12.95203525931489    1.54422652522112   -0.28168119317192      c
   15.05377957511780    0.47663015499843   -1.81148967578389      c
   10.51188705477398    1.32578521557029   -1.01407875444711      n
    2.25481836706296   -0.61835361305523   -2.32931117986149      h
    2.53181380366797    2.28743658263940   -4.02395739460839      h
    1.85088616294924    2.32319421303631   -0.71342288900169      h
    9.85195229628400    4.45705836762178    4.23072121933808      h
   14.74740180076991    4.43633104860056    5.23884853826699      h
   16.48351833924162    4.87833132271240    2.42386543058728      h
   16.43249526380595    1.88692146930008    3.89424959173737      h
   16.83665260250170    0.72515858615462   -0.82765868613419      h
   15.17787675399314    1.42106681503182   -3.63884395792198      h
   14.76018476111709   -1.53347213748579   -2.15210499303989      h
    9.88181619651814    0.45888111532673   -2.58591637876747      h
$periodic 0
$end
