           1           2  0.96527492232928880     
           2           3   1.0650461541917025     
           2           4  0.15635726251520815     
           3           4   1.6950385274759834     
           3           5   1.0745106399337219     
           5           6   1.4280857737984884     
           6           7   1.3708609644806806     
           7           8   1.0278306682101086     
           5           9  0.11498365047794561     
           7           9   1.4328374511870210     
           9          10   1.0312488260316310     
           5          11   1.1791949734156735     
           9          11   1.2533479170490722     
           1          12  0.97867397544172263     
           1          13  0.97870083439445987     
           1          14  0.97204688324370225     
           6          15  0.97198600421662729     
           8          16  0.98528286893772432     
           8          17  0.97401016209181823     
           8          18  0.97595809613959383     
          10          19  0.98195618732867285     
          10          20  0.96949099100821889     
          10          21  0.97234155997825367     
          11          22  0.93820727782092239     
