           1           2   1.9043063262032833     
           2           3   1.0876445737620755     
           3           4   1.3881503855431137     
           4           5   1.3768933574255433     
           5           6   1.0934484312138886     
           6           7   1.7297116576340383     
           7           8  0.98403817496174806     
           7           9  0.97612546324441196     
           5          10   1.3782787913288403     
          10          11   1.3953564800821496     
          11          12  0.99349418208697660     
          12          13   1.7221690903462885     
          12          14   1.1319242857036798     
          13          14  0.17220584957404100     
          14          15  0.93847953659595917     
          15          16   1.0117431656022309     
           3          17   1.3739839382657153     
          11          17   1.4015532439723888     
           1          18  0.97748952256407706     
           1          19  0.97172690829276831     
           2          20  0.96407843019188388     
           4          21  0.96539490021816443     
           6          22  0.95402889249787570     
          10          23  0.96245208162966422     
          15          24  0.97229754547403879     
          15          25  0.96850849047265619     
          16          26  0.98620719794379186     
          16          27  0.98351307475506267     
          16          28  0.98481507751196939     
          17          29  0.95922441312485995     
