    0.03901757
   -0.26879197
    0.14086071
   -0.06361936
   -0.03216021
   -0.09006803
    0.04561298
   -0.02677537
   -0.01380836
   -0.03372320
   -0.03991516
   -0.03449594
   -0.05093688
    0.04424833
   -0.04092388
    0.06747232
   -0.04253884
   -0.03323306
    0.01755132
   -0.08224571
    0.31080763
   -0.18789381
   -0.19442127
   -0.03536266
   -0.04248545
    0.06172956
    0.03882247
    0.03842127
    0.04796413
    0.03981992
    0.03272493
    0.03212163
    0.02913290
    0.02947729
    0.02675901
    0.04723414
    0.04230844
    0.07978372
    0.05475272
    0.04677616
