           1           2   1.9171565788860125     
           2           3   1.0729550901096543     
           3           4   1.4441160594706592     
           4           5   1.3343023213198049     
           5           6   1.1961354234143708     
           6           7   1.6146244212183922     
           6           8  0.12213885969806053     
           7           8   1.2093200881436270     
           5           9   1.2542270326665077     
           8           9   1.1650276848518681     
           9          10   1.2959939384367773     
          10          11   1.0789513131757213     
          11          12   1.9061853244800140     
           3          13   1.2631928118917535     
          10          13   1.3429246775393420     
          13          14   1.1560363115887136     
           1          15  0.97834922343144715     
           1          16  0.97490436162073979     
           2          17  0.95779535796338178     
           4          18  0.96465441349995917     
           7          19  0.96414474942907380     
           8          20  0.93978992765907399     
          11          21  0.95832623560287800     
          12          22  0.97430992901823232     
          12          23  0.97860692529047832     
          14          24  0.95083294780823135     
          14          25  0.94834575658531817     
