           1           2   1.9163735861667164     
           2           3   1.0763689386487190     
           3           4   1.3955158842876387     
           4           5   1.4387422224279440     
           5           6   1.3941801915610457     
           6           7  0.91385320978523554     
           7           8   1.0735344467840671     
           8           9  0.91855886637166728     
           8          10  0.91879893570389282     
           8          11  0.94960617386572665     
           4          12  0.10303888381030506     
           6          12   1.3979569075734664     
           3          13   1.3190683826882263     
          12          13   1.3976888233180884     
          13          14   1.0780578135484813     
          14          15   1.9146297893165998     
           1          16  0.97759461613248078     
           1          17  0.97432191426882775     
           2          18  0.95525554702604532     
           4          19  0.96545399018894484     
           5          20  0.96549511334941474     
          12          21  0.96363976469212020     
          14          22  0.95917727969284561     
          15          23  0.97150770941036257     
          15          24  0.97667908919097612     
