           1           2   1.9038433328201427     
           2           3   1.0879666727434307     
           3           4   1.3683075057032210     
           4           5   1.4096294227572899     
           5           6  0.97284528664136594     
           5           7   1.4147303528296600     
           7           8   1.3590421661643295     
           8           9   1.0945323943004222     
           9          10   1.7297456865376875     
          10          11  0.98220221903478544     
          10          12  0.97868105712496212     
           3          13   1.3849048127427694     
           8          13   1.3887902948986799     
           1          14  0.97717596423067987     
           1          15  0.97127648165203673     
           2          16  0.96378227265568861     
           4          17  0.96491203604823961     
           7          18  0.96523088213722730     
           9          19  0.95348805819929328     
          13          20  0.96020850228963517     
