   -0.08952730
   -0.02970544
    0.02508444
   -0.05791951
   -0.00850827
   -0.05626189
   -0.05196095
   -0.05715139
   -0.05676376
   -0.05482505
   -0.05791281
   -0.05722538
   -0.05734077
   -0.05750660
   -0.05753003
   -0.05221965
   -0.09966078
    0.01567208
   -0.03033916
   -0.08909372
   -0.05518630
    0.04096583
    0.04025410
    0.04154132
    0.03523374
    0.03689293
    0.03882558
    0.03632256
    0.02845252
    0.03192777
    0.02820342
    0.02738823
    0.02817240
    0.02904554
    0.02974147
    0.02974449
    0.03012232
    0.02658628
    0.02668290
    0.03294228
    0.02667481
    0.02641314
    0.03569988
    0.02598025
    0.02798919
    0.03034278
    0.02585990
    0.03413636
    0.02931980
    0.03229093
    0.03967312
    0.04484183
    0.03761456
