$coord
    1.96521807992502    0.12440809864864    0.43616012840583      c
    4.31278205492287   -0.33507217377546    1.18766460337097      c
    5.80475631683767   -2.58841259654110    0.63071917715365      c
    4.97367448872599   -4.55610983143595   -0.92367735551511      c
    6.56028913954866   -6.59696053988866   -1.31290402874723      c
    8.90799365713428   -6.63662403504085   -0.16381653182433      c
    9.60159462832091   -4.59563333220329    1.36319667035115      c
   12.01980703967772   -4.41379747470175    2.67980306072506      c
   13.92481861165621   -6.03672481755830    2.53473610495943      c
    8.06452093104810   -2.64194370350782    1.72729677806503      n
    1.01278535170532    1.84885424611383    0.94600348569851      h
    0.89520652935684   -1.17530698759978   -0.70536563951431      h
    5.31015042677218    1.02275168892001    2.34386635803683      h
    3.13868369088995   -4.48902035935010   -1.80566141143323      h
    5.97046537620132   -8.14789989771803   -2.50531736655243      h
   10.16929164825676   -8.21209137907933   -0.44099372110935      h
   12.17345685902095   -2.74510755551400    3.85005471011407      h
   13.86382340347163   -7.71239571864654    1.38145135825692      h
   15.64820213767903   -5.73720353352530    3.57481178879627      h
$periodic 0
$end
