           1           2   1.8836271316280326     
           2           3   1.1137016131017496     
           3           4   1.3474864124430119     
           4           5   1.4350246811103138     
           5           6   1.0558273114982402     
           6           7   1.6774443099696263     
           6           8   1.1051177251504101     
           7           8  0.16058800247297600     
           8           9  0.96183888863516931     
           5          10   1.1960296176444254     
           3          11   1.3297218513978324     
          10          11   1.2417760349901679     
          11          12   1.1310215252493556     
          12          13   1.8574983777724012     
           1          14  0.97914153045769670     
           1          15  0.97528730793462581     
           2          16  0.96150103916350271     
           4          17  0.97048656527262478     
           9          18  0.98191995180861613     
           9          19  0.97679692004486007     
           9          20  0.97679551476081550     
          10          21  0.93115568581844821     
          12          22  0.95970632506604947     
          13          23  0.97426451477872789     
          13          24  0.97866705490655048     
