$coord
    3.38593724552992   -0.73022730208254    1.69997076210663      c
    5.06803020948549   -0.03835564457463   -0.02915194269596      c
    6.35051219761506    2.39266115062492   -0.15438647785699      c
    8.42811575126148    2.68740167506129   -1.77468520258382      c
    9.72623588826674    4.78763660199699   -1.99093423606895      n
    9.04100175549408    6.77703104483511   -0.61351843544358      c
   10.50964918532224    8.99999643391731   -0.93046113980585      c
   11.68642992813100   10.80447825907517   -1.16025895383844      n
    6.97224692458726    6.75512416819761    1.06669477375004      c
    6.32182832040634    9.01949354064753    2.49392157160891      c
    4.10375072245366    9.45942027203604    3.58012929292942      c
    5.64461218533140    4.49235510612221    1.26655748788114      c
    2.53484473132610   -2.57665753989703    1.66602798886034      h
    2.80202691751789    0.48995770295674    3.22168852629823      h
    5.61489116984026   -1.36398115895221   -1.48934045376264      h
    9.07727207884004    1.13213299580356   -2.93427995524834      h
    7.79671595958002   10.43465364405255    2.58938154541287      h
    2.55002425873505    8.14685761809578    3.48431694323555      h
    3.75121450137716   11.18686220017580    4.59283066303316      h
    4.06204521390930    4.37226163136988    2.54603304790469      h
$periodic 0
$end
