           1           2   1.9263659705643537     
           2           3   1.0656430806039265     
           3           4   1.3722128553017909     
           4           5   1.4678881018087511     
           5           6   1.3727130617162335     
           6           7   1.0616402759287331     
           7           8   1.9280444293380730     
           6           9   1.3653413982491092     
           9          10   1.0263427472585005     
           3          11   1.3656286765909336     
           9          11   1.3957865358545032     
          11          12   1.0244722955658487     
           1          13  0.97826363735145505     
           1          14  0.97536343907549838     
           2          15  0.95877240965441490     
           4          16  0.96756666851877471     
           5          17  0.96909332892216660     
           7          18  0.95987549358443003     
           8          19  0.97556013606758063     
           8          20  0.97773264095857793     
          10          21  0.97862493038565923     
          10          22  0.97615672756524685     
          10          23  0.96715451189009793     
          12          24  0.97634770831701134     
          12          25  0.96724958830171193     
          12          26  0.98033438924525196     
