$coord
    1.53582209727033    0.56804539365523   -0.64351732470285      c
    4.36219718002638    0.47789830774064   -0.54096772456035      c
    5.84287699717077    2.64344443685472   -0.41216717611163      c
    8.45265728687086    2.55901843031911   -0.31989467991902      c
   10.01573323352410    4.91370894732277   -0.18363080588100      c
    9.67037307182287    0.20289768584507   -0.35739602427941      c
   12.24364449975885    0.27338029565818   -0.28032650898973      o
   13.58684186643487   -2.02879180312355   -0.28752149770007      c
   13.20969532327657   -3.60688536138511    2.06062934383600      c
   13.47716579562743   -6.21570777593978    1.95907824731774      c
   13.15293742116214   -7.65990677427265    4.11358251002973      c
   12.54503169914991   -6.51149040855223    6.38489852763351      c
   12.27668347845143   -3.91216403719343    6.49607959296867      c
   12.61613837327126   -2.46491479894365    4.34588013735266      c
    8.24253761498330   -1.99326517225997   -0.47559665694663      c
    5.63806734373489   -1.80728839305951   -0.56561071222013      c
    4.29171897946154   -3.98357594843182   -0.68214609752545      f
    0.86871033147761    2.50935234116662   -0.61189951701140      h
    0.73054108416378   -0.44313610591489    0.95874739255095      h
    0.85398766725393   -0.34640916087975   -2.35734932465504      h
    4.91646694885140    4.46268404749555   -0.38347139171002      h
    8.82292048035572    6.58198946561000   -0.09283117839823      h
   11.23787475115242    5.04682538157651   -1.83353563887128      h
   11.23291964790256    4.86133454719187    1.47405863475837      h
   15.57362123131281   -1.45483032144917   -0.42004185640485      h
   13.12517162420873   -3.13736708904393   -1.98196784144474      h
   13.93882455615650   -7.11675524193703    0.18429241629912      h
   13.36293104302571   -9.68760148084192    4.01578744930811      h
   12.27741294988546   -7.64186655614514    8.06251932665652      h
   11.80206227101868   -3.00597357893189    8.26202455103807      h
   12.40856001172402   -0.43600481675576    4.42773137065030      h
    9.08398755303654   -3.84696500581619   -0.47680199775840      h
$periodic 0
$end
