   -0.10900095
    0.01121806
   -0.03935846
   -0.04851066
    0.05941525
   -0.07075373
    0.06741026
   -0.04978864
   -0.03455824
    0.00985792
   -0.08184922
    0.30504486
   -0.19312150
   -0.20188972
   -0.03586774
   -0.04895485
    0.05929628
   -0.04793614
   -0.03918816
    0.01150588
   -0.10908124
   -0.03951710
   -0.04805447
   -0.04778720
   -0.03961408
    0.04158893
    0.04498259
    0.04658698
    0.03221726
    0.03236980
    0.03566921
    0.03598467
    0.07512752
    0.05011736
    0.03725627
    0.03200822
    0.03222605
    0.04181857
    0.04448349
    0.04739676
    0.03345986
    0.03261008
    0.03225634
    0.03292363
