$coord
    4.98485490307605   -2.58883533264015   -0.65196394299160      c
    5.32518063726959   -0.74379226907331    1.01588361691560      c
    6.86429039851056    1.50798598426712    0.68394789723620      c
    6.92805361548454    3.33763540290778    2.57561803112720      c
    8.34702072658462    5.51296643457414    2.32940387842270      c
    9.82107203739248    5.97507422153698    0.18666392006624      c
    9.78579284166778    4.10841927619078   -1.68779369688203      c
    8.33165560748559    1.95553240344734   -1.45957298361391      c
   11.72400691368181    4.32414401611166   -4.40633869692786      s
   12.18371399581839    7.63611237390020   -4.53442736396126      c
   12.86943128518673    8.62937279610245   -6.84602028344190      c
   13.43986918483198   11.18747134794993   -7.12859929081351      c
   14.19312709673913   12.31061495520394   -9.52046737323255      c
   14.45189494217109   11.12818461574833  -11.71979613692891      c
   13.26971935335482   12.69147028227199   -4.97463271442189      c
   12.54153818300594   11.70750839631300   -2.67080923420668      c
   11.97059359942523    9.14585385770807   -2.37248287227668      c
   11.24723917060574    8.17272502205210   -0.03968652639734      n
   11.75745982851208    9.64229514201565    2.20921578228638      c
    9.71789013336698   11.61495708841829    2.94953179638964      c
    7.42456766640701   11.71528919443408    1.19114661940071      c
    5.50183887372456   13.65768052521715    2.12009457046939      c
    3.21546124661228   13.90736073764730    0.37181234047492      c
    1.55348617005520   11.55419928261843    0.33897675522877      c
    3.80015695374253   -4.18755189600989   -0.23090189442692      h
    5.85640229877216   -2.58643254905988   -2.48949892354653      h
    4.37936645179867   -0.85874142228918    2.82874789257567      h
    5.82971644571866    3.06668605863500    4.27566820223444      h
    8.29034838461563    6.86615585382223    3.84844765195653      h
    8.40142414619554    0.59388271039611   -2.97383037509709      h
   12.99571134419952    7.35508780828503   -8.43091487033233      h
   14.56348147023560   14.32259476925649   -9.42761696019533      h
   14.11532586684402    9.13491476749804  -11.94465438132569      h
   15.01861128500575   12.12965810795890  -13.39716478891222      h
   13.70350571688434   14.68302569641617   -5.10090770422553      h
   12.41818187757385   12.97793192027855   -1.08571158110770      h
   13.57250849528622   10.58439642180023    1.91787721320601      h
   12.03294296744174    8.30232508028240    3.75706839918719      h
   10.57794908149155   13.49080987193279    3.00875605936426      h
    9.05108022512096   11.21088202877949    4.86117655330352      h
    6.53058761259960    9.86199851372136    1.10523219129814      h
    8.01472951882093   12.22061411079764   -0.71997107686366      h
    6.42814782857330   15.49869594379825    2.26841019433785      h
    4.85467649007856   13.13350439596388    4.01040499601030      h
    3.86533194017547   14.31556293361898   -1.54486309007991      h
    2.08150044871268   15.51430051787686    1.00156344735840      h
    2.54773728259290    9.95157324835005   -0.47762189645167      h
   -0.13522835002042   11.89434549750160   -0.78242828712850      h
    0.97241938997041   11.05628530088119    2.24859243226280      h
$periodic 0
$end
