           1           2   1.9048698276253135     
           2           3   1.0872781037587764     
           3           4   1.3859519887139520     
           4           5   1.3798599579764523     
           5           6   1.0930543114886049     
           6           7   1.7317008620364729     
           7           8  0.98071809700341206     
           7           9  0.97756983727600533     
           5          10   1.3764830484432518     
          10          11   1.3947949665615025     
          11          12  0.99569664340883268     
          12          13   1.7225027878672456     
          12          14   1.1291450978107425     
          13          14  0.17180083228568022     
          14          15  0.93744487203840332     
          15          16   1.0197122405010723     
           3          17   1.3763062150946042     
          11          17   1.4000579670779913     
           1          18  0.97749917136939446     
           1          19  0.97193879518480852     
           2          20  0.96367135222748912     
           4          21  0.96405343816598199     
           6          22  0.95328413818123414     
          10          23  0.96274999346241541     
          15          24  0.96826482771449007     
          15          25  0.96826461182574608     
          16          26  0.98533378978497199     
          16          27  0.98353836426684371     
          16          28  0.98533492255071353     
          17          29  0.96049369473931012     
