$coord
   12.54773372640667   12.09838532742193   -3.07012372845864      c
   11.67069821392247    9.86870105605095   -4.66704769031699      c
   12.68135199409436    7.36065321323820   -3.66118907833371      c
   11.99642969960196    5.14337555062264   -5.37581469237401      c
   12.79458660714790    2.62052435210330   -4.22622516589476      c
   12.04159082746354    0.33386709793425   -5.82603617453255      c
   13.40136853266947    0.13128084326294   -8.36870628975323      c
   16.25661665816052   -0.18095441714230   -8.09017221964453      c
   17.57072324697029   -0.93458763254800  -10.54850575691247      c
   17.43665419271924    1.09882969388935  -12.61188200952646      c
   18.31783424979717    3.64140517822784  -11.72615780139071      c
   16.66625373033344    5.74644959470390  -11.46844409303489      c
   17.80774003563808    7.88458992547842  -10.63918291218179      c
   16.68913444244934   10.42092943867374  -10.17839057175017      c
   21.00731326613834    7.35996764800037  -10.13144564209544      s
   20.74229972885023    4.22500438392960  -11.08655456608538      c
   23.03252479964211    2.59141083156517  -11.10773380200395      c
   11.81222468537747   13.86482801822166   -3.82075972824746      h
   14.60109008814416   12.20780649939286   -3.04988564654772      h
   11.89741895715081   11.89667674767529   -1.13044317511461      h
   12.30680705845343   10.12654253075454   -6.61244585563783      h
    9.60700436213767    9.81129026242790   -4.68982257439941      h
   11.91637588698848    7.03197602489584   -1.77116716524652      h
   14.73638348551338    7.47119917111230   -3.48952113725809      h
   12.92169360690962    5.40731362234997   -7.19933111756584      h
    9.95543239680038    5.12905762065497   -5.69420889462005      h
   11.90214193277867    2.43159561124804   -2.37214645251882      h
   14.83427395943731    2.62011295549951   -3.92581914857529      h
   10.00547037250978    0.40773702392840   -6.16830567773332      h
   12.42471943323802   -1.38062300470246   -4.73851321948634      h
   12.98827202471901    1.79841437615675   -9.50369165026463      h
   12.64599239378206   -1.50965732383198   -9.37264077771951      h
   16.62967376407396   -1.64249491289706   -6.67820579752298      h
   17.08804061589753    1.57930915611996   -7.41183125929164      h
   16.72078580420643   -2.66910340576810  -11.27979878775919      h
   19.54984776475930   -1.33787983332400  -10.13163775990422      h
   15.49518439863750    1.27013280275830  -13.28253072442965      h
   18.59764352753025    0.48422640522938  -14.20906808410115      h
   14.68549314783529    5.65894621975544  -11.92668705106355      h
   14.71706498854918   10.43165801937377  -10.75937959532627      h
   17.70046237029009   11.86484566860519  -11.24265619543237      h
   16.79995971932305   10.91839922739030   -8.18237557769918      h
   24.71769009377372    3.72807088893795  -11.41827453770148      h
   22.89296946059222    1.18411396270503  -12.60177650566389      h
   23.25370947423271    1.60794286120574   -9.30852253355307      h
$periodic 0
$end
