$coord
   -4.79398659236939   -0.69258794547592   -0.02441674929313      c
   -1.97077521038501   -0.76833184790997   -0.01520238027313      c
   -0.52482617894987   -3.02679531184815   -0.00580974854595      c
    2.00023879506655   -2.60470627696498    0.00141421610374      c
    2.69597448116041    0.57042699557141   -0.00300356437929      s
   -0.48924493339674    1.34229647216016   -0.01484931553958      c
   -1.32890974280365    4.02640214348895   -0.02326958635353      c
   -5.56251068273407   -2.59692876029185   -0.02427175580571      h
   -5.48597622556286    0.29938700899223   -1.69183401470410      h
   -5.49670442077890    0.30390316787633    1.63582343831307      h
   -1.35232050975321   -4.88394312895681   -0.00455433814230      h
    3.51163539799911   -3.95259405242080    0.00908173175357      h
    0.29044984111760    5.28947140255344   -0.01843343699221      h
   -2.48468334603494    4.42535397748681    1.63636340510654      h
   -2.47006422347903    4.41953223123112   -1.69438748047999      h
$periodic 0
$end
