           1           2   1.9026301807350952     
           2           3   1.0897196911680433     
           3           4   1.3621616127276335     
           4           5   1.4591989776732612     
           5           6   1.3923700968530242     
           6           7  0.96700910502393955     
           6           8   1.3364905025656397     
           8           9   1.0717165886175990     
           9          10   1.7441409031950867     
          10          11  0.99654456828544413     
          10          12  0.97588793749392366     
           3          13   1.3903441387021660     
           8          13   1.3917370283929302     
           1          14  0.97752282156440762     
           1          15  0.97231917713037108     
           2          16  0.96382913816836846     
           4          17  0.96464429005062557     
           5          18  0.96543989277952602     
           9          19  0.95202438418654678     
          13          20  0.96601249197691486     
