           1           2   1.9117330657668472     
           2           3   1.0789377140089884     
           3           4   1.5114720357771709     
           4           5   1.2631735303880653     
           5           6   1.3726058785200523     
           6           7   1.4344690378304987     
           6           8  0.17115598037863791     
           7           8   1.4343923303308488     
           5           9   1.1525548510924679     
           8           9   1.3729653859743389     
           4          10  0.10264331078915258     
           9          10   1.2626649244068275     
           3          11   1.2033731656052695     
          10          11   1.5124866875592713     
          11          12   1.0758628331440134     
          12          13   1.9139662955744534     
           1          14  0.97692572864805882     
           1          15  0.97180237525097457     
           2          16  0.95976045374440544     
           4          17  0.96481544652838969     
          10          18  0.96312498451532969     
          12          19  0.95595138345582853     
          13          20  0.97446165140719820     
          13          21  0.97778230678630451     
