           1           2   1.0200156026101701     
           2           3   1.0065989515111948     
           3           4   1.0095644165971216     
           4           5   1.0069218171397507     
           5           6  0.99281322829007124     
           6           7   1.0110318683252935     
           7           8   1.4175354506327285     
           8           9   1.4202706691023237     
           9          10   1.0225586454423277     
           7          11  0.10460665598070180     
           9          11   1.3801740209929783     
          11          12   1.0103299603099112     
          12          13  0.99123431407141604     
          13          14   1.0096593307552830     
          14          15   1.0066178727528721     
          15          16   1.0074957112140648     
          16          17   1.0197593639351266     
           8          18  0.10289971736569317     
          11          18   1.4166443831506563     
           7          19   1.3757999225323072     
          18          19   1.4211707459251635     
          19          20   1.0224625739479576     
           1          21  0.98766188486848372     
           1          22  0.98672516760830842     
           1          23  0.98600290279396341     
           2          24  0.97727836929698320     
           2          25  0.97808006607068254     
           3          26  0.97082824737146711     
           3          27  0.97755405643767923     
           4          28  0.97724679165422124     
           4          29  0.97315715520755264     
           5          30  0.97529993860734832     
           5          31  0.97798158296164450     
           6          32  0.96688698650505267     
           6          33  0.97305132197701094     
           8          34  0.96546382614466331     
          10          35  0.98483358319173497     
          10          36  0.97221921744931672     
          10          37  0.97234524357625218     
          12          38  0.97380094894713565     
          12          39  0.96817894877701050     
          13          40  0.97733201714701812     
          13          41  0.97341328359764823     
          14          42  0.97371082940683096     
          14          43  0.97583332996723360     
          15          44  0.97773098435056505     
          15          45  0.97786869090471529     
          16          46  0.97855122549396600     
          16          47  0.97650200518320784     
          17          48  0.98709441900390527     
          17          49  0.98736538422023501     
          17          50  0.98462365228774062     
          18          51  0.96548486784558274     
          20          52  0.98486395960019657     
          20          53  0.97202166106087751     
          20          54  0.97139341930452050     
