$coord
    2.02617143138144    0.59851712766764    0.74895827721588      c
    4.11554885161050   -0.27903828837328   -0.32811090827780      c
    5.61143542315242    1.05801771956852   -2.18517844696750      c
    5.19491369060397    3.41395666851869   -3.17363246735631      c
    6.98189969265030    4.02839254512055   -4.86305876101484      o
    8.58910212161296    2.07293827775793   -4.99863734018026      c
    7.87647195706743    0.16306423159882   -3.40332823273637      c
    9.11162067060601   -2.24192525006811   -2.99731323551026      c
   11.13706823374973   -3.05351540091871   -4.23537155613673      c
    0.99879541668932   -0.49780301754370    2.11950216555048      h
    1.26813524934965    2.43329162445361    0.30592091058822      h
    4.79871549516332   -2.13807828219334    0.18035744715165      h
    3.74302788353470    4.78417757253767   -2.83397135859253      h
   10.15223519264732    2.25593640112628   -6.27297240141148      h
    8.27452325566868   -3.43079061775660   -1.56056326856642      h
   12.03509693261547   -1.94567947073719   -5.68529721059917      h
   11.96717288433470   -4.86691999971172   -3.83734948587614      h
$periodic 0
$end
