           1           2   1.8952320714411905     
           2           3   1.0956692734243891     
           3           4   1.3637882425299352     
           4           5   1.4735462315019221     
           5           6   1.3649216277712948     
           6           7   1.0804488216838775     
           7           8   1.9097834037267425     
           6           9   1.3505940086937893     
           9          10  0.73789237812149089     
          10          11  0.97045885541213539     
          10          12   1.6430177583908832     
          10          13   1.6280552630765099     
          12          13  0.10905973611810561     
           3          14   1.3597076430919708     
           9          14   1.4608154682252519     
           1          15  0.97731025716919639     
           1          16  0.97159399705552518     
           2          17  0.96365138760870406     
           4          18  0.96691106484177347     
           5          19  0.96525537525122673     
           7          20  0.95072515810497571     
           8          21  0.97345274669786341     
           8          22  0.97706047548440822     
          11          23  0.94750006289625821     
          11          24  0.94140365205521959     
          14          25  0.95570482997483885     
