$coord
    5.21866080609083   -0.34068947446971    2.24003588698398      c
    4.37177956070643   -0.30504279074954   -0.12184382639951      c
    5.89080932421928   -0.65933162354980   -2.36737037545937      c
    4.91327580817954    1.02612671340915   -5.05389524604980      s
    7.53560316215735    0.00834447083050   -6.74193531700576      c
    8.13810088880528    0.61755353680733   -9.21784296038572      c
   10.31458823889874   -0.38392913062901  -10.24377055505543      c
   11.85924021999213   -1.97672509336963   -8.82187617107175      c
   11.25372082564396   -2.58966483518373   -6.36697401028932      c
    9.07160924398591   -1.58683245489109   -5.27045208757042      c
    8.08443698303959   -1.97226241529317   -2.77002296461618      c
    9.31613064455681   -3.70611219659567   -1.01688955904843      c
    8.13373044218655   -5.40489167254280    0.39276417379931      c
    3.97579022781823    0.01064020503552    3.80991242069202      h
    7.16811927658557   -0.71893571612640    2.67956420741316      h
    2.41182159004186    0.15762370527468   -0.49233973257593      h
    6.92293073374249    1.84429498434429  -10.30226414972484      h
   10.82540228259868    0.06540751711512  -12.16703166318165      h
   13.55232208673630   -2.74219447453406   -9.66631640816297      h
   12.45546161626116   -3.83713837312285   -5.28920458904302      h
   11.36172523334733   -3.61960228586559   -1.01513982732237      h
    6.10513092429936   -5.57190976443605    0.39104114794715      h
    9.15323778014264   -6.68387568406351    1.60177730323804      h
$periodic 0
$end
