           1           2   1.9078052149935480     
           2           3   1.0819515918927116     
           3           4   1.4438700612299913     
           4           5   1.3549747333215274     
           5           6   1.0831958274313305     
           6           7   1.9071103265077882     
           5           8   1.3376634334874877     
           8           9  0.95732610941847351     
           9          10   1.7624751472456817     
           9          11   1.1216352112867098     
          10          11  0.17743536217687586     
          11          12  0.95702706794965697     
           8          13   1.4041589869429159     
           3          14   1.2362550997706188     
          13          14   1.3618062367221997     
          14          15   1.2044530238192819     
           1          16  0.97795971004484483     
           1          17  0.97421840125527304     
           2          18  0.95893161672374205     
           4          19  0.96085097486074211     
           6          20  0.96201871705925079     
           7          21  0.97395871510155418     
           7          22  0.97804787323245190     
          12          23  0.98165304149019694     
          12          24  0.97658584154670858     
          12          25  0.97694740372636479     
          15          26  0.94451228133340914     
          15          27  0.94639025804373456     
