           1           2   1.9303627075453884     
           2           3   1.0524446090304123     
           3           4   1.4508084044266316     
           4           5   1.3314379499749516     
           5           6   1.1969998543835154     
           6           7   1.6136085205854744     
           6           8  0.12222686225150088     
           7           8   1.2096435479613898     
           5           9   1.2539857678138999     
           8           9   1.1646569719381528     
           9          10   1.2992211152732869     
          10          11   1.0801756526216304     
          11          12   1.9057146661440434     
           3          13   1.2686503123903081     
          10          13   1.3349549382796055     
          13          14   1.1639271726637439     
           1          15  0.97740338250999104     
           1          16  0.97387131418382156     
           2          17  0.95968984176543548     
           4          18  0.96676676785018911     
           7          19  0.96415489505819263     
           8          20  0.93938020508859066     
          11          21  0.95827613401519118     
          12          22  0.97405557354814509     
          12          23  0.97859141892501034     
          14          24  0.95073434108747201     
          14          25  0.94155490544967801     
