$coord
    3.85296115176509    2.34661855165334    1.39612970703329      c
    5.15697026529430    0.30872008227747    0.10968450437981      n
    6.50954464963536   -1.37095082310798    1.65455018520396      c
    5.87837023747698   -3.87949199412803    1.91306060967297      c
    7.25898106606744   -5.47541605841120    3.50474764492920      c
    9.26734713352731   -4.62298322933921    4.89764755524313      c
   10.63982759382925   -6.37500204173577    6.65305500036554      c
    8.70329303285018   -0.45265406337213    2.92998876655226      c
   10.03789402230489   -2.06672583141161    4.61139213708358      c
   12.14381344189858   -1.07182117178994    5.91357504729244      c
   12.95281238580746    1.34874568129904    5.51655062403894      c
   11.72556178084783    2.88411028380851    3.74499589416301      c
    9.64942829974968    1.99908557294095    2.48745455248220      c
    3.63829244849706   -0.76479044017237   -1.88572340210722      c
    4.89290379565788    2.91632163559057    3.07279257498124      h
    1.94218812496736    1.77220372986511    1.98031983580656      h
    3.68010288573634    3.96365954867285    0.12465867128311      h
    4.26835630057627   -4.65195342740987    0.92867932704221      h
    6.67287720611830   -7.42661931202025    3.66626662592015      h
    9.77732986995019   -8.23987170990499    6.61374817794920      h
   10.57516848513544   -5.67210232215247    8.58770899112134      h
   12.61570683329654   -6.56437413437111    6.10414671343532      h
   13.14386221244683   -2.25721232315508    7.23717357032201      h
   14.56899542960484    2.07334029309992    6.53297490271745      h
   12.43558245916833    4.76117833948828    3.37045972149145      h
    8.73916461754860    3.15689063722582    1.07811143902551      h
    3.18085504375316    0.73886113638117   -3.22153628815449      h
    1.85154563915230   -1.58719336240156   -1.21286381059087      h
    4.72010317832378   -2.21052447510747   -2.86977780296120      h
$periodic 0
$end
