           1           2   1.8841931270096393     
           2           3   1.1131673166130140     
           3           4   1.3458655381965325     
           4           5   1.4356317321369578     
           5           6   1.0582553320920316     
           6           7   1.7078313183170657     
           6           8   1.0731479742478507     
           7           8  0.15864299892266423     
           8           9  0.96375935261060630     
           5          10   1.1929529756626076     
           3          11   1.3326904526952859     
          10          11   1.2359414669648929     
          11          12   1.1322256449644963     
          12          13   1.8560366622041227     
           1          14  0.97905964926936451     
           1          15  0.97507096308023189     
           2          16  0.96150901961874358     
           4          17  0.96979578623402307     
           9          18  0.98221039416419187     
           9          19  0.97714897584922689     
           9          20  0.97721284966774768     
          10          21  0.93322363736612934     
          12          22  0.95963117044154111     
          13          23  0.97429298397418274     
          13          24  0.97871977990139103     
