$coord
   -1.85912958393539  -11.38351839717704  -13.68762430110789      c
   -1.80410118378751   -8.95760491234150  -13.03027400843487      c
    0.07829187386819   -7.80837537683819  -11.44869247301076      c
    0.21663223212422   -5.31369926226167  -10.76194708335512      c
    2.29731917304729   -4.71533133231035   -9.21831843691900      c
    2.88099680206689   -2.07099190035395   -8.39674946444286      c
    5.05875088493002   -0.92373024414533   -9.93998293675869      c
    4.63150093822955   -1.03590448221045  -12.79487849735819      c
    2.57704734906939    0.76145903698016  -13.73813377258417      c
    1.89146183175315    0.26701317042910  -16.50484858865860      c
    0.12942557598116   -2.00144350091201  -16.79771195420578      c
   -0.43369900013388   -2.69366873809157  -19.54479781150507      c
    1.84758420191412   -3.62734766820101  -21.05835248562048      c
    3.23851793331771   -5.88519576690000  -19.90724170629567      c
    1.56795366185264   -8.20681346364808  -19.56949896357300      c
    3.76913262666736   -6.80075761631620   -8.69247193961258      c
    5.99911948029475   -6.91422072777815   -7.14932284505241      c
    7.44301370497401   -8.95023481719892   -6.84556001440451      c
    2.57058675381499   -9.50162647136567  -10.14569288801847      s
   -3.31814386945245  -12.13476393231624  -14.88628599624281      h
   -0.43531058050028  -12.68744929847663  -13.04143439633038      h
   -3.24897897068038   -7.67026296975986  -13.69892022675320      h
   -1.15734278781838   -3.93817032693571  -11.35757206798259      h
    3.39682134242772   -2.04110265783553   -6.39752916288407      h
    1.18761607926453   -0.91737302218047   -8.62134778735770      h
    6.79044303741933   -1.95920599062653   -9.50389668054486      h
    5.32861584318699    1.03804012410818   -9.35601322455354      h
    4.15562868612627   -2.97419777846317  -13.31195618153463      h
    6.40300375358463   -0.56350367947981  -13.74613878432849      h
    3.24789060494048    2.70316929325252  -13.52738745477633      h
    0.87807372329897    0.56575837697509  -12.58658484340174      h
    3.62687461086879   -0.04387295696469  -17.57319592076211      h
    0.96114075108763    1.93348301994233  -17.29347629113323      h
   -1.66243658426827   -1.55914728154165  -15.86618571821073      h
    0.93032260634362   -3.63767229819084  -15.83737073292232      h
   -1.21278071877177   -1.03937983449913  -20.50713006480196      h
   -1.89015623567826   -4.15546055517114  -19.56354248943862      h
    3.19189590364396   -2.07958270873272  -21.29396620261115      h
    1.18637604644268   -4.15106984693369  -22.94443108537945      h
    4.05231062450126   -5.35494892824445  -18.08810971365902      h
    4.80957187383266   -6.36882560949327  -21.15841477802481      h
    0.11697460429395   -7.88069472906070  -18.15227756188346      h
    2.69619402566908   -9.81232951913311  -18.95606331929465      h
    0.65212220906893   -8.69828183257825  -21.34373411650952      h
    6.47359784422417   -5.17605749572221   -6.18190560304371      h
    7.02068373083895  -10.70294056819522   -7.79142345009610      h
    9.08645519421631   -8.92582706257859   -5.65012606939752      h
$periodic 0
$end
