$coord
    2.07501187638793    5.47244384999162    0.03692766626398      c
    1.97116502181130    2.64025270383393    0.03137928942551      c
    4.15734696607822    1.25593282797264    0.02288236008374      c
    4.11853336690101   -1.39008529725243    0.02095312112346      c
    1.89268390917676   -2.70969204141909    0.02746721278794      c
    1.91341209061049   -5.54371527722502    0.02889494712585      c
   -0.42097214078812   -1.34497022285306    0.03371435596745      c
   -2.78393148807247   -2.58337552431599    0.03776083753485      c
   -4.99934496082331   -1.25627368499409    0.04295607591552      c
   -4.96053369091820    1.38959752257678    0.04494900219916      c
   -2.70714548549793    2.65115275470838    0.04167746756481      c
   -0.38153007888362    1.34397426148608    0.03570298284333      c
    4.02770906833898    6.11253468794145    0.03157148214813      h
    1.14801187160515    6.23480255383717    1.71004112295998      h
    1.13623597790920    6.24273817343346   -1.62585810673570      h
    5.96342541782390    2.21102400543706    0.01820976639899      h
    5.89582006887995   -2.39773175108736    0.01487629820003      h
    3.84649553099910   -6.24079858674878    0.02289345981769      h
    0.95277143351420   -6.28370811874845   -1.63516496227836      h
    0.96412366831527   -6.28100205151645    1.70074409615429      h
   -2.83932023438959   -4.62141195078607    0.03627814243545      h
   -6.78885518050384   -2.23961103889250    0.04545502740868      h
   -6.72042927036231    2.42499809771987    0.04897807751466      h
   -2.70273174297107    4.68993644488485    0.04326085983157      h
$periodic 0
$end
