           1           2   1.8599047251998937     
           2           3   1.1398117855524059     
           3           4   1.5031908099871945     
           4           5   1.3018818255724920     
           5           6   1.0102286151062367     
           6           7  0.98692776752373301     
           7           8   1.0071919396833997     
           8           9   1.0057738174658213     
           9          10   1.0088916801824352     
          10          11   1.0190035428217115     
           5          12   1.4703684962461574     
          12          13   1.1441279700240812     
          13          14   1.8562971606500194     
           3          15   1.1360904379599599     
          12          15   1.1288299351376978     
           1          16  0.97842164291882083     
           1          17  0.97220174574948603     
           2          18  0.95885078831824211     
           4          19  0.96415360022309105     
           6          20  0.96850501430888358     
           6          21  0.97352930742126098     
           7          22  0.97655022371134481     
           7          23  0.97675335636728600     
           8          24  0.97701660385610145     
           8          25  0.97726598928439001     
           9          26  0.97729721763460009     
           9          27  0.97678517557477862     
          10          28  0.97839019663947679     
          10          29  0.97703331415633987     
          11          30  0.98786911291856505     
          11          31  0.98758294365391641     
          11          32  0.98806935950703623     
          13          33  0.95539771967457365     
          14          34  0.97175367434104065     
          14          35  0.97860306052414425     
