   -0.08889724
   -0.02987342
    0.00297012
   -0.03628342
   -0.06825295
    0.13880486
   -0.26722836
    0.06715584
    0.10443882
   -0.06059966
   -0.05118950
   -0.06416511
    0.08011782
   -0.32207071
   -0.00862518
   -0.02648901
   -0.08932804
   -0.04116425
    0.03526872
    0.03648232
    0.03306356
    0.03811243
    0.02927043
    0.05890678
    0.02955051
    0.03941061
    0.04052308
    0.03446796
    0.02865878
    0.04400960
    0.04227037
    0.03258304
    0.04337086
    0.03234447
    0.04633916
    0.03798048
    0.03594184
    0.04212440
