   -0.08771789
   -0.03010021
    0.00533875
   -0.04138243
   -0.06192990
    0.05588010
    0.03226182
   -0.04466117
   -0.15949823
    0.03245253
   -0.04458550
    0.00549593
   -0.03004912
   -0.08770365
   -0.04131470
   -0.06167405
    0.05596842
   -0.06777520
   -0.00339121
   -0.06062923
   -0.05717334
   -0.05784962
   -0.05289951
   -0.10173422
    0.03567838
    0.03957667
    0.03236734
    0.03233962
    0.04149625
    0.04720132
    0.04724471
    0.03234672
    0.03959553
    0.03568873
    0.03225183
    0.04118558
    0.04628173
    0.04630339
    0.03084696
    0.03160565
    0.03982380
    0.03479778
    0.02649797
    0.03007193
    0.03046076
    0.02969631
    0.03437765
    0.03286802
    0.03406699
