   -0.08963922
   -0.02989914
    0.02488719
   -0.05689823
   -0.00278766
   -0.05696545
   -0.05318556
   -0.05790344
   -0.05638005
   -0.05288293
   -0.09820006
    0.01654593
   -0.02865662
   -0.09396999
   -0.06228408
    0.04074270
    0.04147174
    0.04067613
    0.04054612
    0.03792860
    0.04012212
    0.03323092
    0.02920592
    0.03802900
    0.02717101
    0.02546891
    0.03165408
    0.02893549
    0.02752346
    0.03565785
    0.03054319
    0.02881930
    0.03968021
    0.04389640
    0.03691616
