$coord
    3.02827142005100    0.21482874341820    1.30529214175991      c
    3.67761667452873    0.32861987364552   -1.11395099030796      c
    5.36398856239426   -1.44342406431065   -2.38763348737581      c
    7.29483370087788   -2.68362875556119   -1.12755523195065      c
    8.96836947929606   -4.32816628365903   -2.35123828537478      c
   10.95376474525436   -5.55793790736996   -0.90187760621063      c
   12.70042139385649   -7.15505433039321   -1.73755728726850      c
    8.52683970518048   -4.58678063857913   -4.94032897397640      c
   10.00186298456628   -6.07214799713841   -6.37650178972538      f
    6.70858681055537   -3.47978498936153   -6.20096370330269      n
    5.12564607179422   -1.93920027034543   -5.00383287322427      c
    3.32641505908387   -0.83577514364476   -6.47688196553392      n
    1.79669096978100    1.59966517891188    2.14339914401303      h
    3.68033673661444   -1.26965680562123    2.53358661108600      h
    2.94208797450054    1.83903667962131   -2.28306586055539      h
    7.55650092807273   -2.33700573454576    0.86732967253519      h
   10.93487131794975   -5.06002846903060    1.08562132741718      h
   12.84051443656774   -7.73879178590656   -3.67787319031416      h
   14.07707332120035   -7.94178972054345   -0.46124103602962      h
    3.18761465165689   -1.53959115548707   -8.23902603858367      h
    1.72965858058613   -0.20627906653681   -5.66603688669073      h
$periodic 0
$end
