$coord
    2.06559001909866    0.78801599259063   -0.45754053040180      c
    4.51780338782944    1.09082316703253   -0.01766426747356      c
    5.76195519803661    0.91216562128064    2.42778880715620      c
    4.52114498753274    0.26579853157617    4.66285414946193      c
    5.82465298037776    0.13434570327524    6.91067379845604      c
    4.51055632054932   -0.50377528041411    9.00517061400468      f
    8.41574265306386    0.62134930435103    7.12065461716935      c
    9.65927953929283    0.44366645681876    9.56651461248778      c
   12.10573168236038    0.78131624033999   10.01265296803857      c
    9.65675576820211    1.26644840648204    4.88534606000665      c
    8.35334062966540    1.39746981792919    2.63744079791765      c
    9.66781395852816    2.03351866556702    0.54257378255581      f
    1.30965712217700    0.96260472050363   -2.33698286746464      h
    0.71966066092244    0.37183608910282    1.01017136389993      h
    5.76693482224747    1.52464242107486   -1.57695903478472      h
    2.52698591735700   -0.14569889176335    4.66534126874233      h
    8.41373202344050   -0.01721749331102   11.12196437642485      h
   13.44682947317714    1.23225769938523    8.55155105955434      h
   12.86034220443629    0.60922324757380   11.89263764217139      h
   11.65144970406642    1.67527836012631    4.88220121162936      h
$periodic 0
$end
