           1           2  0.98268359113037318     
           2           3   1.0723365238891234     
           3           4   1.3785511026461768     
           4           5   1.3740483470008804     
           5           6   1.0275810336213023     
           6           7   1.0256444374619371     
           7           8   1.3500129065457300     
           8           9   1.0223718730195346     
           8          10   1.4012302965278478     
          10          11   1.4429808534328803     
          11          12   1.4258692179912114     
           7          13   1.3823276209270288     
          10          13  0.10390456915842401     
          12          13   1.4430453811531780     
           6          14   1.1223251027839818     
          14          15   1.3286610468338069     
          15          16   1.4894806152373465     
          16          17   1.3505247093164565     
          17          18   1.1074853579561019     
          18          19   1.7197756780995901     
          19          20  0.97242772385768461     
          19          21  0.96672833578835904     
          17          22   1.3506655146201592     
          14          23   1.3277358169995921     
          22          23   1.4910232947752935     
           5          24   1.3601143785668377     
           9          24   1.0145725417184022     
          24          25   1.3798470249848764     
           3          26   1.3316174748212530     
          25          26   1.4755569788070568     
           1          27  0.97918209833239700     
           1          28  0.97628646874819236     
           1          29  0.97648197777546319     
           4          30  0.96117787905944252     
          10          31  0.96766885391824264     
          11          32  0.96940168612933064     
          12          33  0.97001968911967351     
          13          34  0.96619787289196057     
          15          35  0.96278694866400383     
          16          36  0.96838603721709515     
          18          37  0.95479126619861132     
          22          38  0.96753336947945756     
          23          39  0.96289778582730179     
          25          40  0.96691132764770715     
          26          41  0.96611792415909759     
