           1           2   1.8989285973350081     
           2           3   1.0925173612997456     
           3           4   1.3658606101029689     
           4           5   1.4524820769139357     
           5           6   1.3766960830240118     
           6           7   1.0702245975181668     
           7           8  0.98263087966832885     
           6           9   1.2792184066383558     
           9          10   1.1013847958459579     
          10          11   1.7301892079429024     
          11          12  0.97467854054415359     
          11          13  0.97025691937670566     
           3          14   1.3773374842277197     
           9          14   1.4067076118352571     
           1          15  0.97815085466429075     
           1          16  0.97291095328246446     
           2          17  0.96408633576920311     
           4          18  0.96557562871831404     
           5          19  0.96475666978252161     
           8          20  0.97907805446923057     
           8          21  0.97607706166029728     
           8          22  0.97609255278894447     
          10          23  0.94943646801324588     
          14          24  0.96367327037845985     
