           1           2   1.9365437617933321     
           2           3   1.0598864491750166     
           3           4   1.3891362575931749     
           4           5   1.4490074459787856     
           5           6   1.3813624619803688     
           6           7  0.97729740610283344     
           6           8   1.3541793039468866     
           8           9  0.97533467167537491     
           3          10   1.3378949182261877     
           8          10   1.3481433993298291     
          10          11   1.0635195963315893     
          11          12   1.7539124239406108     
          12          13  0.98521969074934723     
          12          14  0.98335962281279543     
           1          15  0.97574925302488069     
           1          16  0.97508270853778101     
           2          17  0.95605127367605647     
           4          18  0.96655490315112491     
           5          19  0.96419259461721352     
          11          20  0.94740865537637209     
