           1           2   1.9133514048572082     
           2           3   1.0792680911919279     
           3           4   1.3878927881057672     
           4           5   1.4453750076291869     
           5           6   1.4072151416702297     
           6           7  0.75455230308646215     
           7           8  0.78810752860816002     
           7           9   1.6605852652494020     
           7          10   1.6591999753329874     
           9          10  0.11305290160622766     
           4          11  0.10213513664221710     
           6          11   1.4317578591201865     
           3          12   1.3250468340319559     
          11          12   1.3848593847067792     
          12          13   1.0765010083641839     
          13          14   1.9156630776142760     
           1          15  0.97678770352274835     
           1          16  0.97170816278412386     
           2          17  0.95923111274510431     
           4          18  0.96721851109139234     
           5          19  0.96510369431424736     
           8          20  0.98178221416777633     
           8          21  0.98160199868918419     
           8          22  0.97291939932022120     
          11          23  0.95997754238956512     
          13          24  0.95501979120910208     
          14          25  0.97365670388543846     
          14          26  0.97732186799449783     
