   -0.08747923
   -0.02965563
    0.01152769
   -0.05217598
    0.01083601
   -0.02977736
   -0.08826560
   -0.06535207
    0.06373627
   -0.12305957
   -0.00155792
   -0.07717700
    0.26917645
   -0.07735812
   -0.00124211
   -0.33697747
    0.08119403
    0.08129239
   -0.33929777
   -0.06186578
    0.03331302
    0.03770370
    0.02989394
    0.03105672
    0.03213666
    0.03450034
    0.03314902
    0.03282119
    0.05164292
    0.05177098
    0.04594640
    0.04836464
    0.04498185
    0.05234260
    0.05107833
    0.04957228
    0.03296622
    0.04937763
    0.05085111
    0.03332150
    0.02668770
