           1           2   1.9065752935053932     
           2           3   1.0794577037726962     
           3           4   1.3560075343699916     
           4           5   1.4508501135987686     
           5           6   1.4460888215135295     
           6           7   1.3606658376355232     
           7           8   1.0432755439569903     
           8           9   1.3618593909845800     
           9          10   1.4519812657932181     
           8          11  0.10110426895323707     
          10          11   1.4431937743716401     
           9          12  0.10184282639663526     
          11          12   1.3674888438369377     
          12          13   1.0270604653419153     
          13          14   1.3669828130450743     
          14          15   1.4413434143484745     
          13          16  0.10159646378948493     
          15          16   1.4553359601606242     
          14          17  0.10006848000089789     
          16          17   1.3554941088032075     
          17          18   1.0787458782665571     
          18          19   1.9069581857843005     
          13          20   1.4117476177613704     
          17          20   1.3885310894440497     
           8          21   1.3977041069391138     
          12          21   1.4089901078517437     
           3          22   1.3879217798413070     
           7          22   1.4020844062823072     
           1          23  0.97759187081205723     
           1          24  0.97248893654312474     
           2          25  0.96327917372405059     
           4          26  0.96618295869252069     
           5          27  0.96935077735920538     
           6          28  0.96459013845434627     
           9          29  0.96552057171929506     
          10          30  0.96915747877915681     
          11          31  0.96817892731708721     
          14          32  0.96824182529166325     
          15          33  0.96952049948980901     
          16          34  0.96613586527171047     
          18          35  0.96256087108819655     
          19          36  0.97243772076929202     
          19          37  0.97743905005442766     
