           1           2   1.9131795326965499     
           2           3   1.0764790349565549     
           3           4   1.3626298570071014     
           4           5   1.4431600554738053     
           3           6  0.10214844585966837     
           5           6   1.4524023314994767     
           4           7  0.10224428199024424     
           6           7   1.3528515648245580     
           7           8   1.0660726248455894     
           8           9   1.9276514481678144     
           3          10   1.3516564629703700     
           7          10   1.3687562910009721     
          10          11  0.96071268686073019     
          11          12   1.7876836828250571     
          11          13   1.1109595113857615     
          12          13  0.16433112297980126     
           1          14  0.97587538836340537     
           1          15  0.96992259802853376     
           2          16  0.95990526195697190     
           4          17  0.96104506185944050     
           6          18  0.96102560638481016     
           8          19  0.95693788427403415     
           9          20  0.96812643689952660     
           9          21  0.97615287360609826     
          13          22  0.87614668449863653     
