$coord
       -3.81868833235436       -5.17815082864588        3.52274806758053      c
       -2.93416978038222       -4.73450029690289        1.22773553231534      c
       -2.21300740217027       -2.17145396343594        0.37337888916904      c
       -4.20526954460163       -0.47474279757631        0.09609713567296      c
       -3.78930818558029        1.98651563006988       -0.66638345279669      c
       -6.31663039974218        4.02119410557101       -1.05180118256623      cl
       -1.35867204340368        2.82943667437895       -1.10873355343249      c
        0.66815430947315        1.19596358017284       -0.78028330578703      c
        3.21178930760466        2.17622202219760       -1.23298159663190      c
        5.25610355755498        1.71000443680092        0.12688040367257      c
        5.44534443525571        0.37482480752916        2.22971230728772      f
        7.51492337984552        2.68114234280239       -0.42706191871489      f
        0.26480334670612       -1.34986724871534       -0.09097467163122      c
        2.41268268328593       -2.73087858979441        0.12189556253296      o
        2.42747097500680       -5.39099536119749       -0.10530191254331      c
        1.89982375609994       -6.25033507766000       -2.80541452498154      c
       -4.42744850497787       -7.03156600446274        4.10031112701463      h
       -3.92770508734502       -3.70318799706611        4.92177379046032      h
       -2.86343415196516       -6.23592481937300       -0.16139715099947      h
       -6.10220558563682       -1.12122034622954        0.47088601713367      h
       -1.02318938266927        4.75773471690513       -1.67601137088128      h
        3.44710592432738        3.45808596023300       -2.80357330562705      h
        1.10073933144759       -6.25338375577403        1.22746794204086      h
        4.34836375337113       -5.92006130149597        0.44307699382050      h
        0.04168343377247       -5.62358490292945       -3.42315526221268      h
        1.98624264198428       -8.29894694800319       -2.91294569623915      h
        3.30153352005600       -5.45610245968760       -4.08074623502504      h
$end
