           1           2   1.9406763817399897     
           2           3   1.0476809974711581     
           3           4   1.3955609069995298     
           4           5   1.3986121679074845     
           5           6  0.97104751009865187     
           5           7   1.4075688080105373     
           7           8   1.3883154303712286     
           8           9   1.0678808945671387     
           9          10   1.7545365095076577     
          10          11  0.98919028963538680     
          10          12  0.97233572839598170     
           3          13   1.3264834431651615     
           8          13   1.3173335960924932     
          13          14   1.0684857941756649     
          14          15  0.94915659130054642     
          15          16   1.0136197505299307     
           1          17  0.97687542799024041     
           1          18  0.97499722716768500     
           2          19  0.95313571004215492     
           4          20  0.96453861633744642     
           7          21  0.96486686781287567     
           9          22  0.94946816781211985     
          15          23  0.96211977800676740     
          15          24  0.96949842979594880     
          16          25  0.98389136084351558     
          16          26  0.98379338895528745     
          16          27  0.98426888735793627     
