           1           2   1.8946872538923387     
           2           3   1.0962658484464078     
           3           4   1.3306973770246804     
           4           5   1.4986182013085654     
           5           6   1.3493552663254869     
           6           7   1.2484233709682573     
           3           8   1.3976251976808347     
           7           8   1.3742338062286923     
           7           9   1.1527229642360455     
           9          10   1.1523296666876288     
          10          11   1.3774438071849942     
          11          12   1.3970488074318674     
          12          13   1.0950948889832783     
          13          14   1.8959046328257250     
          12          15   1.3324512773766632     
          15          16   1.4944556620221845     
           6          17   1.1610761549663613     
          10          17   1.2459758698935612     
          16          17   1.3523241574236295     
           1          18  0.97848860481567612     
           1          19  0.97267714917922987     
           2          20  0.96459255815180667     
           4          21  0.96591953486187376     
           5          22  0.96891178038265136     
           8          23  0.96613037556895909     
           9          24  0.94650355716645185     
          11          25  0.96366427559429657     
          13          26  0.96421151594497179     
          14          27  0.97345843014671218     
          14          28  0.97853516909710847     
          15          29  0.96895343652810151     
          16          30  0.96889877875468244     
