           1           2   1.9024393579562604     
           2           3   1.0888893892523579     
           3           4   1.2676068070507061     
           4           5   1.5713222596378036     
           5           6   1.2769383800008274     
           6           7   1.2766772242786333     
           7           8   1.5717362831491097     
           8           9   1.2672592971412382     
           9          10   1.0898372730206876     
          10          11   1.9013985640923587     
           7          12  0.10676968482334119     
           9          12   1.4806092783479998     
           6          13   1.2391427976097886     
          12          13   1.2909820116453294     
           3          14   1.4810136893924699     
           5          14  0.10685635552258892     
          13          14   1.2908039453882156     
           1          15  0.97831200142260621     
           1          16  0.97341324061537660     
           2          17  0.96404123654147156     
           4          18  0.96854744599804865     
           5          19  0.96801070769725106     
           7          20  0.96801746989366810     
           8          21  0.96847749498481528     
          10          22  0.96414225665481568     
          11          23  0.97334209348545642     
          11          24  0.97833092555347201     
          12          25  0.96353693252808270     
          14          26  0.96361716089504856     
