           1           2   1.9260238658838333     
           2           3   1.0646391636639856     
           3           4   1.5204587828656166     
           4           5   1.2583624469460528     
           5           6   1.3756974930487100     
           6           7   1.4321948473770387     
           6           8  0.17006073732847232     
           7           8   1.4320214806237994     
           5           9   1.1540801971608021     
           8           9   1.3758366153041701     
           4          10  0.10139424843355706     
           9          10   1.2581958048176003     
           3          11   1.2058424868345574     
          10          11   1.5208630233289742     
          11          12   1.0640975911163983     
          12          13   1.9265440754700265     
           1          14  0.97681656205757705     
           1          15  0.97520798793271835     
           2          16  0.95907551621823939     
           4          17  0.96493714278831655     
          10          18  0.96494902248809566     
          12          19  0.95902504158885882     
          13          20  0.97526033129629841     
          13          21  0.97680538785091886     
