           1           2   1.8965795772030090     
           2           3   1.0942954713090594     
           3           4   1.3573727776448430     
           4           5   1.4787506609325083     
           5           6   1.3689632376538610     
           6           7   1.0783753089066765     
           7           8   1.9165990439811822     
           6           9   1.3367276668700601     
           9          10  0.97451542452550832     
          10          11   1.7885622121514697     
          10          12   1.0995005093759973     
          11          12  0.16249565309842914     
           3          13   1.3748350812067514     
           9          13   1.4208729952559651     
           1          14  0.97779942815087129     
           1          15  0.97244094549034843     
           2          16  0.96414018186006689     
           4          17  0.96468889919188172     
           5          18  0.96779489192680623     
           7          19  0.95822460512991625     
           8          20  0.97232207298479501     
           8          21  0.97634445170012163     
          12          22  0.87537174586872868     
          13          23  0.96438142478330025     
