           1           2   1.8954128438713083     
           2           3   1.0946314667120463     
           3           4   1.3635365249733851     
           4           5   1.4251598014685034     
           5           6   1.0865917717914084     
           6           7   1.9058642517496520     
           5           8   1.2668659759245782     
           8           9   1.0982120967838382     
           9          10  0.97023598524773580     
           8          11   1.3383424138734981     
          11          12  0.95562294858814700     
           3          13   1.3295738907734589     
          11          13   1.3553453030284159     
          13          14  0.97398988996554015     
           1          15  0.97764355684410253     
           1          16  0.97242104519404771     
           2          17  0.96328520268847029     
           4          18  0.95750069379287528     
           6          19  0.95936164255095213     
           7          20  0.97267390036677281     
           7          21  0.97742890406509697     
          10          22  0.97970634732467954     
          10          23  0.97751477773626028     
          10          24  0.97714567592592749     
