           1           2   1.9301155369101914     
           2           3   1.0609910680194963     
           3           4   1.5080436041961005     
           4           5   1.2803000773302267     
           5           6   1.0737077490865039     
           6           7   1.7420350718095525     
           7           8  0.99542127361584576     
           7           9  0.97404150458255623     
           5          10   1.4314409111309145     
          10          11  0.96488721506913600     
          10          12   1.2506206499577306     
          12          13   1.2808835985835496     
          13          14   1.5512497288383333     
          14          15   1.3273426014051726     
          13          16  0.11698082459768082     
          15          16   1.5449271444847048     
           3          17   1.2248490007706396     
          12          17   1.2506810733442779     
          16          17   1.2955061268536621     
           1          18  0.97680886762658647     
           1          19  0.97438793134085355     
           2          20  0.95773270220402429     
           4          21  0.96690488244987549     
           6          22  0.95208006144917334     
          13          23  0.96699040569333683     
          14          24  0.97033102675597582     
          15          25  0.97058483632398651     
          16          26  0.96370900315568642     
