$coord
    7.12721207009892   -1.26038145164896    2.64590563395202      c
    7.23504273548981   -3.94051426223774    1.60528663776041      c
    8.54804138535675   -4.03967548561290   -0.74570812557514      o
    7.20287798888263   -3.44318470137280   -2.82415516204404      c
    4.99072585576979   -2.88562281267999   -2.77483590249583      o
    8.73223757580818   -3.57673590284745   -5.11802730225324      c
    7.83128168763830   -3.03655480799515   -7.60580814158432      c
    9.82096507061998   -3.37748192399324   -9.18693779336327      c
   10.07720623169148   -3.10907713411179  -11.97018748390077      c
   11.88815722898478   -4.09247282467021   -7.83775589530308      o
   11.23905425102386   -4.21393801869855   -5.38818404161669      c
   13.20156388360439   -4.96015533197996   -3.53026514425097      c
    6.22843131521654   -1.27237372249043    4.49138967480692      h
    6.03562494576616   -0.06540987907213    1.38040083254249      h
    9.02378252176750   -0.48885953158997    2.82438181481917      h
    5.31837818920045   -4.67383511141966    1.33617498514553      h
    8.29518159999394   -5.18584976688730    2.86482811135879      h
    5.94771960185161   -2.47696057161811   -8.07976144871142      h
    8.28379974497901   -2.51522258282865  -12.76935727182309      h
   10.63598530591053   -4.89984122731745  -12.81826946167424      h
   11.51862986158605   -1.71276573116328  -12.42848341155602      h
   14.94480062337525   -5.40557967824801   -4.52274354908596      h
   12.57840102397315   -6.59732153152189   -2.45221109983006      h
   13.54183508243362   -3.43087048261143   -2.19562462769526      h
$periodic 0
$end
