   -0.19259170
    0.31357244
   -0.18438856
   -0.08229537
    0.02375037
   -0.05049875
    0.06860613
   -0.04392145
    0.04647151
   -0.01613237
   -0.03249199
   -0.03996097
   -0.03219564
   -0.04996219
    0.04622887
   -0.01599567
   -0.03250866
   -0.04047183
   -0.03338116
   -0.05130642
   -0.04225659
   -0.02729844
   -0.03912164
    0.08130304
    0.05965344
    0.03172571
    0.02929072
    0.03128527
    0.02875819
    0.03192273
    0.02874329
    0.02931036
    0.02628409
    0.04678929
    0.04200147
    0.04108248
