   -0.08952528
   -0.02994658
    0.02343894
   -0.05518348
   -0.00270938
   -0.05496036
   -0.05475106
   -0.05587924
   -0.05904295
   -0.05748065
   -0.05573352
   -0.05645925
   -0.05679672
   -0.05788020
   -0.05860635
   -0.05263741
   -0.10146233
    0.01671364
   -0.03115221
   -0.08920360
   -0.04684644
    0.04051515
    0.03954463
    0.04019704
    0.03269903
    0.03929222
    0.03412859
    0.02784140
    0.03775851
    0.02795265
    0.02807129
    0.03666799
    0.02514595
    0.02398584
    0.03099994
    0.02745074
    0.02839163
    0.02894103
    0.02885127
    0.02803324
    0.02975221
    0.02610050
    0.03047478
    0.03284600
    0.02904166
    0.02697979
    0.02705720
    0.03272350
    0.03151140
    0.03244229
    0.03949780
    0.04441479
    0.03679440
