           1           2   1.8559366752910791     
           2           3   1.1375309234082489     
           3           4   1.4978661161798101     
           4           5   1.3024369328066792     
           5           6   1.0118687352192874     
           6           7  0.98952887420938584     
           7           8   1.0084649750200838     
           8           9   1.0067370427825733     
           9          10   1.0081273575103262     
          10          11   1.0062299877745053     
          11          12   1.0078430086605124     
          12          13   1.0069075081532057     
          13          14   1.0068852742799828     
          14          15   1.0081446459691217     
          15          16   1.0076254584894406     
          16          17   1.0190970596517797     
           5          18   1.4661112421013252     
          18          19   1.1403991900342048     
          19          20   1.8585566681339258     
           3          21   1.1395703875502132     
          18          21   1.1330184749894512     
           1          22  0.97816107682586706     
           1          23  0.97549685280271492     
           2          24  0.96453163782607043     
           4          25  0.96102686932434112     
           6          26  0.97458076672487182     
           6          27  0.96441475502441365     
           7          28  0.97713537050739230     
           7          29  0.97115991992280248     
           8          30  0.97721472203665305     
           8          31  0.97675569087009406     
           9          32  0.96771650395884190     
           9          33  0.97717745580504189     
          10          34  0.97874801994634530     
          10          35  0.96970632474481666     
          11          36  0.97485424501703921     
          11          37  0.97691656809767879     
          12          38  0.97660837601387251     
          12          39  0.97555970413405313     
          13          40  0.97744446738467128     
          13          41  0.97704206882128219     
          14          42  0.97695395544450303     
          14          43  0.97613779242906862     
          15          44  0.97557379525021748     
          15          45  0.97738330258477402     
          16          46  0.97855478556504083     
          16          47  0.97875947604285363     
          17          48  0.98805047523201606     
          17          49  0.98763216163086054     
          17          50  0.98804388125677356     
          19          51  0.95523172608725504     
          20          52  0.97181173718506286     
          20          53  0.97864056482719897     
