$coord
       -2.39195107183293       -8.52406767647394       -0.43409875678644      c
       -0.36992811368016       -7.04337598734626       -0.33104750310771      c
       -0.34754820974824       -4.30012907687106       -0.04455384092510      c
       -2.55195274318306       -2.86254348818300        0.07435791958233      c
       -2.46944301579151       -0.24427626930875        0.34895739417374      c
       -4.72355362706046        1.32841511848629        0.48344863149446      c
       -7.12478091815344        0.63174635687080        0.36615323474065      c
       -8.05513628356143       -1.68188090088242        0.09470343932883      f
       -9.03488518624494        2.26187172660968        0.50942694578248      f
       -0.12684907351311        0.95566376203532        0.50518551134118      c
        2.08494080040747       -0.45074424076297        0.38654664483873      c
        4.61629092434443        0.75476747813325        0.54304881289292      c
        6.58113989502399       -0.40128765297599        0.48157282853773      o
        4.47198098442265        3.27378669908635        0.73865940497646      o
        6.80393128757409        4.61555797787555        0.92942760114650      c
        7.79071478956856        4.63533938690599        3.63095032835857      c
        1.97077699339630       -3.06046192036887        0.11423147706831      c
       -2.20980862292509      -10.53821086359296       -0.65089495375492      h
       -4.29487076465725       -7.81537876105963       -0.31188377723475      h
        1.48893600652495       -7.88807897924879       -0.46219372297147      h
       -4.34992849533266       -3.80454552597156       -0.05286505980273      h
       -4.41552907285882        3.33451302817583        0.70549413275745      h
       -0.01859280805972        2.97979384222735        0.71685870444276      h
        6.37617335012878        6.52646212653410        0.27771558838307      h
        8.18925013294491        3.73312924885379       -0.32931988084374      h
        6.38643822826581        5.43946499520493        4.89756264845683      h
        9.50593366544544        5.75841359782602        3.72814548764850      h
        8.21556285241026        2.71796794455090        4.23425979067331      h
        3.72187051320934       -4.10547724398497        0.02867181167397      h
$end
