           1           2   1.9085411744257752     
           2           3   1.0770815533041538     
           3           4   1.3615947305529819     
           4           5   1.4176421112159412     
           5           6  0.99647649943520755     
           6           7   1.0038701449009844     
           5           8   1.4220760478533021     
           8           9   1.3561394694307316     
           9          10   1.0792294419036328     
          10          11   1.9044986109838120     
           3          12   1.3902002449476214     
           9          12   1.3910254447968979     
           1          13  0.97743343914063940     
           1          14  0.97241390753540058     
           2          15  0.96298941652771231     
           4          16  0.96449959668349416     
           6          17  0.96180052037556230     
           6          18  0.95379554299698754     
           7          19  0.90196640841694198     
           8          20  0.96504604968255392     
          10          21  0.96600990678705134     
          11          22  0.97242409358965864     
          11          23  0.97815300465723576     
