$coord
       -8.95813076704743        0.63599684033723       -0.05141955656137      c
       -7.14400397260159       -1.06674339600932       -0.37754017382995      c
       -4.43516461590209       -0.66433454315728       -0.10191258539267      c
       -2.80564592137400       -2.72996750376045       -0.28517706022812      c
       -0.23275417746279       -2.42962701714284       -0.02551492858686      c
        0.82051002507698       -0.05313149155359        0.41705655221082      c
        3.53541208081381        0.27440014315080        0.73750013762574      c
        5.34889926158327       -1.21020098649848       -0.13865415274110      c
        5.11053297037852       -3.27623419695729       -1.54570074800615      f
        7.79930292116613       -0.77966145874758        0.26384538315655      f
       -0.79152757323682        2.05065030577591        0.59248884914712      c
        0.23729676934079        4.65827381151833        1.01449759327804      c
       -3.36898620736078        1.70739875113638        0.33184502076080      c
      -10.91871206939682        0.15068522153817       -0.29539049204717      h
       -8.58147034466518        2.56311675876880        0.47933475264909      h
       -7.66619004242875       -2.97974748504336       -0.88843739363764      h
       -3.57403521317271       -4.59117834926028       -0.62216282797933      h
        0.97617418244687       -4.06535544436824       -0.14103683830680      h
        4.17785154015007        1.89804626524785        1.79359049295444      h
        1.08503803134117        4.81522566126418        2.88553553361094      h
       -1.26568797611625        6.05177520145469        0.87659881435994      h
        1.67560130614844        5.11327010799502       -0.38366107765012      h
       -4.58475928855063        3.34024176344482        0.45272201759566      h
$end
