           1           2   1.8959752646670882     
           2           3   1.0951720340927178     
           3           4   1.3645570201534636     
           4           5   1.4712828337507593     
           5           6   1.3726935442266228     
           6           7   1.0894980454364467     
           7           8   1.7356696901535924     
           8           9  0.97807530933274034     
           8          10  0.96959853270598251     
           6          11   1.3315944083122986     
          11          12   1.0263979396549450     
           3          13   1.3663238592186739     
          11          13   1.4511190575774042     
           1          14  0.97811441774579722     
           1          15  0.97255901107312293     
           2          16  0.96416530883511364     
           4          17  0.96795188294776957     
           5          18  0.96791669054339036     
           7          19  0.95001040648437718     
          12          20  0.96765446885821760     
          12          21  0.98377722706420623     
          12          22  0.97401544089078729     
          13          23  0.96226302396997865     
