           1           2   1.8549756009557412     
           2           3   1.1438477993567255     
           3           4   1.4860693670652982     
           4           5   1.3438991092058710     
           5           6   1.4636736768934888     
           6           7   1.1718703989277666     
           7           8   1.4606575826347052     
           8           9   1.3512694483048948     
           9          10   1.4653970705987005     
          10          11   1.1742688998130895     
          11          12   1.4731736735283198     
          12          13   1.3400497492123553     
          13          14   1.4905970841738783     
          14          15   1.1441890700560862     
          15          16   1.8546639711993005     
          11          17   1.1254604936656456     
          14          17   1.1302709884613453     
           7          18   1.1314156103361883     
          10          18   1.1237164460594093     
           3          19   1.1351310300085418     
           6          19   1.1377339057675488     
           1          20  0.97827693310516650     
           1          21  0.97179712545600017     
           2          22  0.95833638220731276     
           4          23  0.96445177877956501     
           5          24  0.96382932800286025     
           8          25  0.96331973086573419     
           9          26  0.96119006040002331     
          12          27  0.96139073058131486     
          13          28  0.96437112502105027     
          15          29  0.95822711261868632     
          16          30  0.97181851633691940     
          16          31  0.97827081423803219     
