$coord
   -3.69830178246601   -2.76716400627209   -0.00027280371739      c
   -1.24995735055707   -1.33631744697278   -0.00194555228020      c
   -1.03077402571499    1.29826222092252   -0.00283052740117      c
   -3.21607041169175    3.10518426415386   -0.00241431421064      c
    1.20776102065892    2.44094314448472   -0.00425007756874      n
    3.29903116068069    1.09293167227955   -0.00493399465957      c
    3.30108867257119   -1.52618794831588   -0.00423909643321      c
    0.98415747249747   -2.73019349961812   -0.00270325898246      c
   -5.33886771975801   -1.53964843148691    0.00068643812278      h
   -3.79527852083949   -3.97718085605708    1.66319070053844      h
   -3.79742575050849   -3.97742575964696   -1.66343168689168      h
   -5.03862557510830    2.17067828460934   -0.00021077835213      h
   -3.08493821316855    4.31474225609998   -1.66045042284435      h
   -3.08219492176276    4.31729639955138    1.65352696262151      h
    5.04141261838069    2.16484917468374   -0.00603850442663      h
    5.04535785987179   -2.58200647310114   -0.00486021180510      h
    0.88388137020169   -4.77223589964913   -0.00209759594648      h
$periodic 0
$end
