           1           2   1.8566500507934123     
           2           3   1.1377212321644865     
           3           4   1.4961559672297549     
           4           5   1.3353323996862918     
           5           6   1.4939439181761143     
           6           7   1.1406283133354045     
           7           8   1.8600012494119096     
           3           9   1.1417206740925723     
           6           9   1.1418640554192876     
           1          10  0.97798727376207051     
           1          11  0.97539950975124423     
           2          12  0.96440956881280926     
           4          13  0.96309404567778556     
           5          14  0.96498176987992246     
           7          15  0.95860770977788845     
           8          16  0.97215504607345293     
           8          17  0.97834452549188888     
