           1           2   1.8962016571051674     
           2           3   1.0948078718306162     
           3           4   1.3561010338053410     
           4           5   1.4812923877326987     
           5           6   1.3668333252601801     
           6           7   1.0726153990481433     
           7           8   1.9188318896222170     
           6           9   1.3537672232770885     
           9          10   1.0259106133161400     
           3          11   1.3798303150379669     
           9          11   1.4325707148339468     
           1          12  0.97851091154039094     
           1          13  0.97306203319357942     
           2          14  0.96455190139411240     
           4          15  0.96560547834033572     
           5          16  0.96915204062681171     
           7          17  0.96017402217048131     
           8          18  0.97464692597975899     
           8          19  0.97789609541970735     
          10          20  0.97790872837114828     
          10          21  0.98110841522537018     
          10          22  0.96702924772467758     
          11          23  0.96604098250754944     
