           1           2  0.97755422056138219     
           2           3  0.98189159009782090     
           2           4   1.7230944156769534     
           4           5   1.1013384943197448     
           5           6   1.3618690375103828     
           6           7   1.4735615748707307     
           7           8   1.3652474776752617     
           8           9   1.0551246893865778     
           9          10   1.2060997167678094     
          10          11   1.5763659656447018     
          11          12   1.2779496011352593     
           9          13   1.1739175319055704     
          10          13  0.11243219136652940     
          12          13   1.6007138118482400     
           8          14   1.3676000436386797     
           5          15   1.3645748388619217     
          14          15   1.4714688426626392     
           4          16  0.95401989893343342     
           6          17  0.96757613006864107     
           7          18  0.96633185892246343     
          10          19  0.96359843205729778     
          12          20  0.97089030844929680     
          13          21  0.96922794920952271     
          14          22  0.96601861136651657     
          15          23  0.96638428468394078     
