$coord
    5.73103237692245    0.79780947242671    0.00035683130869      c
    2.98162494016465    0.11400043051410   -0.00170263587391      c
    2.19019897971773   -2.38324652109258    0.00304221874629      c
   -0.35891248283697   -2.95703951900722    0.00290158728614      c
   -2.19175296299199   -1.07973065673864   -0.00216082657667      c
   -4.93471699714743   -1.80386424293317   -0.00008552780071      c
   -1.41497785491512    1.44209173074919   -0.00833880828518      c
   -3.24353722893857    3.61333664452349   -0.01574284875625      c
    1.15059607406328    1.99047101476546   -0.00783392366419      c
    6.90659069090053   -0.88700406642997    0.00306267014756      h
    6.19079982184909    1.92176189353607    1.66297363970553      h
    6.19448014737911    1.91921130947072   -1.66289919647994      h
    3.56825789844677   -3.89049218803832    0.00712201944610      h
   -0.93781758140159   -4.91643682532653    0.00701731630172      h
   -5.13227649488856   -3.84917909674246    0.00461560265094      h
   -5.88987736969061   -1.06879663408634   -1.66944470458141      h
   -5.88865111212642   -1.06130528803789    1.66673003308978      h
   -5.19523267537022    2.98842879776476   -0.01354147128158      h
   -2.93712553398024    4.78414110310556   -1.68180595243587      h
   -2.93708283274791    4.79591276115499    1.64193401351745      h
    1.73813777712201    3.94848709506907   -0.01216701962650      h
$periodic 0
$end
