           1           2   1.0233189434855119     
           2           3   1.4108038204778441     
           3           4   1.4426626751364091     
           2           5  0.10265362117444565     
           4           5   1.4171255189408929     
           5           6   1.0232675702863858     
           3           7  0.10549953635331057     
           5           7   1.3810877052721420     
           7           8   1.0223875523276122     
           2           9   1.4136828403630353     
           4           9  0.10772938882282283     
           7           9   1.4246316226773603     
           1          10  0.98625706654274670     
           1          11  0.97411204529093443     
           1          12  0.97416668241198601     
           3          13  0.96926383838006502     
           4          14  0.96867013546217151     
           6          15  0.98487405166738218     
           6          16  0.97313368953468915     
           6          17  0.97311446645212041     
           8          18  0.98345192475713306     
           8          19  0.97401059180734784     
           8          20  0.97405322373298153     
           9          21  0.96886625021858930     
