           1           2   1.9540734314097583     
           2           3   1.0388444313686462     
           3           4   1.3941199236597384     
           4           5   1.4307329265068314     
           5           6   1.0138031518792030     
           6           7  0.98876081401004923     
           7           8   1.0075909983011528     
           8           9   1.0063354996920921     
           9          10   1.0077353307297965     
          10          11   1.0200606427968877     
           5          12   1.3449214684585991     
          12          13   1.0754454587250111     
          13          14   1.9162399975796165     
          12          15   1.3863053585269944     
           3          16   1.3589384310687604     
          15          16   1.4294139287693151     
          16          17   1.0109202128733275     
          17          18  0.98873413110578012     
          18          19   1.0055202801702185     
          19          20   1.0087608800580807     
          20          21   1.0070026806306176     
          21          22   1.0199967992429659     
           1          23  0.97710210815342613     
           1          24  0.97525585461973174     
           2          25  0.95671117783427573     
           4          26  0.96702688433446959     
           6          27  0.96323285149900761     
           6          28  0.97513197155994635     
           7          29  0.97627950665467911     
           7          30  0.97448725902844802     
           8          31  0.97680568109386012     
           8          32  0.97541614262845244     
           9          33  0.97768261500652742     
           9          34  0.97725018438943823     
          10          35  0.97653367968612670     
          10          36  0.97851002878883064     
          11          37  0.98606296653421288     
          11          38  0.98763606741822463     
          11          39  0.98773513928227785     
          13          40  0.95652799327253879     
          14          41  0.97484350996642222     
          14          42  0.97850090591361150     
          15          43  0.96433534910791130     
          17          44  0.96838223045077310     
          17          45  0.97237170357840130     
          18          46  0.97771569681753334     
          18          47  0.97688134474359667     
          19          48  0.97584193341713443     
          19          49  0.97605913705411096     
          20          50  0.97609063187612199     
          20          51  0.97705886871217140     
          21          52  0.97874438102189676     
          21          53  0.97817508008928944     
          22          54  0.98771496547188653     
          22          55  0.98767507237529861     
          22          56  0.98669546833220034     
