   -0.08999594
   -0.02988652
    0.02461908
   -0.05834892
   -0.00851053
   -0.05561800
   -0.05580107
   -0.05868106
   -0.05691524
   -0.05730833
   -0.05749931
   -0.05153316
   -0.10094022
    0.01279672
   -0.03192095
   -0.08889649
   -0.05406275
    0.04080809
    0.03989120
    0.04157025
    0.03896716
    0.03964885
    0.04119448
    0.03271835
    0.03244578
    0.03313611
    0.02853466
    0.02661559
    0.03287305
    0.02625799
    0.03200038
    0.02812949
    0.02830992
    0.03161641
    0.02549408
    0.03502285
    0.02979445
    0.03226548
    0.03754278
    0.04576530
    0.03789999
