           1           2   1.9191912923258416     
           2           3   1.0727908488241604     
           3           4   1.4384326365874525     
           4           5   1.3383202648938912     
           5           6   1.1950705842971221     
           6           7   1.6155714982680771     
           6           8  0.12247683572113861     
           7           8   1.2087144225207214     
           5           9   1.2513330142667001     
           8           9   1.1646213071837790     
           9          10   1.3006469806333321     
          10          11   1.0787493657225082     
          11          12   1.9068549001288795     
           3          13   1.2659374525354679     
          10          13   1.3362951704309001     
          13          14   1.1626670976527211     
           1          15  0.97835882920979877     
           1          16  0.97505077396169060     
           2          17  0.95253616181853396     
           4          18  0.96491670862174950     
           7          19  0.96412637734422313     
           8          20  0.93961305190332578     
          11          21  0.95812770214098175     
          12          22  0.97424529236482504     
          12          23  0.97859064710364463     
          14          24  0.95066102954114440     
          14          25  0.94382803072584109     
