           1           2   1.8982497572375823     
           2           3   1.0934611479250225     
           3           4   1.3577020617827795     
           4           5   1.4816193894068088     
           5           6   1.3676853302063727     
           6           7   1.0600652111164517     
           7           8   1.9371998669153998     
           6           9   1.3592083518135041     
           9          10  0.94991911510996874     
          10          11  0.94869538092965855     
          10          12  0.94514785048658856     
          10          13  0.93571422060226095     
           3          14   1.3788567953200221     
           9          14   1.4298554703730992     
           1          15  0.97751199090345864     
           1          16  0.97224938338706302     
           2          17  0.96361484498196093     
           4          18  0.96393840303520495     
           5          19  0.96800965215783441     
           7          20  0.95499193795431536     
           8          21  0.97407513017374581     
           8          22  0.97602195583255180     
          14          23  0.96393994352558887     
