           1           2   1.9364033276710211     
           2           3   1.0572869386173329     
           3           4   1.3714608834036959     
           4           5   1.4576633382042541     
           5           6   1.4180555247130493     
           6           7   1.3889453340531404     
           7           8   1.0557060094560282     
           8           9  0.98788484268182009     
           3          10   1.3695219732702957     
           7          10   1.3045946427096651     
          10          11   1.0593496700539384     
          11          12   1.9355273606211842     
           1          13  0.97724651048030109     
           1          14  0.97562172263638214     
           2          15  0.95951013994380785     
           4          16  0.96941423272544325     
           5          17  0.97066231978202810     
           6          18  0.96549989455746621     
           9          19  0.97953656661654542     
           9          20  0.97637452184762363     
           9          21  0.97622622997699304     
          11          22  0.95654317129404187     
          12          23  0.97590329024445754     
          12          24  0.97747545918758882     
