$coord
    4.66719173812827    0.10059109093958    0.09768533008145      c
    1.83539704590822    0.04734731863973    0.10421488756178      c
    0.46847462805354    1.01611109147350    2.12420206832763      c
   -2.14350448672235    0.99002351987975    2.11482295605774      c
   -3.46572252956952   -0.00142610760844    0.07115645413525      c
   -6.25206105234428   -0.00400809754934    0.00293318810337      c
   -7.45462321611502    1.15136182453010   -2.02768668284004      c
  -10.06245603802088    1.26379010721016   -2.24277430717897      c
  -11.22012222919608    2.52609812709635   -4.50247484215187      c
  -11.52518460670919    0.14413072144528   -0.35118398032918      c
  -14.31150320119782    0.15423171950360   -0.41171602088620      c
  -15.63911839660321   -2.11044274395745   -0.26668072575784      c
  -18.25062230581399   -2.13006895127964   -0.28762563275417      c
  -19.61320517025914    0.10830481506696   -0.43207503612832      c
  -22.44479275047888    0.09226744108453   -0.49126711737138      c
  -18.28526620100799    2.37087096506644   -0.55400573940499      c
  -15.67472424548554    2.39864442864778   -0.54829769984215      c
  -10.32164650431341   -1.06452840511322    1.64796356204041      c
   -7.71422038885118   -1.15429585424424    1.87641822756537      c
   -6.55316360813105   -2.51324629141040    4.07749596819652      c
   -2.09807422092943   -0.95127631907808   -1.96476429842674      c
    0.51203217949999   -0.93512322303560   -1.94058799021575      c
    5.40511188032497    0.23336139955592    2.01106979245352      h
    5.33934752934261    1.73519479694565   -0.96307786102821      h
    5.42830052771703   -1.58763324682774   -0.79599102786981      h
    1.46265606399270    1.80236209889780    3.72681388873478      h
   -3.17251594831794    1.77641552113622    3.69226913258133      h
   -6.30233449558942    2.01191713441501   -3.48042802676216      h
  -10.01787919227484    2.27465945980367   -6.15189397225183      h
  -11.41639843684921    4.55080853393365   -4.17358067102229      h
  -13.08284433142378    1.75912480192182   -4.90815307686244      h
  -14.60649993308150   -3.86967821688784   -0.16322760535491      h
  -19.24742382345028   -3.91072085669051   -0.18646837479780      h
  -23.18742087817034   -1.64533079115554    0.31652480725526      h
  -23.11086719016939    0.22993852933029   -2.43714255664272      h
  -23.20708928633021    1.69239450076687    0.55109294147279      h
  -19.31374445323848    4.13374791547126   -0.65060285470720      h
  -14.67750986464278    4.17836076311595   -0.61117653206727      h
  -11.47354036161971   -1.94740249580768    3.08751827670545      h
   -7.73852618504913   -4.09585441205017    4.64292334511809      h
   -6.38277956109684   -1.24885096247327    5.69559239098946      h
   -4.67818022871919   -3.21348711635582    3.61165236095430      h
   -3.09990019466001   -1.73614767431988   -3.56250478523226      h
    1.54331212071800   -1.69708991244203   -3.53140304136847      h
$periodic 0
$end
