           1           2   1.8573927273585571     
           2           3   1.1361053963357919     
           3           4   1.5000563365680293     
           4           5   1.3042397408333872     
           5           6   1.0126627994049802     
           6           7  0.98695109987837970     
           7           8   1.0082918085264889     
           8           9   1.0070819002578772     
           9          10   1.0088247245364981     
          10          11   1.0062475127454327     
          11          12   1.0087326360832765     
          12          13   1.0189923537862065     
           5          14   1.4679977917493876     
          14          15   1.1395040789437789     
          15          16   1.8544671579096086     
           3          17   1.1422644783174982     
          14          17   1.1317809707569428     
           1          18  0.97809976768824813     
           1          19  0.97538264224163429     
           2          20  0.96461753324637289     
           4          21  0.96043955613000209     
           6          22  0.96569017308930949     
           6          23  0.96831429719184048     
           7          24  0.97493668128340427     
           7          25  0.97412262779973813     
           8          26  0.97453536831601828     
           8          27  0.97652255117045683     
           9          28  0.97108474988107596     
           9          29  0.97658315651667449     
          10          30  0.97700149108686185     
          10          31  0.97519045071124943     
          11          32  0.97734715809222883     
          11          33  0.97711320420483150     
          12          34  0.97837119686518559     
          12          35  0.97728845642952888     
          13          36  0.98789352998729563     
          13          37  0.98761659413697822     
          13          38  0.98811308310237189     
          15          39  0.96237962258002185     
          16          40  0.96991221783992443     
          16          41  0.97778408211559176     
