           1           2   1.9034828315964800     
           2           3   1.0885590469136885     
           3           4   1.3653302331908761     
           4           5   1.4486036078118565     
           5           6   1.4452144541085525     
           6           7   1.3653747261428406     
           7           8   1.0996743299466387     
           8           9   1.7265265339951821     
           9          10  0.98085210784934096     
           9          11  0.97918489005565468     
           3          12   1.3515847014259235     
           7          12   1.3411544329039575     
          12          13  0.95915619018872544     
           1          14  0.97749392484727082     
           1          15  0.97254087726594729     
           2          16  0.96278941189851386     
           4          17  0.96502068734298807     
           5          18  0.96906507477374237     
           6          19  0.96656562386170797     
           8          20  0.95139877306096088     
