           1           2   1.0257552705137796     
           2           3   1.4079446213960340     
           3           4   1.4337840111745368     
           2           5  0.10770153027818588     
           4           5   1.4197778070275473     
           5           6   1.0224191039548742     
           3           7  0.11296285293796456     
           5           7   1.3790275238177352     
           2           8   1.3954429817020748     
           7           8   1.4701965611258345     
           1           9  0.98565227289567647     
           1          10  0.97249192973428400     
           1          11  0.97245712749903435     
           3          12  0.96172477097321196     
           6          13  0.98430071329438096     
           6          14  0.97069709516622660     
           6          15  0.97072311868591454     
           7          16  0.96964047869343195     
           8          17  0.96924085211533284     
