           1           2   1.0119582452435791     
           2           3  0.94130510698299985     
           3           4   1.0963390359966241     
           3           5  0.16935981843610134     
           4           5   1.7414832321359199     
           4           6   1.0194746048057550     
           6           7   1.2100874991272781     
           7           8   1.6206824567321805     
           8           9   1.0311550618773084     
           8          10   1.0938848740503677     
           6          11   1.5186938555035421     
          10          11   1.1218872486867046     
          11          12   1.0374325921734611     
           1          13  0.98376043665258373     
           1          14  0.98441225757350881     
           1          15  0.98671861731989330     
           2          16  0.96819529140819771     
           2          17  0.97265132501417628     
           9          18  0.97860813926225643     
           9          19  0.96855224187623745     
           9          20  0.96134196425792307     
          12          21  0.98056506027776202     
          12          22  0.95967200361470273     
          12          23  0.96533675653977624     
