           1           2   1.9169144958588329     
           2           3   1.0749110941610105     
           3           4   1.3672470734258113     
           4           5   1.4614749947176486     
           5           6   1.4135023379415219     
           6           7   1.3923698095108994     
           7           8   1.0563415345882496     
           8           9  0.98773867915377500     
           3          10   1.3541971688524304     
           7          10   1.2994701062957486     
          10          11   1.0815945882676397     
          11          12   1.9112220842710974     
           1          13  0.97825386458625530     
           1          14  0.97487050342157144     
           2          15  0.95613244488383975     
           4          16  0.96735410379208175     
           5          17  0.97073458204084728     
           6          18  0.96560971669293905     
           9          19  0.97953397690710009     
           9          20  0.97635558851987980     
           9          21  0.97618888047022478     
          11          22  0.95714579326567795     
          12          23  0.97254629356407862     
          12          24  0.97772844274506465     
