           1           2   1.0103708238332074     
           2           3   1.1853997552856699     
           3           4   1.3102455560939597     
           4           5   1.4962295333279343     
           5           6   1.3469907830190984     
           6           7   1.1100455715080884     
           7           8   1.7182409826959928     
           8           9  0.96947382776399893     
           8          10  0.96139284541008097     
           6          11   1.3465200137794462     
           3          12   1.3095330671361638     
          11          12   1.4986035411373682     
           2          13   1.0096304803845331     
           1          14  0.97527703416101330     
           1          15  0.97427158523905777     
           1          16  0.97969982135613798     
           4          17  0.96658300611928749     
           5          18  0.96885769533820987     
           7          19  0.95515212175387798     
          11          20  0.96812229579484599     
          12          21  0.96657456576174450     
          13          22  0.97979824513375335     
          13          23  0.97479274624918699     
          13          24  0.97493974120846016     
