$coord
    4.90322750675059    2.15507303322364   -1.85779725280261      c
    5.34580159613730    0.48426465394121   -0.04558134350426      c
    6.06465799240523   -2.16093663177029   -0.42983250508420      c
    7.88560241039473   -3.18928047651668    1.17170220023443      c
    8.75487596866807   -5.62912371631953    0.85158480928484      c
    7.79712197539729   -7.10347491598598   -1.08617382409022      c
    5.95569396400008   -6.13068895064670   -2.66165248247992      c
    5.05270622133949   -3.68194765153283   -2.34827235480649      c
    3.01346800523876   -2.80397949098554   -4.03490361928900      c
    3.39962638227273   -2.87241449051668   -6.63585164156394      c
    1.57200102493056   -2.02490219724810   -8.29825599226941      c
   -0.68600309805264   -1.07691241298489   -7.37469211566122      c
   -1.10571943668368   -1.01370327009226   -4.79836929094667      c
    0.70323039850870   -1.90375010331687   -3.10768151006411      c
    0.10173522594322   -1.82872174249367   -0.40467819878758      c
    0.44822970657956   -3.68266478479110    1.22843744517872      c
    1.36270797257075   -5.96982161108165    0.76147581703036      f
   -0.15978113940837   -3.52547816796812    3.66865361054644      f
    4.45281646394490    4.09246657497153   -1.42822783371037      h
    4.99207452020244    1.66734400528029   -3.83129992600333      h
    5.31585126756103    1.08832909366229    1.91161761941573      h
    8.64609934474972   -2.02841807545394    2.67089265143316      h
   10.17236268267017   -6.38070435666393    2.11264644443218      h
    8.46398287182872   -9.01288919936465   -1.35381403329741      h
    5.15274107242978   -7.29504177601587   -4.13382743459767      h
    5.18463190332781   -3.56615475313624   -7.34549916971619      h
    1.91489031796102   -2.08661047464851  -10.30898726900782      h
   -2.11545679422924   -0.38994511169322   -8.65799478672117      h
   -2.87379731259068   -0.29759111210985   -4.07087163423075      h
   -0.79148081105968   -0.13890769983850    0.30990847401102      h
$periodic 0
$end
