$coord
    2.17038211269208    0.95720073987325   -1.16011753677814      c
    4.58295536385774    0.73297016654188   -0.50312680236714      c
    5.95787896321416    2.28375536495110    1.31256723017602      c
    4.85145912242016    3.94716171916473    3.04446248912177      c
    2.34077604820094    4.23039759700817    3.14083145861539      f
    6.29494245480605    5.34246859574582    4.73253273158981      c
    5.14191248690059    6.94082050600352    6.31472111781396      f
    8.91946389243422    5.16124202277044    4.77965785044389      c
   10.43539408410802    6.65107957169694    6.58009211627856      c
   10.08538422390157    6.41759376842734    9.17740563937334      c
    8.38437261820387    4.76330177282575   10.04762142742464      f
   11.49878895363899    7.81944480054010   10.88546748566409      c
   11.02640034154100    7.48411883630520   13.34678216286030      f
   13.33821386737237    9.54193054441459   10.08575701691093      c
   14.88135109681208   11.10567697475790   11.74861188231621      c
   15.16828853294912   10.84717180430830   14.22876730835632      c
   13.65902140329170    9.76452157522129    7.46619429340639      c
   15.37627830402025   11.39335671489559    6.56935378525219      f
   12.26163591138566    8.35783783901728    5.75525344877636      c
   12.62153656417156    8.68440897688881    3.27614650955475      f
   10.04803584043513    3.51187518373440    3.06674970286830      c
   12.55897161117118    3.23491896790385    3.08473093653351      f
    8.59944163447380    2.11133681886190    1.39375576895035      c
    9.78080556124463    0.53889206426279   -0.19951502446641      f
    1.36412188862189   -0.30405416459434   -2.53711614444487      h
    0.92202421933716    2.36559951168439   -0.39516966459463      h
    5.73185566805111   -0.70562679645657   -1.39090317392840      h
   15.89607040527131   12.58797597617016   10.77373356419925      h
   14.25969234633906    9.39609213050406   15.31966045682525      h
   16.37287369245649   12.12200182930360   15.25867119492550      h
$periodic 0
$end
