$coord
    3.07989774112247   -1.11380342913994    2.26975695302171      c
    4.03908427376265   -0.46563422347829    0.04695566952924      c
    5.39080663114750   -2.18812286589763   -1.64052129652327      c
    6.96137381938216   -3.98899094441296   -0.61543854774904      c
    8.38846566328717   -5.54057763135431   -2.21502797021574      c
    9.99244536519207   -7.37658920775823   -1.57112341249711      n
   11.19010438669322   -8.54325805151974   -4.10842378791960      s
    9.76123409584861   -6.79954847502662   -6.14586761308051      n
    8.25254843705746   -5.20071746553229   -4.91038923182755      c
    6.65588424145534   -3.35083796272303   -5.92422154500077      c
    5.20270750990524   -1.89790716274244   -4.32900485156363      c
    3.44149296959301   -0.11342638065968   -5.49174424351671      c
    1.13749337573226    0.42236283923950   -4.66268751403342      c
    2.14590277238818    0.24185053422186    3.46464202171494      h
    3.14907442319608   -3.02790543326774    2.95812916132152      h
    3.86195024146089    1.46009107410373   -0.61934882870896      h
    7.15931660204878   -4.18569335722297    1.40278208341267      h
    6.54797550135377   -3.12196426363617   -7.94776534082404      h
    4.09366908188725    0.70732952463393   -7.24992953552535      h
    0.36212929133004   -0.42966410289213   -2.98568079168977      h
   -0.07682521963614    1.70777117429039   -5.67044700452759      h
$periodic 0
$end
