           1           2   1.9143694921501655     
           2           3   1.0755058661902830     
           3           4   1.5123546592509562     
           4           5   1.2627320902806964     
           5           6   1.3731120223682847     
           6           7   1.4342820458290075     
           6           8  0.17116981641606929     
           7           8   1.4344909337202585     
           5           9   1.1523773349758466     
           8           9   1.3725939054487888     
           4          10  0.10278344510343629     
           9          10   1.2633750302774784     
           3          11   1.2038327987421078     
          10          11   1.5111330684499322     
          11          12   1.0788217569851228     
          12          13   1.9118977611992618     
           1          14  0.97778773191503698     
           1          15  0.97450746712932068     
           2          16  0.95593857712345998     
           4          17  0.96316918786721972     
          10          18  0.96482403059333222     
          12          19  0.95974207373193199     
          13          20  0.97184761245202755     
          13          21  0.97692175655310087     
