           1           2   1.8990696093335757     
           2           3   1.0917804461628458     
           3           4   1.3295567431012802     
           4           5   1.4787454634732784     
           5           6   1.3670886551235839     
           6           7   1.0788404208464102     
           7           8   2.8108991903657197     
           6           9   1.2912555641559216     
           9          10   1.0897771838553625     
          10          11   1.9019121076369787     
           3          12   1.3943853364708960     
           9          12   1.3963389261484767     
           1          13  0.97732365749977335     
           1          14  0.97232764332745147     
           2          15  0.96329028357568047     
           4          16  0.95988521020200346     
          10          17  0.95932522232926776     
          11          18  0.97241222865711940     
          11          19  0.97708211767584097     
          12          20  0.95895924278249067     
