$coord
    1.98162338043948    0.20018924083317    0.19373236248644      c
    4.30059455795845   -0.28915664077521   -0.62622263278259      c
    5.70452160989785    1.17225943551090   -2.49188835184607      c
    7.96449268391878    0.21065674099587   -3.46953165229813      c
    9.35411434274437    1.38832674426506   -5.17157870614277      n
    8.58487621039463    3.60346615113197   -6.00597057156885      c
    6.36786991202912    4.79103382146464   -5.18173714686165      c
    5.72361397500123    7.24432767211712   -6.23686256042755      c
    3.73033935867877    8.66946777733694   -5.72576176905477      c
    1.86021271509533    8.18145097576128   -4.12804462627411      f
    3.31519309575719   10.89979028185043   -6.80687239213171      f
    4.92165419186876    3.52436123187191   -3.38215041921480      c
    1.07714714439018   -0.98808526130426    1.57443764363193      h
    0.88984175676692    1.78394022968791   -0.46761786718824      h
    5.29541125194378   -1.92733109082248    0.08849990482287      h
    8.68031322350251   -1.60313003599259   -2.84994455394394      h
    9.79024662248555    4.49367166156931   -7.39794258115008      h
    7.02258672485391    8.01093075861141   -7.61231735057363      h
    3.21059079676774    4.35737352843361   -2.65926459615012      h
$periodic 0
$end
