           1           2   1.9180722392135434     
           2           3   1.0749022754248978     
           3           4   1.3812984929890100     
           4           5   1.4392567898236286     
           5           6   1.0101079934547237     
           6           7   1.0193981605185076     
           5           8   1.3426378140512560     
           8           9   1.0749674015270134     
           9          10   1.9180448108200061     
           8          11   1.3811933436177970     
           3          12   1.3425910595322130     
          11          12   1.4394032626748434     
          12          13   1.0100676304464491     
          13          14   1.0193426308319693     
           1          15  0.97841830646386385     
           1          16  0.97481208296150523     
           2          17  0.95901157133855075     
           4          18  0.96142837985681484     
           6          19  0.95973021241248968     
           6          20  0.96616200974900024     
           7          21  0.98649285468060499     
           7          22  0.98675667152388535     
           7          23  0.98680129636742264     
           9          24  0.95893739913627329     
          10          25  0.97481791739313217     
          10          26  0.97841970623231023     
          11          27  0.96144864983814904     
          13          28  0.96633293169880208     
          13          29  0.95969465197571679     
          14          30  0.98682991501193051     
          14          31  0.98676076132473944     
          14          32  0.98647771246309290     
