           1           2   1.8966361081681433     
           2           3   1.0909533809005403     
           3           4   1.2334477365154424     
           4           5   1.6372767507494363     
           5           6   1.1847915012071653     
           3           7   1.4635091607867738     
           6           7   1.1395011105158257     
           7           8   1.1289612655033925     
           8           9   1.8685737999373457     
           1          10  0.97837012955106217     
           1          11  0.97531197919332546     
           2          12  0.95752757757172846     
           4          13  0.96242450641922883     
           5          14  0.97022141833365183     
           8          15  0.96065210263645562     
           9          16  0.97279917145887906     
           9          17  0.97750646957571041     
