$coord
    3.80697116225420    0.53149808176261   -2.30406143402231      c
    4.84174574270146   -0.28885743687890   -0.17028706240549      c
    6.35303410243619    1.18764308584294    1.59447207644969      c
    6.57079483746686    3.81297511124468    1.46013766551676      c
    8.04784091398768    5.12381689710282    3.15907823730777      c
    9.36346147659338    3.87049031023397    5.06849290419304      c
   10.94793516184960    5.27120987569129    6.86224475417323      c
   12.41239056083170    7.30961359816633    6.06174451904760      c
   13.91169261700547    8.62274550203138    7.74215138913256      c
   14.00629602799933    7.94255005754862   10.28494290995173      c
   15.61172832380682    9.33050375373858   12.07027526199034      c
   15.81319900485462   11.95531380812680   11.95239598776477      c
   17.31505662961607   13.26382495330994   13.63134848377229      c
   18.69218654961212   11.99850573258989   15.49184289377251      c
   20.30575453399650   13.29043753450770   17.30992763423011      c
   20.48792392891760   15.76883532637230   17.65859048967472      c
   18.50156492938562    9.36836423564575   15.58962337186663      c
   16.98451703399452    8.05925247449384   13.92395171425516      c
   12.54028635162194    5.90661971551946   11.08689140425253      c
   11.03698522639997    4.59666879025377    9.40715198673997      c
    9.13223894427602    1.25095140740394    5.22272354323352      c
    7.65500090353226   -0.05846394004426    3.52201260144471      c
    2.72725739910014   -0.71038403496978   -3.50033412272493      h
    3.99968614941301    2.44921756975724   -2.95513696882368      h
    4.60449955411515   -2.25450161859490    0.35305331511611      h
    5.55583098079248    4.84386758000247    0.02238626172015      h
    8.15605349998264    7.15926065629192    3.03790708709430      h
   12.40904813967098    7.83733429792398    4.08950536231075      h
   15.06551577169189   10.16777005347921    7.07122774091469      h
   14.74332704775941   12.98013663732389   10.54711836294415      h
   17.42822011937080   15.29499179721918   13.48852445335402      h
   21.42883715034484   12.04258592999930   18.48281057914809      h
   19.40866342056313   17.11627672963293   16.58262162242235      h
   21.73502289822046   16.54953612905683   19.06370883092929      h
   19.56253941653249    8.34278619998171   17.00322507938816      h
   16.89256264777383    6.02195260040758   14.02491435434125      h
   12.54882840766341    5.37809860618367   13.05912720032670      h
    9.87983700829600    3.05514243290362   10.08031436392098      h
   10.15517056725921    0.23145038043440    6.66603988683256      h
    7.51343892094293   -2.09177574933750    3.66845152599074      h
$periodic 0
$end
