           1           2   1.9578464300909018     
           2           3   1.0351061460350404     
           3           4   1.4071557991605996     
           4           5   1.4159632067684020     
           5           6   1.0117658732176267     
           6           7  0.99018357443732385     
           7           8   1.0094141563898746     
           8           9   1.0072121538779593     
           9          10   1.0072438038593179     
          10          11   1.0198915155938231     
           5          12   1.3618862113234764     
          12          13   1.0522021350707014     
          13          14   1.9381289985822032     
           4          15  0.10162934407868798     
          12          15   1.3861543261209568     
           3          16   1.3541676834640715     
          15          16   1.4318144201791740     
          16          17   1.0110740086661185     
          17          18  0.98879125690363623     
          18          19   1.0060025953728340     
          19          20   1.0070972961962334     
          20          21   1.0089071430799255     
          21          22   1.0188965964827461     
           1          23  0.97707200508605907     
           1          24  0.97533141854356775     
           2          25  0.95654392999222182     
           4          26  0.96618246953246367     
           6          27  0.96719915942405787     
           6          28  0.97142778268527752     
           7          29  0.97158885077475654     
           7          30  0.97777012078302350     
           8          31  0.97767721975373711     
           8          32  0.97162579526251347     
           9          33  0.97795408028661890     
           9          34  0.97787169680603347     
          10          35  0.97593460557545519     
          10          36  0.97859888941580653     
          11          37  0.98447122020435496     
          11          38  0.98754944117172172     
          11          39  0.98783330464579278     
          13          40  0.95889347438547412     
          14          41  0.97553288883319778     
          14          42  0.97748980647957240     
          15          43  0.96690985037645250     
          17          44  0.96843965684037314     
          17          45  0.97167466086922560     
          18          46  0.97618907703376545     
          18          47  0.97650657287711762     
          19          48  0.97656839989680799     
          19          49  0.97736567505402838     
          20          50  0.97675559385293420     
          20          51  0.97548017566542633     
          21          52  0.97657830674078772     
          21          53  0.97847377541113489     
          22          54  0.98810969668064974     
          22          55  0.98767073603078726     
          22          56  0.98792991641954009     
