$coord
    4.63817984539040   -1.86550910968290    0.54257442970116      c
    4.14442575571583    0.58588176654128    0.34938362338964      c
    5.75119820056997    2.48971439870677   -0.82668045764097      c
    7.85983349110247    1.91027712831396   -2.27883259086846      c
    9.42034015465874    3.71552108499317   -3.39821308922645      c
   11.59542292270284    2.86236316031437   -4.86052356997064      c
   13.52254152973728    4.24316843190329   -5.68315271242531      c
    8.76025831632105    6.24637221699274   -3.03508740813889      c
   10.09803286639895    8.14484555316950   -4.06215259793066      f
    6.65336616558873    6.87021199825661   -1.61706999442979      c
    6.00587611485790    9.33272289576569   -1.27791012897909      f
    5.12407404058010    5.05036259043394   -0.49374819352066      c
    3.08513027338737    5.72572821318953    0.88837164812327      o
    3.33256201769974   -3.12937017559608    1.45493806342697      h
    6.34456904668985   -2.71195211356653   -0.17170880302660      h
    2.41772115424559    1.33385496428907    1.14449315839694      h
    8.32682958448799   -0.05249799069666   -2.56543658308254      h
   11.58178009942590    0.85162724872961   -5.24224258043551      h
   13.69004993008227    6.23941101348812   -5.35004238737283      h
   15.03629181333226    3.38407228944526   -6.73700320280606      h
    2.94042045494153    7.54850424329645    0.91089350896105      h
$periodic 0
$end
