           1           2   1.9334437415440124     
           2           3   1.0608531770338911     
           3           4   1.3890518563450414     
           4           5   1.4486275908961241     
           5           6   1.4044035686264085     
           6           7  0.76222349313544857     
           7           8  0.78498938982052768     
           7           9   1.6625537979210994     
           7          10   1.6622385678515395     
           9          10  0.11251532700916692     
           4          11  0.10109137007197741     
           6          11   1.4308079815578107     
           3          12   1.3378256008078928     
          11          12   1.3892220472746604     
          12          13   1.0599982068310883     
          13          14   1.9332315648927396     
           1          15  0.97652118546812905     
           1          16  0.97531611176329513     
           2          17  0.95799416729136033     
           4          18  0.96702837261586239     
           5          19  0.96443546262947732     
           8          20  0.98335091100623162     
           8          21  0.98346688037552976     
           8          22  0.97510682529407611     
          11          23  0.96239643016383536     
          13          24  0.95845018251950709     
          14          25  0.97506888273618475     
          14          26  0.97640219603756406     
