$coord
    6.41471626809597    1.51503243414939   -1.10119674907885      c
    4.23078462070478    0.55464356796344    0.52646712660669      c
    5.00330036025647   -1.49055586206284    2.14164958698561      n
    5.00933848017812   -4.00978782343612    1.49405093424302      c
    5.97786121423462   -5.44768646070847    3.53040895732757      c
    6.14868925684363   -8.05851040735232    3.33523179172854      c
    5.36322166141753   -9.19963916382832    1.12475990627230      c
    4.42060419620552   -7.77067048446679   -0.87522628234390      c
    4.23152736106118   -5.17086510558140   -0.72541196038595      c
    5.99395083085467   -1.24899158459793    4.52174924754789      c
    6.61171861246267   -3.67169910361689    5.48141905662940      c
    7.62321071124778   -3.91776501498063    7.87979307109490      c
    8.03198263386095   -1.76670139353413    9.34325331606071      c
    9.08913471837470   -2.11130568667893   11.85308823966725      c
    9.59231173426413   -0.39201216640046   13.60259267388716      c
    9.25401148761374    2.09769101607632   13.48794263739803      f
   10.56787050805539   -0.97069627376434   15.85749009199964      f
    7.42039623430949    0.62025047163730    8.35234212442243      c
    6.41330387495892    0.90268462144612    5.96788453436786      c
    5.77778639972940    3.05081262069440   -2.30668275471146      h
    7.14020474799472   -0.00083767319037   -2.28488244330273      h
    7.94322151218822    2.19807996268027    0.09141229839711      h
    2.68885592590020   -0.11111601319239   -0.67767167647628      h
    3.50313500880377    2.08396702364076    1.71013512629177      h
    6.88328716531916   -9.16530748922208    4.88345343551089      h
    5.48045135110423  -11.22752573101576    0.93190057678024      h
    3.82774408781517   -8.71662911743933   -2.58393697849065      h
    3.50430724546204   -4.09351088032928   -2.29803906463796      h
    8.09035538623680   -5.76437009767068    8.61166702890295      h
    9.52549789898438   -4.03265168441343   12.39148810220778      h
    7.74788521250606    2.28780963878650    9.47287294151227      h
    5.97325752658597    2.76394624611163    5.25878730414125      h
$periodic 0
$end
