           1           2   1.8899901483553232     
           2           3   1.0999986572199423     
           3           4   1.3613575261324382     
           4           5   1.4821428213944667     
           5           6   1.3521345851374289     
           6           7   1.1246451728328906     
           7           8   1.7395419647750050     
           8           9   1.1247124801003936     
           9          10   1.3466751036519715     
          10          11   1.4910037578029300     
          11          12   1.3553087968292166     
          12          13   1.0999464504307368     
          13          14   1.8900443925619557     
          12          15   1.3614084606047077     
           9          16   1.3521584657112913     
          15          16   1.4821021135621018     
           6          17   1.3467375236070540     
           3          18   1.3553422027647941     
          17          18   1.4909339168815821     
           1          19  0.97849029737658699     
           1          20  0.97289646319797640     
           2          21  0.96451345980071324     
           4          22  0.96826457286214862     
           5          23  0.96842938433217207     
           7          24  0.95860004734176496     
           8          25  0.95868530139336439     
          10          26  0.96512802924896368     
          11          27  0.96556454144625925     
          13          28  0.96450797210242933     
          14          29  0.97289132711337167     
          14          30  0.97848941913410170     
          15          31  0.96827338378084993     
          16          32  0.96842924828214483     
          17          33  0.96518670689267627     
          18          34  0.96556910957811493     
