           1           2  0.96739402978272748     
           2           3  0.97494701067513090     
           2           4   1.7255094111695781     
           4           5   1.1016492319653692     
           5           6   1.3941853510963853     
           6           7   1.3901797666002662     
           7           8   1.1410542659459431     
           8           9   1.3668122161994458     
           9          10   1.4726445692227736     
          10          11   1.3974106785427138     
           9          12  0.10742312566132589     
          11          12   1.4676648435454491     
           8          13   1.2655045109807390     
          12          13   1.3609498432605083     
          13          14   1.1170184640485465     
          14          15   1.0328298918264731     
          15          16   1.3846941451942345     
          16          17   1.4488056951188966     
          15          18  0.10267514331915407     
          17          18   1.4353917890935382     
          16          19  0.10879876744687744     
          18          19   1.4352461525627449     
          15          20   1.3845502025771341     
          17          20  0.10884199669366851     
          19          20   1.4489593455232093     
           7          21   1.2480144128085024     
          14          21   1.1402601306667255     
          21          22   1.3440919554298816     
           5          23   1.3267721908256074     
          22          23   1.4924490264368255     
           4          24  0.95468550670607766     
           6          25  0.96520946504294658     
           9          26  0.96870543326876779     
          10          27  0.97142836091584694     
          11          28  0.97168240609093981     
          12          29  0.96652304631691244     
          16          30  0.96813819013879832     
          17          31  0.97051613499741807     
          18          32  0.97116552852161198     
          19          33  0.97050512884863727     
          20          34  0.96807795894870274     
          22          35  0.96590449823529811     
          23          36  0.96890369705197654     
