$coord
    1.92328263405772    0.16859773005832    0.30691262016850      c
    4.75737909005353    0.16779827961499    0.24329142629576      c
    6.10786700883088    2.40560212171664    0.21097834068075      c
    8.73066703882810    2.32503460430952    0.15543726150159      c
   10.65198800018781    4.24020677624604    0.05566422521975      c
   10.58099775837415    6.85880136562951    0.04258426666014      c
   12.83332528515005    8.20498612252205   -0.02230811804680      c
   12.81308343280581   10.98371873050444   -0.04909351003403      c
   14.54910742494864   12.36105038104642    1.37249030831120      c
   14.52800558371806   14.97289963801521    1.33804543226412      c
   12.77496814696838   16.25747258106234   -0.11925668571402      c
   11.03811714866998   14.90967253557210   -1.53851785977736      c
   11.05435593742826   12.29798377183053   -1.50247601180133      c
   15.13677364927523    6.89686938785885   -0.05011387166392      c
   15.25279746271105    4.29284702712779   -0.04572617183328      c
   12.99550118439520    2.95808874583529   -0.02120044160975      c
   12.57782189442977    0.38578369427687    0.04179875182688      n
   14.44324339803976   -1.49199832011827   -0.01074922542832      c
   14.41560725417005   -3.43436489193867    1.76327419056577      c
   16.25178867982971   -5.29134742899304    1.69381733844982      c
   18.13755872075050   -5.21806798661993   -0.11948259061055      c
   18.17536446871409   -3.28005155713390   -1.87810092935884      c
   16.33402717457815   -1.42756784924930   -1.83894121343397      c
   10.00000198718929   -0.02213918673132    0.14899522720135      c
    8.65479668423974   -2.27251158399306    0.14001612408704      c
    6.05092853627508   -2.13756153757844    0.19515340626459      c
    1.18811592965498    2.08640595329846    0.27976089996367      h
    1.24173301070507   -0.76992281121761    2.00837582170694      h
    1.16668710264945   -0.84791377285548   -1.31586810611394      h
    5.13956286656844    4.20255299829243    0.21808646554251      h
    8.79310110544065    7.83757987794406    0.13353662726237      h
   15.90044742654308   11.37417535529860    2.54250654112990      h
   15.88312430494750   16.01299168520180    2.45708420252490      h
   12.76263306162316   18.29837552855324   -0.14911262811501      h
    9.66835872359041   15.90039221672695   -2.68411658247891      h
    9.71635823976993   11.25859232333559   -2.64195559779180      h
   16.87450322317552    7.96542194907238   -0.11308669676273      h
   17.05182120155877    3.33025691269254   -0.04516646412939      h
   12.96797094702167   -3.46128139222403    3.20139482412868      h
   16.21876858715954   -6.79490941012092    3.07340007241629      h
   19.57226940484400   -6.66767773893470   -0.16315838604078      h
   19.63773889555691   -3.21904458445863   -3.30044959168246      h
   16.33219106019351    0.06079459448759   -3.23496630726391      h
    9.60574417347318   -4.07604708191234    0.06618277079682      h
    4.96616459193761   -3.86784041160899    0.19214144566417      h
$periodic 0
$end
