           1           2   1.8975922283232634     
           2           3   1.0858510107831447     
           3           4   1.3289824391568728     
           4           5   1.4785038232016663     
           5           6   1.0288097885659764     
           5           7   1.2870416198260735     
           7           8   1.0866304161648905     
           8           9   1.8958692737555847     
           7          10   1.4038417097162670     
           3          11   1.3887068034687811     
          10          11   1.4251605436043384     
           1          12  0.97797827132080695     
           1          13  0.97203320904179680     
           2          14  0.96544044733051748     
           4          15  0.96491195864446211     
           6          16  0.98394111545046314     
           6          17  0.96801104326851239     
           6          18  0.96828479820486368     
           8          19  0.96406390987776347     
           9          20  0.97190671746406043     
           9          21  0.97817343900915799     
