   -0.08678717
   -0.02912361
    0.01167885
   -0.05062400
    0.01448521
   -0.02901068
   -0.08557997
   -0.06156795
    0.14289385
   -0.27811270
    0.07884330
   -0.06608270
   -0.05887627
   -0.06074507
   -0.05884062
   -0.09901878
    0.35656645
   -0.36043890
   -0.37729666
   -0.07171576
    0.03616261
    0.03585710
    0.03504561
    0.03754014
    0.03605233
    0.03976653
    0.03755885
    0.04554142
    0.02591269
    0.04859187
    0.04231397
    0.03464415
    0.04755499
    0.03569676
    0.02987608
    0.03632150
    0.05098367
    0.05106922
    0.05553151
    0.05385560
    0.31653370
    0.03694288
