           1           2  0.96874253413397349     
           2           3  0.97550008387641618     
           2           4   1.7196296125281114     
           4           5   1.1065970398220972     
           5           6   1.3525868431291836     
           6           7   1.4852711917200354     
           7           8   1.3440541601722782     
           8           9   1.0907940763452459     
           9          10   1.0574484856224331     
          10          11   1.3623119986173882     
          11          12   1.4675479273592811     
          12          13   1.3778054149915850     
          13          14   1.0497373944604276     
          14          15   1.3875974873095247     
          15          16   1.4522860884358766     
          14          17  0.10522851543428012     
          16          17   1.4341772029060087     
          15          18  0.10824636886028015     
          17          18   1.4341755843312793     
          14          19   1.3875931809241933     
          16          19  0.10824820758198626     
          18          19   1.4522886705546625     
          11          20  0.10007775054262688     
          13          20   1.3781634296065945     
          10          21   1.3630663622197099     
          12          21  0.10002770812616806     
          20          21   1.4673610697417236     
           9          22   1.0544157441336401     
          22          23   1.3696052783867587     
          23          24   1.4555668895554896     
          24          25   1.4303676336457436     
          23          26  0.10573593765995445     
          25          26   1.4308221202185945     
          22          27   1.3704086116413270     
          24          27  0.10570070316946951     
          26          27   1.4552647978822808     
           8          28   1.3443499993011883     
           5          29   1.3536019476869872     
          28          29   1.4857030043661947     
           4          30  0.95460936837217591     
           6          31  0.96818243377068269     
           7          32  0.96692894667290175     
          11          33  0.96741593484649058     
          12          34  0.96794986748046619     
          15          35  0.96873471619256279     
          16          36  0.97090179580784186     
          17          37  0.97163945597651602     
          18          38  0.97090674761015261     
          19          39  0.96875189967436659     
          20          40  0.96800731570742538     
          21          41  0.96750973258327644     
          23          42  0.96799901041786740     
          24          43  0.97076676284933017     
          25          44  0.97153658491203188     
          26          45  0.97082340320921157     
          27          46  0.96809421640878879     
          28          47  0.96689973593159972     
          29          48  0.96722731970464770     
