$coord
    4.70256764215056    2.69581778480932   -0.53877400901857      c
    2.97476456115886    0.64996463845856   -0.11803379789072      n
    3.60073580208518   -1.84453280755635    0.14160310528747      c
    1.49256589339891   -3.27098646795970    0.50915604617484      c
    0.41535143027655    0.86650701576415    0.08243832455552      c
   -0.59924010132478   -1.58258766055317    0.48045777679209      c
   -3.19500713966585   -1.90542806316428    0.74015786238515      c
   -4.75791522070596    0.19717301354878    0.60463874804762      c
   -7.49128022102402    0.05312293640692    0.84098992882894      c
   -8.92493867379915   -1.95485193245642    1.26311233899128      c
   -8.21006836981281   -4.34442344678115    1.57617462219978      f
  -11.44087379630310   -1.83574534052769    1.44283695402732      f
   -3.69960658058471    2.61352743511603    0.21448638183314      c
   -1.14229538894315    2.98052482402192   -0.04599950464860      c
    6.61729255380698    1.95597611883797   -0.67094361414861      h
    4.61860998461357    4.05378044104551    1.01604998546243      h
    4.24586702416859    3.68112803680897   -2.29574519661658      h
    5.54272656908137   -2.42487402863134    0.04052932095603      h
    1.41690083313375   -5.27697808481379    0.77046592573521      h
   -3.94980737201963   -3.77264916384158    1.03709791240524      h
   -8.51579223649451    1.81009995659883    0.65682530009429      h
   -4.95128832805756    4.22299432933537    0.11974548000677      h
   -0.37700736622291    4.84875744786373   -0.34092607237888      h
$periodic 0
$end
