           1           2   1.9214243867471756     
           2           3   1.0689980270776023     
           3           4   1.5716836010406321     
           4           5   1.1949610092922012     
           4           6  0.10285259702294669     
           5           6   1.2056192189074539     
           3           7   1.1842682119115437     
           6           7   1.5655790895967194     
           7           8   1.0659709996912701     
           8           9   1.7492073823606258     
           9          10  0.98331282878396031     
           9          11  0.97237424141598505     
           1          12  0.97683669446502530     
           1          13  0.97578348176034746     
           2          14  0.96052810546132794     
           4          15  0.97015647039890807     
           6          16  0.97015595388334086     
           8          17  0.95241302199092936     
