           1           2   1.8979944871584793     
           2           3   1.0933941675616363     
           3           4   1.3644705864228097     
           4           5   1.4693050402493313     
           5           6   1.3837056680870135     
           6           7   1.0399700482287901     
           7           8   1.9538523584561398     
           6           9   1.3625338116915175     
           9          10   1.0109028426477040     
          10          11   1.0012204127064921     
           3          12   1.3768967183521399     
           9          12   1.4337767541035007     
           1          13  0.97849324685340855     
           1          14  0.97307504675815759     
           2          15  0.96457183103167354     
           4          16  0.96547300604143171     
           5          17  0.96986572640360502     
           7          18  0.95625413526474468     
           8          19  0.97517888059472613     
           8          20  0.97700383981314065     
          10          21  0.97534346121922355     
          10          22  0.96943882848954988     
          11          23  0.98853916467824776     
          11          24  0.98642486646391125     
          11          25  0.98746298210225969     
          12          26  0.96555544061122611     
