$coord
    4.64525389455276   -1.79839270194084    0.10083641634747      c
    4.16415078659089    0.64484034369925   -0.19572453025813      c
    5.72901874575241    2.47642337449565   -1.53836627124083      c
    5.15337184875038    5.04366263120125   -1.32529661419970      c
    6.59248523683111    6.84371278127483   -2.55043623872882      c
    8.61251601210876    6.07506173749468   -4.00964267217956      c
   10.00206247441200    7.85431284403295   -5.19846667457327      f
    9.25613062826693    3.52704091370579   -4.29912605697615      c
   11.40656341324672    2.89056366674566   -5.88673559298564      c
   12.33577158460867    0.62296086434046   -6.39474139260529      c
   11.51915538991040   -1.60040219962307   -5.56556964338401      f
   14.32494215630793    0.25417698773941   -7.88377830198857      f
    7.77213895249505    1.75875619422102   -3.03496754229097      c
    3.37719870202233   -3.00139572038313    1.14080187519782      h
    6.30817835457016   -2.69711192337608   -0.64917264396464      h
    2.47375777394890    1.43337304666526    0.64480094228789      h
    3.56902764977998    5.63140835919009   -0.18168609214007      h
    6.17077009944157    8.83181319234169   -2.39471166411807      h
   12.37617085038650    4.45439160585235   -6.77118734078105      h
    8.20338340363350   -0.21839163348149   -3.23261755478431      h
$periodic 0
$end
