           1           2  0.98812060470719498     
           2           3   1.0571139683820150     
           3           4   1.3141618890598601     
           4           5   1.4994792536709267     
           3           6   1.4001534157348963     
           6           7   1.3569315841634686     
           5           8   1.3482209124120454     
           7           8   1.2708510829816524     
           8           9   1.1444498181161011     
           9          10   1.3485687373727633     
          10          11   1.4990064771046101     
          11          12   1.3146315053417432     
          12          13   1.0559678787160023     
          13          14  0.98862059105806499     
          12          15   1.4004886180044505     
           9          16   1.2705538814800219     
          15          16   1.3566037253341610     
           7          17   1.1136630990318686     
          16          17   1.1142472201209936     
          17          18   1.0557789293570135     
          18          19   1.3651862926905749     
          19          20   1.4735669095485482     
          20          21   1.3619652925511920     
          21          22   1.1022459689103417     
          22          23   1.7227753820949385     
          23          24  0.97918945182393291     
          23          25  0.97411977775446856     
          21          26   1.3603301012265079     
          18          27   1.3645317599664624     
          26          27   1.4739240241819354     
           1          28  0.97959226784491849     
           1          29  0.97630872879879138     
           1          30  0.97627591385698198     
           4          31  0.96825289472567044     
           5          32  0.96836579963506753     
           6          33  0.96092296409580535     
          10          34  0.96836065888702960     
          11          35  0.96826040643033673     
          14          36  0.97960593989795142     
          14          37  0.97629349305074342     
          14          38  0.97629422703498614     
          15          39  0.96100599900901684     
          19          40  0.96695350996329554     
          20          41  0.96681584597343151     
          22          42  0.95429096320319817     
          26          43  0.96789300486214391     
          27          44  0.96702919025679224     
