$coord
    5.80980418399228   -2.14719248079087   -4.84423427672723      c
    4.67935511182437   -1.83614904171227   -2.24469305310478      c
    2.43465725872450   -1.56471882688361   -1.88117906224357      o
    6.31861032339152   -1.86926033241956   -0.25531840931920      n
    8.94210298635195   -2.06975133280521   -0.27877940467883      c
   10.36144095020048   -0.30440099590889    0.79360043870717      n
   12.73632380682696   -1.10019091959008    0.53530817297578      n
   12.89727866880432   -3.34740341791232   -0.66812994087928      c
   15.33622490074080   -4.63973898181677   -1.16850572007519      c
   10.44643671524866   -4.06559849226907   -1.22759299253895      c
    9.61225544436750   -6.46155212329135   -2.44304480597143      c
    4.66944031883387   -1.07314883252144   -6.17344944118913      h
    5.73648849555140   -4.12427403422509   -5.40045745909681      h
    7.75470130767891   -1.49574111462281   -4.89395708250788      h
    5.56343353880583   -1.27573692393285    1.39958907530881      h
   14.16222826285810   -0.04937580323031    1.23269509120839      h
   16.89878703853464   -3.56706379297031   -0.37465816997159      h
   15.63734333930026   -4.85072172209273   -3.19407716822244      h
   15.33190716013116   -6.52157432247790   -0.33369961200025      h
   10.74730678369911   -8.03178572024332   -1.75020610765921      h
    9.83344945244755   -6.37739363617569   -4.49000878838659      h
    7.63847021504976   -6.82611913775307   -2.00470013745317      h
$periodic 0
$end
