           1           2   1.8961414918842006     
           2           3   1.0952514795691424     
           3           4   1.3628554283452541     
           4           5   1.4755463159347757     
           5           6   1.3697233663648203     
           6           7   1.0814290737712178     
           7           8   1.9121252600819307     
           6           9   1.3402945538740676     
           9          10  0.95046680004340389     
          10          11  0.93645352651485270     
          10          12  0.94240273328884339     
          10          13  0.94938811472841456     
           3          14   1.3677186953988558     
           9          14   1.4463043898985963     
           1          15  0.97743754790958359     
           1          16  0.97178474400898718     
           2          17  0.96384596477669326     
           4          18  0.96696223270184678     
           5          19  0.96558137649576092     
           7          20  0.95852489867702673     
           8          21  0.97377580716392853     
           8          22  0.97714407710419915     
          14          23  0.96052596935169487     
