           1           2   1.8580935515294836     
           2           3   1.1414274673179281     
           3           4   1.5165972620700146     
           4           5   1.2866962921379685     
           5           6   1.1178663850010375     
           6           7   1.1063222400386832     
           7           8   1.1414197900971481     
           8           9   1.8580989158544212     
           7          10   1.5165879421308039     
           5          11   1.3474255724650825     
          10          11   1.2866996843374956     
           3          12   1.1063032268475277     
          11          12   1.1178715063864637     
           1          13  0.97790661390418265     
           1          14  0.97129180996650055     
           2          15  0.95785867543362535     
           4          16  0.96290284251812486     
           8          17  0.95785937746305294     
           9          18  0.97129234131413589     
           9          19  0.97790642338534384     
          10          20  0.96290409722733861     
