           1           2   1.9199485723889953     
           2           3   1.0727308569366842     
           3           4   1.3833213192403919     
           4           5   1.4553887593267167     
           3           6  0.10040512266152540     
           5           6   1.4236869726013326     
           4           7  0.10459044532595478     
           6           7   1.4452890732270622     
           3           8   1.3450349103065071     
           5           8  0.10220964097183992     
           7           8   1.4014485039974958     
           8           9   1.0299321895864917     
           9          10   1.3927450412827622     
          10          11   1.4532844582371245     
           9          12  0.10222502911507499     
          11          12   1.4189815653087547     
          10          13  0.10613162364586765     
          12          13   1.4575630552246643     
           9          14   1.3493920114454072     
          13          14   1.3809604200256311     
          14          15   1.0643472500361131     
          15          16   1.7540701318316234     
          16          17  0.98276355901063472     
          16          18  0.96896759309962488     
           1          19  0.97738640125600917     
           1          20  0.97311012995511703     
           2          21  0.96071018396669128     
           4          22  0.96874237997340851     
           5          23  0.97070378854749906     
           6          24  0.97055310246904680     
           7          25  0.96940148599787235     
          10          26  0.96900400504596185     
          11          27  0.97028097060523388     
          12          28  0.97044376035149016     
          13          29  0.96905396087910767     
          15          30  0.95141731194020096     
