           1           2   1.9175493685061251     
           2           3   1.0757090040876658     
           3           4   1.3907618038633047     
           4           5   1.4116577737422702     
           5           6  0.99509205617398566     
           6           7   1.7294048235182884     
           6           8   1.1184666693888294     
           7           8  0.17043053428700561     
           8           9  0.95918041658716591     
           5          10   1.3242006524161356     
          10          11   1.0851293854609545     
          11          12   1.9063604478293790     
          10          13   1.3770205470051049     
           3          14   1.3253356046638680     
          13          14   1.4275397753183965     
          14          15  0.97365913585809871     
          15          16   1.7396668858025557     
          15          17   1.1255537876815433     
          16          17  0.17382366244337744     
          17          18  0.95702534021302754     
           1          19  0.97673694976439474     
           1          20  0.97166993614145047     
           2          21  0.95903894496590936     
           4          22  0.96324515768438002     
           9          23  0.98166086390770801     
           9          24  0.97613177287532948     
           9          25  0.97642668532278698     
          11          26  0.95284152647111353     
          12          27  0.97265785232696178     
          12          28  0.97724021783183346     
          13          29  0.96190679525126643     
          18          30  0.98105469998237527     
          18          31  0.97573780044110259     
          18          32  0.97586137501303227     
