           1           2   1.9308492595306215     
           2           3   1.0588699565971784     
           3           4   1.3964162176101360     
           4           5   1.4520067414701652     
           3           6  0.10265716604635816     
           5           6   1.4075939469870198     
           6           7   1.4488981381080484     
           3           8   1.3169896336477969     
           5           8  0.10323608462621187     
           7           8   1.3971331198089967     
           8           9   1.0613203209796531     
           9          10   1.7530478096646993     
          10          11  0.98307629003958807     
          10          12  0.97510152471302869     
           1          13  0.97609470794573783     
           1          14  0.97492155707628858     
           2          15  0.95550926569767447     
           5          16  0.96253528734188110     
           6          17  0.96935684300182379     
           7          18  0.96797295559088647     
           9          19  0.95126873509331977     
