           1           2   1.0310067973118460     
           2           3   1.9304533865451663     
           3           4   1.0380043472090488     
           1           5  0.98959541318059907     
           1           6  0.97274514558361180     
           1           7  0.97274562981049817     
           2           8  0.96978813740014702     
           3           9  0.96801584888942960     
           4          10  0.98437844055717505     
           4          11  0.97144542677123358     
           4          12  0.97144271766426127     
