$coord
    3.40696401013007   -1.69959599705057   -2.12619695961154      c
    3.52561008950701    0.49518968507972   -0.91785786105430      c
    5.20557964078979    2.60194050102278   -1.50514481178532      c
    7.21303382288261    2.39896943199436   -3.20410074695998      c
    8.74284508761975    4.45781143683036   -3.69441680910663      c
    8.30420039733103    6.74542791856320   -2.51375740374089      c
    6.31262468440288    7.00337634696500   -0.80069835854582      c
    5.94097003865392    9.45701414593699    0.38419919791578      c
    4.19025861449256   10.14931867611334    2.03354189014057      c
    2.34331765009308    8.76051359722135    3.01218042503090      f
    4.04225373352203   12.47710888057291    2.98323792656242      f
    4.79048588578416    4.91242870026045   -0.31200647771652      c
    2.09160140338644   -3.14544454268740   -1.56274073252883      h
    4.58827077573743   -2.14744400219578   -3.72175796891130      h
    2.25527678171496    0.83502666988329    0.65078307849251      h
    7.59119880578691    0.62317437974846   -4.13004408631164      h
   10.29421639915529    4.27941033424648   -5.00891141569346      h
    9.50785463278032    8.34519610999957   -2.91055701503708      h
    7.25613592138630   10.92759472791691   -0.14456913633838      h
    3.24380700944628    5.06135095590431    1.00657757107290      h
$periodic 0
$end
