   -0.08689246
   -0.03068887
    0.02428368
   -0.05910527
   -0.00628396
   -0.05541626
   -0.05379803
   -0.05833803
   -0.05587930
   -0.05784425
   -0.05872828
   -0.05766564
   -0.05729371
   -0.05220188
   -0.10093139
    0.01678788
   -0.02979073
   -0.08926319
   -0.05487392
    0.03976722
    0.04759438
    0.03839252
    0.03117455
    0.03675885
    0.03585750
    0.03194439
    0.03149188
    0.03565785
    0.02970660
    0.02753163
    0.02734132
    0.02644333
    0.02956301
    0.03433024
    0.02806295
    0.02573085
    0.03247655
    0.02664604
    0.02870612
    0.03031941
    0.02597257
    0.03610073
    0.02974554
    0.03250192
    0.04193792
    0.04475025
    0.03741745
