           1           2   1.0301539276208644     
           2           3   1.5237048209438195     
           3           4   1.3050854718263225     
           2           5  0.11050319404720173     
           4           5   1.5381826769347453     
           5           6   1.0299142039024332     
           5           7   1.1881256898904531     
           7           8   1.3824739298388011     
           8           9   1.4468627624431554     
           8          10  0.17336430686122131     
           9          10   1.4386234535849005     
           2          11   1.2205412020191297     
           7          11   1.1773318666063999     
          10          11   1.3733488449768336     
           1          12  0.98509090542893241     
           1          13  0.96764521865993647     
           1          14  0.96764013560809159     
           3          15  0.96070691156867782     
           6          16  0.98313598554480308     
           6          17  0.96340436953359276     
           6          18  0.96340577223274226     
