           1           2   1.9270517511778589     
           2           3   1.0689018625464075     
           3           4   1.3904855495742408     
           4           5   1.4390054130527394     
           5           6   1.4461483534189936     
           6           7   1.3795993805598747     
           7           8   1.0497788868093305     
           8           9   1.7652558082454686     
           9          10  0.97927019227235501     
           9          11  0.96845705712328745     
           3          12   1.3546152659153119     
           7          12   1.3771356802385926     
          12          13   1.0318167376337595     
           1          14  0.97782456207665835     
           1          15  0.97473261230691921     
           2          16  0.95445752893641822     
           4          17  0.96762815161706850     
           5          18  0.96958739383717096     
           6          19  0.96961481476130940     
           8          20  0.95102823506592937     
          13          21  0.98073476149312944     
          13          22  0.96468205284780895     
          13          23  0.96951057824817144     
