           1           2   1.8934659566142562     
           2           3   1.0978213304437852     
           3           4   1.3643223153257038     
           4           5   1.4806461277005365     
           5           6   1.3530501420249910     
           6           7   1.0877451065064947     
           7           8   1.8973628906761508     
           6           9   1.3601385027350050     
           3          10   1.3446318425447936     
           9          10   1.4839797824016929     
           1          11  0.97807905450254218     
           1          12  0.97314082910716426     
           2          13  0.96403545100498411     
           4          14  0.96751281657685562     
           5          15  0.96558888162616918     
           7          16  0.96287054664006189     
           8          17  0.97259761183533155     
           8          18  0.97767568061619214     
          10          19  0.95854584545722932     
