           1           2   1.8669473529618568     
           2           3   1.1335251802658588     
           1           4  0.11296276117013622     
           3           4   1.7351489847835979     
           4           5   1.1425536739047013     
           5           6   1.6970352773972930     
           6           7  0.98094867397122520     
           6           8  0.97488339299270321     
           1           9  0.97835788755835684     
           1          10  0.97357380396380488     
           2          11  0.96652061590837979     
           3          12  0.96447760422431794     
           4          13  0.96214698218421257     
           5          14  0.95814750072979171     
