           1           2   1.0235594069709890     
           2           3   1.3747775616161682     
           3           4   1.0221648089839002     
           3           5   1.4012066519605511     
           2           6  0.11071964142852100     
           5           6   1.4545972192396479     
           3           7  0.10761249045232804     
           6           7   1.4111735670453371     
           2           8   1.4100172546403917     
           7           8   1.4541272744502500     
           1           9  0.97796005851735313     
           1          10  0.97277237708672903     
           1          11  0.97276224338557282     
           4          12  0.97836569621113045     
           4          13  0.96867752910618288     
           4          14  0.96869283937053652     
           6          15  0.96364661894963333     
           7          16  0.97048738688230318     
           8          17  0.96918350776069018     
