           1           2   1.8962826736582703     
           2           3   1.0870852015162069     
           3           4   1.3623061609277134     
           4           5   1.3965187248426751     
           5           6   1.0767976019184125     
           6           7  0.98255190936875203     
           5           8   1.2788375476264571     
           8           9   1.0987391317843511     
           9          10   1.8923651982450176     
           8          11   1.3723158291392641     
           3          12   1.3596107133608786     
          11          12   1.4635409702592732     
           1          13  0.97829135430421366     
           1          14  0.97230519752155564     
           2          15  0.96593369710700117     
           4          16  0.96330932904089883     
           7          17  0.97957154195726048     
           7          18  0.97625061131689295     
           7          19  0.97634161607753311     
           9          20  0.96185019021132734     
          10          21  0.97346940270872717     
          10          22  0.97821640232405449     
          11          23  0.95806990935243330     
