           1           2   1.8530032092156485     
           2           3   1.1399663904799231     
           3           4   1.4867951092089993     
           4           5   1.3464404024884917     
           5           6   1.4697585812531262     
           6           7   1.1711333195122184     
           7           8   1.4707634873888038     
           8           9   1.3452202887561517     
           9          10   1.4838274239019364     
          10          11   1.1485982792179221     
          11          12   1.6859482392379670     
          12          13  0.97964269507613355     
          12          14  0.97771891730981086     
           7          15   1.1330727053156424     
          10          15   1.1311257874529896     
           3          16   1.1395846696748915     
           6          16   1.1311335798080449     
           1          17  0.97762089732533131     
           1          18  0.97509224189733634     
           2          19  0.96397846354014549     
           4          20  0.96221291879656490     
           5          21  0.96118004404538759     
           8          22  0.96083109225474528     
           9          23  0.96122609762990663     
          11          24  0.95502759214402211     
