$coord
    2.96529162607099   -1.54274904159300   -1.11364612210206      c
    4.00698210941092    0.54255487827870   -0.19157466557891      c
    5.24909834885391    0.72718514155829    2.27046031558779      c
    7.42121813884442    2.21233677921998    2.49902947675872      c
    8.74398781990378    2.41969261661336    4.59795005333429      n
    8.01171637755476    1.13144713273717    6.59869013257467      c
    5.88700742732253   -0.44026566798656    6.65098755036058      c
    5.14865766706678   -1.77624211560903    8.94681379226024      c
    6.75920215329377   -2.54475282243222   10.70768231219376      c
    4.44985097895424   -0.58862266619423    4.42727844732742      c
    2.06091614492953   -2.10975249999357    4.41319235070588      c
    1.93521403998123   -4.28983070532237    5.00800369707842      o
   -0.03109682044593   -0.80658581542666    3.76231149302481      o
    2.14302818410125   -1.58445318009706   -2.97357690188302      h
    2.91864030164522   -3.29015114467842   -0.06998884459922      h
    4.11008436957949    2.23463837121013   -1.33842677146306      h
    8.11988406806972    3.27269386813780    0.89629721843885      h
    9.14366091415921    1.39728176642664    8.27803729944806      h
    3.15744428667512   -2.19069315861655    9.14604211123151      h
    8.76898338563761   -2.26121224945936   10.54725400975199      h
    6.11756196420086   -3.53537089684631   12.36322383891716      h
    0.33922146479227    0.90332080136725    3.23921553302924      h
$periodic 0
$end
