           1           2   1.9235438216662293     
           2           3   1.0674854167850498     
           3           4   1.3883378891384321     
           4           5   1.4510073057480530     
           3           6  0.10149689410199836     
           5           6   1.4272951648291015     
           4           7  0.10455765612903821     
           6           7   1.4432688958399889     
           3           8   1.3444382068907099     
           5           8  0.10253280104219870     
           7           8   1.4031145132596365     
           8           9   1.0311837936866923     
           9          10   1.3987968770578896     
          10          11   1.4465377589618942     
           9          12  0.10298087395393371     
          11          12   1.4267866110993144     
          10          13  0.10501630216846805     
          12          13   1.4487884599107235     
           9          14   1.3458760761718866     
          11          14  0.10152603832994761     
          13          14   1.3926229141369539     
          14          15   1.0553475100657919     
          15          16   1.7626908079054779     
          16          17  0.98076050881556232     
          16          18  0.96938782685003388     
           1          19  0.97743302129357412     
           1          20  0.97419854037475428     
           2          21  0.96032736429463650     
           4          22  0.96895620410691863     
           5          23  0.97064267146857708     
           6          24  0.97048649293544065     
           7          25  0.96888671224380318     
          10          26  0.96870933383848135     
          11          27  0.97044491169642177     
          12          28  0.97044392687516368     
          13          29  0.96911478683153218     
          15          30  0.95062872165232926     
