           1           2   1.9182011215006212     
           2           3   1.0757207486293117     
           3           4   1.3979810755555813     
           4           5   1.4041824770920863     
           5           6  0.87870002450924833     
           6           7   1.0816581137729302     
           7           8  0.91289723763969255     
           7           9  0.94782714212201746     
           7          10  0.91248116032375259     
           5          11   1.4042612197810493     
          11          12   1.3979278049667423     
          12          13   1.0738641620295073     
          13          14   1.9124057234891021     
           3          15   1.2913412865539036     
          12          15   1.2930794091985269     
          15          16   1.1979150746899043     
           1          17  0.97762337555887979     
           1          18  0.97423762465544450     
           2          19  0.95171039585501371     
           4          20  0.96310513869042857     
          11          21  0.96495881793746374     
          13          22  0.95959509394408771     
          14          23  0.97215661105200835     
          14          24  0.97716388385521080     
          16          25  0.93719972862726619     
          16          26  0.94064862632409951     
