$coord
    4.55306690288008    1.06259647824131   -2.26217483868202      c
    4.13553232589127    0.62206832684935    0.32257656370772      o
    5.56700071998687    1.91289524607230    2.03745506848585      c
    5.00982785327974    1.38928286685011    4.57909020469848      c
    6.31302407184007    2.53800870248609    6.51139920051042      c
    7.44558650520726    3.62496526869427    1.40143119834951      c
    8.72812973352484    4.80830622278243    3.36258303211083      c
    8.19925853285976    4.26907160640461    5.92024284244043      c
    9.91601684924997    5.76167519587307    7.39662409287480      c
   10.28872958393662    6.07368874612760    9.97532700832918      c
   12.12752516675673    7.74032089012955   10.78151350752406      c
   13.56905240256871    9.10712539234298    9.05464772095706      c
   13.23469544959834    8.82865346205838    6.47912204760003      c
   11.41970111356940    7.12588611315806    5.65875235709420      c
   10.67751419508394    6.53166488808019    3.22718285616735      n
   11.76934411966318    7.47242341526008    1.00339087739136      c
   10.26691944626032    8.51549241794616   -0.88370295694268      c
   11.35831710548324    9.41326465716484   -3.08081783162309      c
   13.95594829349288    9.31598315710988   -3.43990400666048      c
   15.14839101264962   10.32892966765450   -5.79911973025690      c
   15.44383256921300    8.28432220472249   -1.53524919145687      c
   14.37432087840208    7.36054733910962    0.65792480919617      c
    3.19925715576812   -0.12553541487453   -3.25838957580185      h
    6.47305987374446    0.53145158470254   -2.82656306108201      h
    4.21805232886344    3.04386348441017   -2.75999469514820      h
    3.53103782578244    0.04033391868650    4.96008389194539      h
    5.88312737722151    2.09989029382062    8.45633736506630      h
    7.93631828801282    4.02600528367331   -0.53458025149814      h
    9.15224524416334    5.03584440997328   11.31482034666117      h
   12.44882081475479    8.00730275295367   12.77918938847249      h
   14.97398368227357   10.41855760664473    9.74237969228293      h
   14.33843693184356    9.91844391104786    5.15304051846690      h
    8.24909017549202    8.64242545187418   -0.60831294489654      h
   10.16966664187924   10.21621838338601   -4.53483178206684      h
   13.75552036552376   10.55257144883490   -7.29256323502673      h
   16.63800524765696    9.07379452837124   -6.45866312435433      h
   15.99547654570905   12.17012687190739   -5.42712005518629      h
   17.46830707463553    8.18723682349250   -1.78538093293675      h
   15.54343600232414    6.52523716391290    2.10643004725480      h
$periodic 0
$end
