$coord
    1.84149074227413    0.42653807222284   -0.80076134700861      c
    4.20386862880759    1.24628615559583   -0.55288982580117      c
    5.36676151374196    2.15781205930755    1.75586864957892      c
    4.15240419188983    2.41943963615428    4.04667885142550      c
    5.40980282627131    3.32327038975115    6.18586709853471      c
    4.00944450586936    3.49736936275833    8.31648399091744      f
    7.92524277870507    4.04085546058254    6.27862994693967      c
    9.04291896555161    4.96963855373514    8.60020534453720      c
   11.42997712018991    5.70267207263914    8.87760653440984      c
    9.22598262198474    3.78578192852675    3.94571751881158      c
   11.64093493997302    4.32352961867620    3.47346159988457      n
   12.24116957489592    3.72958884254424    0.55637184722263      s
    9.48991167709725    2.76174916522716   -0.27192135396656      n
    7.95500502214561    2.85967286809798    1.72121286907698      c
    1.13649051540338   -0.21831910705817   -2.59557801305388      h
    0.52802856783831    0.35869321045854    0.75186387250647      h
    5.45718300480586    1.26517818440532   -2.16761018143438      h
    2.18321954572303    1.93843453774550    4.25129728786252      h
    7.75663127262909    5.04409572466047   10.18994058635557      h
   12.74682971534807    5.64702907451606    7.32929646256133      h
   12.11565319958951    6.37770051702524   10.66997778728888      h
$periodic 0
$end
