$coord
    1.68170803014910   -0.14939035771667   -0.00141371649501      c
    4.50122751804438   -0.03340963951748   -0.00125351393451      c
    5.84082715178759    2.17452004014695   -0.00154209726555      c
    8.50983678908655    2.23828339256419   -0.00126287903287      c
    9.95334142143244    0.09684223560741   -0.00067663869423      c
   12.77518038690857    0.11563306111793   -0.00022332273743      c
    8.64568455027387   -2.24380570019912   -0.00053184200714      c
    9.73759315464510   -4.50373282441617   -0.00039869714593      n
    7.39131508270481   -6.83422591036642    0.00084561585620      se
    4.93642159610616   -4.61843572375873   -0.00091269075121      n
    5.91916479500462   -2.30894303707814   -0.00082400793540      c
    0.86832173543766    1.73668636473325   -0.00172513492955      h
    1.02118746794317   -1.17544703276983    1.65564666583164      h
    1.02133361401731   -1.17593400491151   -1.65822745594720      h
    4.83497534397693    3.95191551020868   -0.00209081362648      h
    9.42966413594907    4.06168410314817   -0.00161293756390      h
   13.49757619917543    2.03839917777971   -0.00069057998867      h
   13.48418331889299   -0.87848905277305   -1.65671009860566      h
   13.48357846274525   -0.87743155661519    1.65716352921291      h
$periodic 0
$end
