           1           2   1.0302871429530653     
           2           3   1.5591206814132663     
           3           4   1.2788252622217526     
           2           5  0.10852729187496821     
           4           5   1.5591204283636699     
           5           6   1.0302872416264854     
           5           7   1.1960495143085335     
           7           8   1.4208733137778768     
           7           9  0.11377799838969771     
           8           9   1.4879872131517111     
           8          10  0.15219007525867928     
           9          10   1.4879895261654643     
           2          11   1.1960489079084997     
           7          11   1.1403058023828159     
           9          11  0.11377763504539247     
          10          11   1.4208743779104696     
           1          12  0.98537388529718284     
           1          13  0.96768302857406874     
           1          14  0.96768267913157879     
           3          15  0.96755123024593281     
           4          16  0.96755120884551504     
           6          17  0.98537376053722081     
           6          18  0.96768589422567886     
           6          19  0.96767971797738350     
