           1           2   1.8596963435580165     
           2           3   1.1399335150673959     
           3           4   1.5020552174501982     
           4           5   1.3016008419537657     
           5           6   1.0112903643765643     
           6           7  0.98799598533133970     
           7           8   1.0088833243380797     
           8           9   1.0070940819126810     
           9          10   1.0068908322347110     
          10          11   1.0088987839212764     
          11          12   1.0060216981246166     
          12          13   1.0077208214752911     
          13          14   1.0077951727771735     
          14          15   1.0063489668846217     
          15          16   1.0088113433553443     
          16          17   1.0189523278087584     
           5          18   1.4698868860704080     
          18          19   1.1439276717607323     
          19          20   1.8563353886933434     
           3          21   1.1362602062439324     
          18          21   1.1289547782289413     
           1          22  0.97846097858436687     
           1          23  0.97227479295869368     
           2          24  0.95889842436966244     
           4          25  0.96274918831326239     
           6          26  0.96750178802351783     
           6          27  0.97155681358527302     
           7          28  0.97632743179982162     
           7          29  0.97334189677835925     
           8          30  0.97542246642016983     
           8          31  0.97582032167152533     
           9          32  0.97417251576072295     
           9          33  0.97725924503242823     
          10          34  0.97308752296907364     
          10          35  0.97659053731489209     
          11          36  0.97695891763216269     
          11          37  0.97560558693824184     
          12          38  0.97732740653012951     
          12          39  0.97709408414588195     
          13          40  0.97719211550757179     
          13          41  0.97377979282099492     
          14          42  0.97744378906651808     
          14          43  0.97707348219785040     
          15          44  0.97709125655207085     
          15          45  0.97744153239400688     
          16          46  0.97686018620855108     
          16          47  0.97838851381501257     
          17          48  0.98808998033778761     
          17          49  0.98763823721248512     
          17          50  0.98791518065202333     
          19          51  0.95535828479572615     
          20          52  0.97176431283850895     
          20          53  0.97863797600845270     
