           1           2   1.9152903630220552     
           2           3   1.0803811235077536     
           3           4   1.3822105281775294     
           4           5   1.4563223272342989     
           5           6   1.3922511223157319     
           6           7   1.0291432857144078     
           6           8   1.3739565489565417     
           8           9  0.95408125564590884     
           3          10   1.3251851660792877     
           8          10   1.3567477476017353     
          10          11   1.0701218697262569     
          11          12   1.7498215598062345     
          12          13  0.98229342450497081     
          12          14  0.97552272975885856     
           1          15  0.97734928651982000     
           1          16  0.97393257858876081     
           2          17  0.95829841708166019     
           4          18  0.96544051314067125     
           5          19  0.96741883216828617     
           7          20  0.98521009134083315     
           7          21  0.96989481781464060     
           7          22  0.96717891768260700     
          11          23  0.94833996692556122     
