           1           2   1.8802564316698485     
           2           3   1.1161025129048308     
           3           4   1.2952946404466861     
           4           5   1.0296063125926034     
           4           6   1.4779943423808599     
           6           7   1.1949325772890742     
           7           8   1.0051148562651280     
           3           9   1.3464388131805101     
           6           9  0.12790713355695021     
           7           9   1.2389469253529173     
           9          10   1.1130029439283380     
          10          11   1.8780757415325653     
           1          12  0.97944305187739833     
           1          13  0.97368105283772521     
           2          14  0.96176500210522231     
           5          15  0.97185594281992604     
           5          16  0.98252409341309033     
           5          17  0.96827235441080095     
           8          18  0.97673533584438388     
           8          19  0.96946936542070739     
           8          20  0.97352244541933841     
          10          21  0.95796281897267133     
          11          22  0.97397418265581248     
          11          23  0.97863145485788405     
