           1           2   1.9420239614117263     
           2           3   1.0481013013459373     
           3           4   1.3258867404400185     
           4           5   1.2453313966516264     
           5           6   1.5935293209124619     
           6           7   1.2823359548925424     
           5           8  0.11958061126514388     
           7           8   1.5953753075556023     
           4           9   1.2064170683761073     
           8           9   1.2416795550768851     
           3          10  0.12425511998737473     
           9          10   1.3324572830141264     
          10          11   1.0093492426415098     
          11          12   1.3323727434595192     
          12          13   1.2417027790208308     
          13          14   1.5953531450955991     
          14          15   1.2823618520476896     
          13          16  0.11958209892889063     
          15          16   1.5935034744561927     
          12          17   1.2064568663438862     
          16          17   1.2453492201877685     
          11          18  0.12425219269035838     
          17          18   1.3258287590933524     
          18          19   1.0481436686525396     
          19          20   1.9419813908560812     
          18          21   1.3224205215953797     
          21          22   1.2464503015869601     
          22          23   1.5918235346238880     
          23          24   1.2841993878295443     
          22          25  0.11962139195183873     
          24          25   1.5935891153778849     
          11          26   1.3280067862772291     
          21          26   1.2098654645054348     
          25          26   1.2432292694476856     
          10          27   1.3279384136563084     
          27          28   1.2432392546498292     
          28          29   1.5935808237443994     
          29          30   1.2842124016123662     
          28          31  0.11962417754765239     
          30          31   1.5918139826399826     
           3          32   1.3223978139196810     
          27          32   1.2099018859457380     
          31          32   1.2464517859730062     
           1          33  0.97719081641403494     
           1          34  0.97618517265501692     
           2          35  0.95349300768596845     
           5          36  0.96444864262832219     
           6          37  0.97101392769532646     
           7          38  0.97091973767340245     
           8          39  0.96533644656228712     
          13          40  0.96532844808216167     
          14          41  0.97091993013337086     
          15          42  0.97101326362476170     
          16          43  0.96445736674255189     
          19          44  0.95350277058296729     
          20          45  0.97618806809950809     
          20          46  0.97719064952760304     
          22          47  0.96484954906547649     
          23          48  0.97102333538742580     
          24          49  0.97095774822577730     
          25          50  0.96548256950486955     
          28          51  0.96547360649219827     
          29          52  0.97095796884747598     
          30          53  0.97102255788571068     
          31          54  0.96485047698574367     
