           1           2  0.99588838539582447     
           2           3  0.99565619534364525     
           2           4  0.88945480067343363     
           4           5   1.1228510161512011     
           5           6   1.0738694455086444     
           6           7   1.1214493445210765     
           7           8   1.6804851701736490     
           6           9   1.1026696695094118     
           8          10   1.1770869297163424     
           9          10   1.2632201255305942     
          10          11   1.3681011745237788     
          11          12   1.4082669385275015     
          12          13   1.0976948775494118     
          13          14   1.7297063978909473     
          14          15  0.97722466038059674     
          14          16  0.97054164308651347     
          12          17   1.3281719075862426     
           9          18   1.3610914692894016     
          11          18  0.10153408749449848     
          17          18   1.4876567903561981     
           4          19  0.15581653842116724     
           5          19   1.6672371200637062     
           6          19  0.10391942274677043     
           2          20  0.99570499102460786     
           1          21  0.98488022495126204     
           1          22  0.97958247039299784     
           1          23  0.98315336344057658     
           3          24  0.98419368925374484     
           3          25  0.98362517081235601     
           3          26  0.98421112146535883     
           7          27  0.96610423698384629     
           8          28  0.97125665567116282     
          11          29  0.96543340461676497     
          13          30  0.95412403094884901     
          17          31  0.96827839637966540     
          18          32  0.96229406873397938     
          20          33  0.98320111015227996     
          20          34  0.97999158235331885     
          20          35  0.98491695302820348     
