$coord
    1.76208422164191    0.24505035807497    0.16014598992449      c
    4.56472177928640    0.03445283541925    0.17079269393156      c
    6.31654502638128    1.90333577573456    0.18061824767165      c
    8.85740392769430    1.02793568202736    0.18918076696822      c
   11.08743374189867    2.76790248329195    0.20067884440342      c
    9.00667712643706   -1.54015198905997    0.18570278147516      c
   11.29005245404569   -3.18334733717742    0.19207571707026      c
    6.01621842502142   -2.91152722023788    0.17181416395445      s
    1.20974965489989    2.22493277062632    0.16108021346816      h
    0.95605207834344   -0.67078586570825    1.81989185070230      h
    0.96909608137908   -0.66557927624003   -1.50872268670450      h
    5.82834394318205    3.87803784163802    0.18183389929598      h
   10.45543027951934    4.72203412868913    0.20087079971246      h
   12.26251682444279    2.46186340085709   -1.46253429654539      h
   12.24897251603635    2.45716114805392    1.87251714350043      h
   12.99263884529242   -2.03464790681402    0.20067931182338      h
   11.31698302266534   -4.39509253408349   -1.47380965050344      h
   11.30380460405658   -4.40047889503553    1.85418907358842      h
$periodic 0
$end
