           1           2   1.8705823047630283     
           2           3   1.1160406691557678     
           3           4   1.5063230183146481     
           4           5   1.2883131225968951     
           5           6   1.0307747029332532     
           6           7   1.7155762149902674     
           6           8   1.1060682713213581     
           7           8  0.16560177771286538     
           8           9  0.94083908779977998     
           9          10   1.0117783425079352     
           5          11   1.4082120935823164     
          11          12   1.1253345985363798     
          12          13   1.8580320852659147     
           3          14   1.0932389309574373     
          11          14   1.1352487184258047     
           1          15  0.97842533472849513     
           1          16  0.97520576166057826     
           2          17  0.96353335342506963     
           4          18  0.97179822265629967     
           9          19  0.97245678146757775     
           9          20  0.96809033871276817     
          10          21  0.98646060725586338     
          10          22  0.98377669189690842     
          10          23  0.98505750066601028     
          12          24  0.95806838851637122     
          13          25  0.97477015333571282     
          13          26  0.97833894168607594     
