           1           2   1.8587677543992920     
           2           3   1.1398997030123084     
           3           4   1.1312152612217063     
           4           5   1.1304115688589078     
           5           6   1.1410590164798566     
           6           7   1.8579970030056410     
           5           8   1.4726194205820105     
           8           9   1.0106326819069622     
           9          10  0.98950715130657430     
          10          11   1.0067354979918077     
          11          12   1.0074857847155636     
          12          13   1.0079484167039501     
          13          14   1.0200247905325621     
           3          15   1.4733140877474258     
           8          15   1.2742962903407200     
          15          16   1.0111268416527825     
          16          17  0.98927901572858479     
          17          18   1.0096379920714547     
          18          19   1.0059116679144369     
          19          20   1.0088029522473987     
          20          21   1.0189632629197796     
           1          22  0.97865926987089125     
           1          23  0.97177896332060509     
           2          24  0.95440437275101575     
           6          25  0.95206716760204635     
           7          26  0.97181665825300423     
           7          27  0.97865446204874873     
           9          28  0.96341383342727993     
           9          29  0.96464649131660107     
          10          30  0.97316213006065955     
          10          31  0.97303572615640754     
          11          32  0.97696995144127841     
          11          33  0.97454574704476138     
          12          34  0.97564209510734079     
          12          35  0.97698949096300469     
          13          36  0.97350155571763730     
          13          37  0.97853557764802612     
          14          38  0.98614337566666466     
          14          39  0.98757637926484754     
          14          40  0.98771708861801455     
          16          41  0.96575276595631210     
          16          42  0.96457482341099166     
          17          43  0.97518479734579833     
          17          44  0.97415827359904705     
          18          45  0.97332570548312958     
          18          46  0.97555691434395608     
          19          47  0.97734626676164793     
          19          48  0.97702026653955087     
          20          49  0.97838740388932033     
          20          50  0.97685104105326492     
          21          51  0.98788094487460398     
          21          52  0.98761648970382776     
          21          53  0.98807658756297734     
