           1           2   1.8575820251881185     
           2           3   1.1358945911786253     
           3           4   1.4999088168803223     
           4           5   1.3036426306154660     
           5           6   1.0125663438155548     
           6           7  0.98676331690324326     
           7           8   1.0075395339178836     
           8           9   1.0095587415157290     
           9          10   1.0064563174996912     
          10          11   1.0201966996189400     
           5          12   1.4679350835041678     
          12          13   1.1404311040627331     
          13          14   1.8534336480889699     
           3          15   1.1421028477270494     
          12          15   1.1314297615670501     
           1          16  0.97810534794096760     
           1          17  0.97485351025740774     
           2          18  0.96462429579939402     
           4          19  0.95993325408596308     
           6          20  0.96545661793223236     
           6          21  0.96929045187328877     
           7          22  0.97532670063376325     
           7          23  0.97622475314104240     
           8          24  0.97037599986095791     
           8          25  0.97690951911432400     
           9          26  0.97799308007986863     
           9          27  0.97295949341083021     
          10          28  0.97813309207265331     
          10          29  0.97897020281124558     
          11          30  0.98504535401487991     
          11          31  0.98751151073707821     
          11          32  0.98736705095950539     
          13          33  0.96255127097179427     
          14          34  0.96970855735251682     
          14          35  0.97778595280220137     
