           1           2   1.9058577944587338     
           2           3   1.0856065901967427     
           3           4   1.3740869704172083     
           4           5   1.3869750545591941     
           5           6   1.0854582658520477     
           6           7   1.9058717547112511     
           5           8   1.3787362969847901     
           8           9   1.3602336615523714     
           9          10   1.1154291857166501     
          10          11  0.99781436450980510     
          11          12  0.99096023075306727     
          12          13  0.97095145153924500     
          13          14  0.97065645181347926     
          10          15   1.0054283816717298     
          14          15  0.99151644345279843     
          13          16  0.95210705185895717     
          16          17  0.98434579667430455     
          17          18  0.99064776740881710     
          13          19  0.95128600333220215     
          18          19  0.98347516318612938     
           3          20   1.3928863419163124     
           9          20   1.3504855296764160     
           1          21  0.97842205080975297     
           1          22  0.97292424563656876     
           2          23  0.96444213117201627     
           4          24  0.96118264844633372     
           6          25  0.96439312045514436     
           7          26  0.97305797263938687     
           7          27  0.97842696601854273     
           8          28  0.96160747570390126     
          11          29  0.96902447787551782     
          11          30  0.96554564606013993     
          12          31  0.97420776626124073     
          12          32  0.97471111294089519     
          14          33  0.97451556450713306     
          14          34  0.97193845004772295     
          15          35  0.96756796205028750     
          15          36  0.96788216366806479     
          17          37  0.96988814296781878     
          17          38  0.97221617543336269     
          18          39  0.97209557771213584     
          18          40  0.96996371352291977     
          20          41  0.96068584722261463     
