           1           2   1.8970844750811926     
           2           3   1.0876088137321671     
           3           4   1.5159746680888460     
           4           5   1.2258947419885067     
           5           6   1.0803589287742288     
           6           7   1.1220004975770601     
           7           8   1.8751927638868124     
           3           9   1.2321266854050568     
           5           9  0.15276255931834562     
           6           9   1.5984026347052029     
           1          10  0.97796405737733794     
           1          11  0.97532487243619037     
           2          12  0.96233343197095611     
           4          13  0.96861580007481884     
           7          14  0.95515466013119577     
           8          15  0.97082625641517173     
           8          16  0.97707165038250798     
