$coord
    4.47245951618084   -0.44169273406942   -2.20566470553423      c
    4.22673724407890    0.18573283452195    0.19713642802682      c
    5.73700219199690   -0.93703947309307    2.24930964010711      c
    4.92075649676754   -3.06409589111285    3.56286694693288      c
    6.40541998461205   -4.02885640572583    5.48153328981413      c
    8.69176875351574   -2.84139489856777    6.06327606189589      c
   10.29841399044797   -3.79755304813032    8.08787388752017      c
   12.47573375661844   -2.73866764735735    8.74181551212520      c
    9.47235763060107   -0.80854870064901    4.79576829723973      n
    8.05312818669228    0.09649627864048    2.97008669885315      c
    3.34403737862622    0.41639898299111   -3.66522635195439      h
    5.81944334224526   -1.84659073048933   -2.80579275010749      h
    2.86537396378900    1.60196679568432    0.77692950331621      h
    3.14412782674040   -3.94576980390128    3.07198034088770      h
    5.81354354632224   -5.68055209356856    6.52424231721818      h
    9.59903119341911   -5.45703980860502    9.05793304079465      h
   13.14591240417430   -1.08662711872206    7.76335364942663      h
   13.62698304007671   -3.47559223443119   10.24826249191913      h
    8.79068741468101    1.74600356540622    2.00867000956555      h
$periodic 0
$end
