           1           2   1.9041189705588428     
           2           3   1.0881093540865927     
           3           4   1.3662675224337721     
           4           5   1.4206598400475643     
           5           6   1.0277751799707540     
           5           7   1.3710930717897150     
           7           8  0.95596871687482232     
           7           9   1.3297093724387274     
           9          10   1.0980404518303264     
          10          11   1.7288301030957440     
          11          12  0.97890501321175616     
          11          13  0.97760149734858992     
           3          14   1.3910480648936443     
           9          14   1.3816985568372753     
           1          15  0.97754255106127519     
           1          16  0.97172830014020495     
           2          17  0.96394462272847004     
           4          18  0.96552486576621943     
           6          19  0.98538867288083354     
           6          20  0.97023518180364687     
           6          21  0.96810189880844766     
          10          22  0.95157135326459863     
          14          23  0.96063424272478692     
