           1           2   1.9012243813011778     
           2           3   1.0825759195404905     
           3           4   1.3150267668312923     
           4           5   1.4674699700057072     
           5           6   1.0803377446069065     
           6           7   1.9066691285117592     
           5           8   1.2235623851833430     
           8           9   1.2019143884931054     
           8          10   1.3724155328000918     
           3          11   1.4091601087338261     
          10          11   1.3973598688253728     
           1          12  0.97830811733764422     
           1          13  0.97282270552002692     
           2          14  0.96585679541019986     
           4          15  0.96629051448143566     
           6          16  0.96033803246996963     
           7          17  0.97236604501825274     
           7          18  0.97757493085591274     
           9          19  0.94110525976371662     
           9          20  0.94531132799699791     
