           1           2   1.9098271411312071     
           2           3   1.0821138193503186     
           3           4   1.3841527154247422     
           4           5   1.3654054982863657     
           5           6   1.0903418435781216     
           6           7   2.8071250814107147     
           5           8   1.3732309976893886     
           8           9   1.3777164032968274     
           9          10   1.0849978817121129     
          10          11   1.9066793337117893     
           3          12   1.3823415256452687     
           9          12   1.3865402970092828     
           1          13  0.97758449536215120     
           1          14  0.97278933631003062     
           2          15  0.96348267980377289     
           4          16  0.96835151719759138     
           8          17  0.96537328038973702     
          10          18  0.96378570999806845     
          11          19  0.97251299537499403     
          11          20  0.97761407523191290     
          12          21  0.96338630054975649     
