           1           2   1.9007269350148928     
           2           3   1.0835727665252159     
           3           4   1.3998329221390544     
           4           5   1.3569220326731770     
           5           6   1.0760342894773123     
           6           7  0.97915800560783639     
           5           8   1.3229232846087247     
           8           9   1.0603099652582331     
           9          10   1.9235864908775062     
           8          11   1.3513358136701852     
           3          12   1.3368263058149576     
          11          12   1.4853213820903641     
           1          13  0.97818558590017657     
           1          14  0.97232947126658564     
           2          15  0.96584024297322191     
           4          16  0.96512600548908134     
           7          17  0.97817784613984937     
           7          18  0.97358304959427722     
           7          19  0.97580773539894283     
           9          20  0.95697835087741046     
          10          21  0.97581978972133487     
          10          22  0.97786922487029115     
          11          23  0.96002943991086875     
