           1           2   1.0342037631401633     
           2           3   1.2313062331645976     
           3           4   1.5561725974832969     
           4           5   1.0378082572772629     
           4           6   1.1721224921544584     
           6           7   1.0215361092020159     
           7           8   1.7191539704680530     
           7           9   1.1304045476539806     
           8           9  0.16711928772147427     
           9          10  0.88294089300612777     
          10          11  0.99621755410909441     
          10          12  0.99588629785218097     
          10          13  0.99608847404068168     
           2          14   1.5758566674969892     
           4          14  0.12506267660571668     
           6          14   1.1241459293680380     
           1          15  0.96409705810416202     
           1          16  0.98219170054303095     
           1          17  0.96634384455037825     
           5          18  0.97842234740595346     
           5          19  0.96100351866330991     
           5          20  0.96227702050878305     
          11          21  0.98471522345552753     
          11          22  0.97922094611550059     
          11          23  0.98267081065917328     
          12          24  0.98406640937272094     
          12          25  0.98317024667317554     
          12          26  0.98400199356480023     
          13          27  0.97946605705287759     
          13          28  0.98479764531340441     
          13          29  0.98269431033894306     
