           1           2   1.9040677469359175     
           2           3   1.0880820919915732     
           3           4   1.3722894900869496     
           4           5   1.4475795075667455     
           5           6   1.4435860630631761     
           6           7   1.3727052098436006     
           7           8   1.0701073602813558     
           8           9   1.7460838600622994     
           9          10  0.99569939112889794     
           9          11  0.97560621418746496     
           3          12   1.3413219685487963     
           7          12   1.3562986569273612     
          12          13  0.96560632184299267     
           1          14  0.97747063979221627     
           1          15  0.97272235342903934     
           2          16  0.96230125604761918     
           4          17  0.96518107633523087     
           5          18  0.96896447072724301     
           6          19  0.96886565977525918     
           8          20  0.95191218032525815     
