$coord
    3.94840552092252    1.25731949003570   -2.10492961306762      c
    5.23275678535652    0.39272508882484   -0.12926724339800      c
    6.16546975480642   -2.17033753686970    0.23325391491058      c
    7.65440207857081   -2.70463700721137    2.34744311044862      c
    8.60504602962260   -5.09065325754250    2.78151735885302      c
    8.09104700464457   -7.06041387872189    1.10181504216728      c
    9.02749813323515   -9.62016566240283    1.42221207852051      c
   10.47729074775620  -10.53537222740007    3.24849964230293      c
   11.41615396988991   -9.32636996588631    5.23624076885771      f
   11.22265780299334  -12.93946778304094    3.33514747895135      f
    6.58887945679568   -6.53644105361475   -1.00791143397938      c
    5.64707151814075   -4.14859930283172   -1.43532001208970      c
    3.34477007543334    3.19734346526327   -2.20346686765794      h
    3.45245050904888    0.09192385319017   -3.69695916388376      h
    5.68133734354730    1.68028568955796    1.39784516634679      h
    8.07562388956587   -1.20789059072835    3.67157703605654      h
    9.74910242434850   -5.41738754208758    4.43440827420829      h
    8.48626932063681  -10.97300354048475   -0.00951555369834      h
    6.16225725365488   -8.03740126100074   -2.32521974380431      h
    4.48856173731978   -3.81648725820512   -3.07987106027940      h
$periodic 0
$end
