           1           2   1.0213770664470647     
           2           3   1.3755828905501155     
           3           4   1.4502011611507750     
           2           5  0.10322699677525358     
           4           5   1.4440410685442218     
           3           6  0.10593593454011264     
           5           6   1.3765045318007827     
           6           7   1.0477706540858904     
           7           8   1.3763686093514997     
           8           9   1.4441575359666652     
           7          10  0.10594196856310573     
           9          10   1.4501169507198535     
           8          11  0.10324481206567859     
          10          11   1.3756436077235916     
          11          12   1.0213717581750836     
           7          13   1.3768595599690769     
          11          13   1.4338032980450373     
           2          14   1.4338935135267579     
           6          14   1.3767378063302314     
           1          15  0.97258659491554711     
           1          16  0.98436156368222250     
           1          17  0.96881787755437632     
           3          18  0.97006328515357620     
           4          19  0.96968850776211335     
           5          20  0.96580464109601927     
           8          21  0.96576470929876301     
           9          22  0.96968178513224634     
          10          23  0.97006143554039659     
          12          24  0.97283741276175539     
          12          25  0.98433716231427859     
          12          26  0.96861248308727221     
