$coord
    2.15971607704710   -0.01585549230690   -0.27085124613358      c
    4.66552450300603    0.03019985438713   -0.18672421527388      c
    6.17116650385759    2.12486916150289    0.80831683904467      c
    8.43166164601548    2.73577200554697   -0.39454933787221      c
    9.88988597798161    4.79039683418652    0.33806798789127      c
   12.34983929691234    5.24432046583574   -0.97827274026688      c
   14.27888650897481    5.76680465120205    0.08394800277819      o
   12.28447190967375    4.98630530399241   -3.50993255029826      o
    9.10533301671456    6.33773229952268    2.34981754823674      c
   10.57226335369677    8.53840942364774    3.12233253842567      c
   10.55898427334147    9.51415282648837    5.43332698240880      c
    6.83472382944443    5.73116459179309    3.53861339336715      c
    5.40512511752273    3.65052021755100    2.83839942817343      c
    3.11702124778407    3.11454367414841    4.41591571542067      c
    1.60325666049392    4.69868277533445    4.98282335431876      o
    2.92792752507898    0.73762010204032    5.30418641670155      o
    1.15459005809876   -1.58331996078873   -1.08829572871081      h
    1.02016292556481    1.51247116596868    0.44465436895651      h
    5.74489185594013   -1.49780670943112   -1.01812896452197      h
    9.06630296708818    1.53358883989880   -1.92424797079971      h
   10.60354550773157    4.64752124715965   -4.13877552247702      h
   11.77919039987283    9.35577824248939    1.69245492437247      h
    9.47338692702444    8.71250481996798    6.95684240519319      h
   11.68821133394276   11.14068160959228    5.89397717811784      h
    6.14247846535604    6.90338306703634    5.05647665220532      h
    4.23945935764857   -0.35818491264016    4.66103783541170      h
$periodic 0
$end
