           1           2  0.97904744945839184     
           2           3  0.98794873984258613     
           3           4   1.3769146810854591     
           4           5   1.0250806998253741     
           4           6   1.4115233611926443     
           6           7   1.4182353177494391     
           7           8   1.0239422045992934     
           4           9  0.10395557204755904     
           7           9   1.4071027591949017     
           3          10   1.3678237297413252     
           6          10  0.10173141945746703     
           9          10   1.4230114964399962     
          10          11   1.0249507929478063     
           1          12  0.98041096224302993     
           1          13  0.97917692229307363     
           1          14  0.97845000889905442     
           5          15  0.98055143466475037     
           5          16  0.96803856771578001     
           5          17  0.98053440188158469     
           6          18  0.96694692512946312     
           8          19  0.98597725386614044     
           8          20  0.97481081533993397     
           8          21  0.97236044227261609     
           9          22  0.96811154054544779     
          11          23  0.97993814108066191     
          11          24  0.96848670431027761     
          11          25  0.98094380431133810     
