           1           2   1.9028136395064257     
           2           3   1.0866485310382352     
           3           4   1.2467879421308203     
           4           5   1.5078017160736774     
           5           6   1.1061724312350032     
           6           7   1.8812095517390013     
           5           8   1.1425507360317262     
           8           9   1.0186460284925283     
           9          10   1.6687118993868491     
           9          11   1.1773554632074790     
          10          11  0.17010042619963439     
          11          12  0.88226145106075748     
          12          13  0.99513992782425875     
          12          14  0.99579564849624713     
          12          15  0.99514963171257653     
           3          16   1.5022275472946707     
           5          16  0.11788389782904697     
           8          16   1.1494833317339677     
           1          17  0.97764838338610149     
           1          18  0.97371490102345071     
           2          19  0.96351351913784467     
           6          20  0.95684660156269996     
           7          21  0.95848259760079257     
           7          22  0.97618153545725972     
          13          23  0.98461801509373359     
          13          24  0.98031072481392789     
          13          25  0.98282611834591838     
          14          26  0.98347758993709966     
          14          27  0.98345627914418698     
          14          28  0.98341376675095160     
          15          29  0.98040387828683850     
          15          30  0.98457666715488545     
          15          31  0.98282571190830803     
