           1           2   1.9040834225261096     
           2           3   1.0792662117691110     
           3           4   1.2623111171867092     
           4           5   1.4854319852992317     
           5           6   1.0954652796085409     
           6           7   1.8916237043382134     
           5           8   1.2159921634391708     
           8           9   1.4164907300587362     
           9          10   1.3550639459911311     
          10          11   1.4923735928032318     
           8          12   1.0837431750922097     
          11          12   1.2312188763781440     
           3          13   1.4766634856305676     
          12          13   1.1878148123065886     
           1          14  0.97752385433398303     
           1          15  0.97283021384203650     
           2          16  0.96532641998254254     
           4          17  0.96407059425424324     
           6          18  0.96184504986702091     
           7          19  0.97236082491032361     
           7          20  0.97723068450992245     
          10          21  0.97000663184662284     
          11          22  0.96895619410661038     
