           1           2   1.8860197922423600     
           2           3   1.1041166399225788     
           3           4   1.3744620161757581     
           4           5   1.4085419591665178     
           5           6   1.0646351365858080     
           5           7   1.2929379012222304     
           7           8   1.1036512151280622     
           8           9   1.8865985551050128     
           7          10   1.3747478033009153     
           3          11   1.2929577567831645     
          10          11   1.4083420682216226     
          11          12   1.0646654298675922     
           1          13  0.97846086702935209     
           1          14  0.97292930393877519     
           2          15  0.96197945635849103     
           4          16  0.95968432150098071     
           6          17  0.88876739772048852     
           8          18  0.96188445277558765     
           9          19  0.97299706859032342     
           9          20  0.97845835481871002     
          10          21  0.95976299147513056     
          12          22  0.88873615735994094     
