$coord
    5.11221473846888    0.21513559088942   -0.01179889012824      c
    2.35667257014431   -0.30972756146748   -0.00545000015978      c
    1.13786484367499   -2.56908046887611    0.01132682894737      c
   -1.42235508112518   -2.46746757843819    0.01316109655682      n
   -2.26189636016391   -0.19966212102162   -0.00164354339419      c
   -4.96184718632402    0.53129411709841   -0.00400238493159      c
    0.13546118582625    2.11264086235844   -0.01995131942855      s
    6.15762357201543   -1.55413061604145   -0.00053636423214      h
    5.64523671537841    1.31646934779571    1.64489426273683      h
    5.64196745069699    1.29333659081479   -1.68468106379190      h
    2.04140386040689   -4.38846570302305    0.02297639918387      h
   -6.11784813371034   -1.16573065003167    0.00866133758240      h
   -5.40444055853585    1.64657431106776   -1.67695274606558      h
   -5.40121320609186    1.66922205249904    1.65448556725167      h
$periodic 0
$end
