           1           2   1.9017270404154569     
           2           3   1.0906861022228609     
           3           4   1.3827804333548874     
           4           5   1.4398123817517512     
           5           6   1.4398290570101180     
           6           7   1.3827716199842415     
           7           8   1.0907055671110963     
           8           9   1.9016975912886274     
           3          10   1.3101165981942715     
           7          10   1.3101133715780984     
          10          11   1.1039178712351285     
          11          12   2.7823157695005483     
           1          13  0.97754193204148765     
           1          14  0.97266541782478333     
           2          15  0.95892435300804002     
           4          16  0.96508425343523518     
           5          17  0.97001628045108956     
           6          18  0.96508439959959302     
           8          19  0.95892642479955803     
           9          20  0.97267157582776786     
           9          21  0.97754535630638273     
