           1           2   1.9042474382823669     
           2           3   1.0876985064631750     
           3           4   1.3881350300145805     
           4           5   1.3769098461284144     
           5           6   1.0934762435691778     
           6           7   1.7296933100238214     
           7           8  0.98402362500538354     
           7           9  0.97613008989264949     
           5          10   1.3782442087009423     
          10          11   1.3953817519509244     
          11          12  0.99339904236747045     
          12          13   1.7222503737938339     
          12          14   1.1319101977447157     
          13          14  0.17227358909809096     
          14          15  0.93849393422356953     
          15          16   1.0117104716692700     
           3          17   1.3739421057528449     
          11          17   1.4016028847144104     
           1          18  0.97748926810622672     
           1          19  0.97172656920965683     
           2          20  0.96408470896312848     
           4          21  0.96539184089256580     
           6          22  0.95402965270394946     
          10          23  0.96243969342389390     
          15          24  0.96846241725564064     
          15          25  0.97225682029753902     
          16          26  0.98489007487582669     
          16          27  0.98350914888650354     
          16          28  0.98618957712196109     
          17          29  0.95924648682674996     
