           1           2   1.8940948794231547     
           2           3   1.0873621921099637     
           3           4   1.3726063637489561     
           4           5   1.4339999780628838     
           5           6   1.0804639246273600     
           6           7   1.8993847171187015     
           5           8   1.2231808282506273     
           8           9   1.1993593705709442     
           8          10   1.3582843784730407     
           3          11   1.3044465179168476     
          10          11   1.4217792179073110     
          11          12   1.0239069661155076     
           1          13  0.97883984117498390     
           1          14  0.97348047968827511     
           2          15  0.96491092052434513     
           6          16  0.95998323750049319     
           7          17  0.97185575563165705     
           7          18  0.97767288126178165     
           9          19  0.94158263342638582     
           9          20  0.94537091377624405     
          12          21  0.98317645997659464     
          12          22  0.96685565156638831     
          12          23  0.96969625835322204     
