$coord
    2.49402409916772   -1.73295023936309    1.59897287231311      c
    3.24184725842805   -0.43604024737781   -0.41078043684141      c
    4.82179275554350   -1.44140285403006   -2.44544376989932      c
    6.66855702551018   -3.22965260329233   -1.90554722693745      c
    8.21996159661365   -4.09938970350877   -3.81099188636663      c
   10.01914268057418   -5.83799996838725   -3.25690977222391      f
    7.99254503950114   -3.24707761397171   -6.26149063774819      c
    6.14046615774728   -1.47916428216186   -6.86184529250679      c
    5.86043843089176   -0.64907182506693   -9.48481433915375      c
    7.75698057736389   -0.33073394383133  -11.09158888332356      c
    4.53354311243079   -0.56451291280951   -4.94608621749354      c
    2.77053878334978    1.28055196593803   -5.47108512157616      n
    1.36905496069660   -0.87893649434446    3.06311661984687      h
    2.95704966384772   -3.69794330050193    1.85072084540201      h
    2.69801455338584    1.52798431417374   -0.59358404147130      h
    6.93119809294521   -3.90242124033145   -0.00116818095548      h
    9.21536035139613   -3.99101159774502   -7.71070193701909      h
    3.94624651950670   -0.31360372828523  -10.13825408962858      h
    9.69600465249936   -0.59301542757934  -10.53279864664704      h
    7.44153646552267    0.23571503529120  -13.01979385703580      h
    2.38696852866246    1.59479942366612   -7.30621851351213      h
    1.26439573838477    1.37735213040425   -4.31609488572664      h
$periodic 0
$end
