           1           2   1.8952398645034498     
           2           3   1.0952383981161302     
           3           4   1.3322947873598117     
           4           5   1.4857589612522195     
           5           6   1.3674383816257336     
           6           7   1.0926299365052130     
           7           8   1.8888670549471815     
           6           9   1.3077726084041226     
           9          10  0.99521662681091483     
          10          11   1.7271895618283539     
          10          12   1.1191362327703986     
          11          12  0.16977171993406226     
          12          13  0.95761147534321656     
           3          14   1.3819416506826692     
           9          14   1.4186011016657578     
           1          15  0.97763290760783772     
           1          16  0.97232877970792286     
           2          17  0.96392196034611177     
           4          18  0.95962249277342382     
           7          19  0.96104108434277413     
           8          20  0.97176607637125745     
           8          21  0.97789303379955372     
          13          22  0.98163338197485728     
          13          23  0.97672497600999719     
          13          24  0.97639101321037669     
          14          25  0.95999132723224589     
