    0.03936262
   -0.26991968
    0.13955924
   -0.06357700
   -0.03335690
   -0.08975216
    0.04366536
   -0.02466523
   -0.02455222
   -0.03334505
   -0.06362282
    0.13923530
   -0.27028228
    0.03975149
   -0.08976175
    0.04362626
   -0.04001706
    0.06770406
   -0.04241503
   -0.03534574
    0.01722991
   -0.08248163
    0.31083984
   -0.18763913
   -0.19433226
   -0.03390625
   -0.04310400
    0.06123670
    0.03784065
    0.03820984
    0.04776722
    0.03973032
    0.03216078
    0.03980265
    0.04766592
    0.06097544
    0.03785281
    0.03703820
    0.03137481
    0.04760402
    0.05498571
    0.07945052
    0.04135347
    0.04605309
