           1           2   1.8581177796801231     
           2           3   1.1302133129717757     
           3           4   1.1591931522329944     
           4           5   1.1592398061094153     
           5           6   1.1301699093536486     
           6           7   1.8581607306924377     
           5           8   1.4624500903546678     
           8           9  0.95120745106662208     
           9          10   1.4589281740152398     
           9          11   1.4590472013087425     
          10          11  0.36954753678061641     
           3          12   1.4624858658210356     
           8          12   1.2196131011756139     
          12          13  0.95114500816924485     
          13          14   1.4589682436204774     
          13          15   1.4590781818488916     
          14          15  0.36957293417507714     
           1          16  0.97364664377207333     
           1          17  0.95542764054937801     
           2          18  0.95722757372850253     
           6          19  0.95720920717597124     
           7          20  0.95541500967101534     
           7          21  0.97364652520581152     
