$coord
    4.55270991648835    1.75699986327589   -0.32168893871330      c
    4.11119504300096   -0.57579793551218    0.44315936177190      c
    5.67139665325803   -2.76796250542713   -0.30128680294913      c
    5.02461188671870   -4.18939138430711   -2.41238088157325      c
    6.50164222476946   -6.23979116170455   -3.08836059762309      c
    5.70238822498327   -7.99879575514979   -5.72164037171124      cl
    8.61184855391071   -6.91166187549566   -1.69343949797223      c
    9.25442408580160   -5.49292513957049    0.41946070094830      c
   11.51266068015627   -6.17184438792692    1.91942511086203      c
   11.44571212911262   -7.78933446382096    3.80976592967175      c
    9.40998830435544   -9.00493620211790    4.62346959443028      f
   13.42603551995547   -8.44665411333482    5.20856733179490      f
    7.78846824668095   -3.42753494012746    1.10486820377018      c
    3.38278108923300    3.31887203362339    0.25387667159033      h
    6.10981953143286    2.19527224249359   -1.55932189578827      h
    2.53842675399463   -0.99533130634837    1.68475433002762      h
    3.38613846357960   -3.69343231334422   -3.51919437051314      h
    9.73850240012467   -8.51881985861211   -2.24127797679553      h
   13.29789137804798   -5.30402614686640    1.44958686753102      h
    8.29170264972342   -2.32445775728175    2.74618061533386      h
$periodic 0
$end
