           1           2   1.0251106531881649     
           2           3   1.3924358134022417     
           3           4   1.4268076151214995     
           4           5   1.0223812728494281     
           4           6   1.4046150335981067     
           6           7   1.3777349378251131     
           7           8   1.0575468627140161     
           8           9  0.97273841601141875     
           9          10  0.99496897966173037     
          10          11   1.0072783363760622     
          11          12   1.0063136422652632     
          12          13   1.0061254031938700     
          13          14  0.98747082138842379     
          14          15  0.96676990843605493     
          15          16   1.8014260800677937     
          15          17   1.1193893439561817     
          16          17  0.16400922632268938     
           2          18   1.4399741963904977     
           4          18  0.10240518246853897     
           7          18   1.3505074459578541     
           1          19  0.97234499571379307     
           1          20  0.98585609565638621     
           1          21  0.97296517064908072     
           3          22  0.96900842702805490     
           5          23  0.97699861503484731     
           5          24  0.98288298059076662     
           5          25  0.96723809785163750     
           6          26  0.96096518351249971     
           9          27  0.96194610002438219     
           9          28  0.97094548718766882     
          10          29  0.97732514727998132     
          10          30  0.96948154752587901     
          11          31  0.97635860371459937     
          11          32  0.97622893987200743     
          12          33  0.97284583525215207     
          12          34  0.97670214000662370     
          13          35  0.97709914610261761     
          13          36  0.96921506161579352     
          14          37  0.96294379342600900     
          14          38  0.97410503368266377     
          17          39  0.86075269728279724     
          18          40  0.96646397016503804     
