           1           2   1.8939071266286669     
           2           3   1.0880129400641259     
           3           4   1.3698908808829235     
           4           5   1.4061578038698928     
           5           6   1.0625298757300072     
           6           7   1.9209340077839046     
           5           8   1.3377681006433453     
           8           9  0.99470541197656259     
           9          10   1.7698059703650280     
           9          11   1.1061909697325198     
          10          11  0.16223691893281739     
           8          12   1.3621836101729183     
           3          13   1.3520365744648406     
          12          13   1.4836372707369510     
           1          14  0.97746003470072773     
           1          15  0.97115897807568397     
           2          16  0.96538682558807420     
           4          17  0.96461326427570315     
           6          18  0.95548375810594255     
           7          19  0.97415054696216896     
           7          20  0.97658298159930423     
          11          21  0.86457907787194377     
          12          22  0.95791387703259989     
