           1           2   1.8652241357364183     
           2           3   1.1362616288174585     
           3           4   1.0955327578868352     
           4           5   1.1049048970132858     
           5           6   1.3797109766199978     
           6           7   1.4718797856723966     
           7           8   1.3838206213265263     
           6           9  0.10915919437360143     
           8           9   1.4935035400602239     
           5          10   1.2878308771249842     
           9          10   1.3339829503496392     
           3          11   1.5072021324940417     
          10          11   1.1607480205774758     
          11          12   1.0833973478000400     
          12          13   1.9032918294604004     
           1          14  0.97812858483782750     
           1          15  0.97105265893863868     
           2          16  0.95250761311715815     
           6          17  0.96880772701909390     
           7          18  0.97047698638629654     
           8          19  0.97105799371936641     
           9          20  0.96612785064869355     
          12          21  0.95647895245356063     
          13          22  0.97415428873979781     
          13          23  0.97781843657920153     
