           1           2   1.9689959067004985     
           2           3   1.0272568764774230     
           3           4   1.3825091160897265     
           4           5   1.4494543952561547     
           3           6  0.11066943641382825     
           5           6   1.3874934294428465     
           6           7   1.0078964994023465     
           7           8   1.9875706425786188     
           4           9  0.10287949518237240     
           6           9   1.3886659023576287     
           3          10   1.3834993955502084     
           5          10  0.10283144212232079     
           9          10   1.4483400675746938     
           1          11  0.97589406592477190     
           1          12  0.97666875210198645     
           2          13  0.95090107939247248     
           4          14  0.96174307094520994     
           7          15  0.94618037347007999     
           8          16  0.97600639353087804     
           8          17  0.97479142181820921     
          10          18  0.96169532497553067     
