           1           2   1.9135868850200883     
           2           3   1.0799998725830195     
           3           4   1.3795069531462680     
           4           5   1.4416553402487975     
           5           6   1.0257889371289244     
           5           7   1.3336446862184677     
           7           8   1.0922827020562595     
           8           9   1.7341528487634781     
           9          10  0.97670233912822080     
           9          11  0.96759545405299996     
           7          12   1.3728384512803231     
           3          13   1.3384937639371639     
          12          13   1.4424569106384508     
          13          14   1.0265475725509963     
           1          15  0.97818387429137998     
           1          16  0.97437550064251910     
           2          17  0.95909685557203139     
           4          18  0.96383992132370966     
           6          19  0.98397488732615790     
           6          20  0.97360742314478876     
           6          21  0.96872401810837361     
           8          22  0.95017484258603180     
          12          23  0.96485045558228966     
          14          24  0.98424170410993483     
          14          25  0.96794334732807830     
          14          26  0.97414569630866121     
