           1           2   1.0224193087530524     
           2           3   1.4197781193719292     
           3           4   1.4337837403162186     
           2           5  0.10770162561956913     
           4           5   1.4079449371904900     
           5           6   1.0257554115303733     
           5           7   1.3954423936104203     
           2           8   1.3790268639099188     
           4           8  0.11296279317798703     
           7           8   1.4701972480044525     
           1           9  0.98430067772336549     
           1          10  0.97069809816702679     
           1          11  0.97072199613758636     
           4          12  0.96172476877206359     
           6          13  0.98565225145793145     
           6          14  0.97249123258800196     
           6          15  0.97245773782551570     
           7          16  0.96924084019346357     
           8          17  0.96964047470133696     
