$coord
    3.53794090188712   -1.69789416956216   -1.94544962646801      c
    4.49804424449514   -0.09798289957220   -0.27309778253362      c
    5.73147826029914   -0.79575866981287    2.06844140192803      c
    7.75858742258523    0.52811628526803    3.17295115239004      c
    8.61974253019208   -0.64320811638905    5.19281108389603      n
    7.22152595395129   -2.70148963188462    5.46698881545373      n
    7.65618439096929   -4.36700239764794    7.55897034213392      c
    5.41941620389396   -2.89513343387448    3.64286808613351      c
    3.62931521883874   -4.95369987509835    3.68629852023904      c
    1.23250375431211   -4.82796117571111    2.97205799155624      c
    0.00772252203513   -2.82398057166876    2.11392184756676      f
   -0.33263194439396   -6.79910082023458    3.05049080861176      f
    2.69834457140669   -1.04455049817026   -3.67808111951200      h
    3.57309325580292   -3.71340423442363   -1.66200811156457      h
    4.50113722389078    1.90997561341979   -0.66495255908415      h
    8.60922171873379    2.25367602472901    2.54156321964709      h
    9.18431273167257   -3.55842270564944    8.67140443856293      h
    8.21437540903368   -6.24309658278578    6.90411876642518      h
    5.96710076292465   -4.53290226970992    8.73155696288345      h
    4.25831645389686   -6.74860301956186    4.42911443990453      h
$periodic 0
$end
