           1           2   1.9082565107160969     
           2           3   1.0914002581420512     
           3           4   1.3256571198362102     
           4           5   1.5028383957455640     
           5           6   1.2154646097883839     
           6           7   1.0032420196617637     
           3           8   1.3671270230841965     
           5           8  0.13323060573696649     
           6           8   1.2282098628271385     
           8           9   1.0964097592941204     
           9          10   1.7234750271455181     
          10          11  0.98928506447064635     
          10          12  0.97253412353527147     
           1          13  0.97799277772924853     
           1          14  0.97674181312086661     
           2          15  0.96153488117415453     
           4          16  0.96871371122023742     
           7          17  0.97671262227825528     
           7          18  0.97112955264643785     
           7          19  0.97341942519897229     
           9          20  0.95011322547698340     
