   -0.08651308
   -0.02924434
    0.00909377
   -0.03590879
   -0.05301330
    0.13407101
   -0.30669058
    0.07210896
    0.10504502
   -0.06715624
   -0.05281061
   -0.06667343
    0.08038382
   -0.32454892
   -0.00649503
   -0.02532925
   -0.08478872
   -0.04258960
    0.03790645
    0.03971912
    0.03507062
    0.04235533
    0.04445069
    0.04848951
    0.03357930
    0.04152156
    0.04081299
    0.04594003
    0.03476598
    0.03335078
    0.04581992
    0.03343248
    0.04722830
    0.01707068
    0.03399321
    0.05239458
    0.03524291
    0.03791487
