$coord
       -5.18536715041716       -5.31951766667381        0.03482343762100      c
       -4.31388812815464       -3.17814707083110        0.99913942449106      c
       -1.78398467721861       -2.16494795369989        0.55527620302806      c
        0.26772362089020       -3.80123136139597        0.30386541980626      c
        2.70574027007838       -2.91337708653088        0.04652322788789      c
        3.13201262650474       -0.32397919737623        0.07877800671482      c
        5.75238674888645        0.74364659512253       -0.13431546431186      c
        7.55127042893729       -1.02723122780688       -0.29551534024086      f
        6.01988377623436        2.23030940994765       -2.18151828625013      f
        6.35377904841367        2.20075738882669        1.86446651533972      f
        1.12895006660566        1.34514634067673        0.32022690209346      c
       -1.33690318096514        0.45398474666406        0.51637033086479      c
       -3.36057915463033        2.33266456867110        0.66235523698298      c
       -5.53371029421963        2.24457859608346       -0.57092308562821      c
       -6.29259809472308        0.47560174623586       -2.17177938373291      f
       -7.29217604085504        4.02941773612824       -0.41420881808262      f
       -7.06054235278588       -5.98567455182626        0.45069223534473      h
       -4.08859704814583       -6.45369512321263       -1.24946420136649      h
       -5.51001773355139       -2.04764295988991        2.21450130022731      h
       -0.06458904318261       -5.81147285179629        0.36001751089975      h
        4.26842940881348       -4.20833715770866       -0.14385636390680      h
        1.48550149265840        3.35445895003650        0.32520023316796      h
       -3.01321289638922        4.00581476412157        1.77812833222570      h
$end
