$coord
    1.72849756571712    0.36155092528412    0.35728946627478      c
    4.56083871302248    0.28015323367782    0.28183137429623      c
    5.97407412141397    2.47901600252311    0.24262806438984      c
    8.59294806029524    2.32451698557465    0.17425722452356      c
   10.56336957782792    4.18825853953066    0.06610181834716      c
   10.55692281603483    6.81252777296575    0.06970144376281      c
   12.83092181273527    8.09998594570111   -0.00192800140516      c
   12.90828346140775   10.93343986045435   -0.00971913707346      c
   15.09736774313606    6.74015113306049   -0.04444098787744      c
   15.15793771023839    4.13225079465170   -0.04876682133835      c
   12.87040013238976    2.85168268692853   -0.02844537669266      c
   12.38681612766859    0.28280213007268    0.03798134342686      n
   14.19250191630652   -1.63661750977687   -0.02713464147336      c
   14.09032694232471   -3.62476247148932    1.69889296635086      c
   15.87056823391023   -5.52278619669846    1.61458603435792      c
   17.81147674971001   -5.50116257236881   -0.17707040481229      c
   19.61806649900519   -7.56699547267747   -0.15231200728172      c
   21.57436179240141   -7.94884127830571   -1.66868552503390      c
   22.35281902347422   -6.52251057225274   -3.58186023684517      f
   23.10735021894576   -9.93577621559252   -1.45986611737446      f
   17.90546430813747   -3.49625134757898   -1.89235950565271      c
   16.12190644728810   -1.59837618746525   -1.82113782194427      c
    9.79701172070846   -0.05612779848602    0.16398795060896      c
    8.38855431914144   -2.26722992268843    0.15393122582418      c
    5.78919809146822   -2.05968166057280    0.22250570519989      c
    1.04971030648717    2.29993076845184    0.38633425523516      h
    1.02477677812569   -0.60525638167540    2.03334967245859      h
    0.93831788303978   -0.58539803496748   -1.29144739201904      h
    5.05723190120781    4.30250787036102    0.25165133896075      h
    8.78923579920606    7.83055003773678    0.13894322483766      h
   11.01129321771507   11.72007659542540    0.03338135460560      h
   13.86563728714025   11.62193252006909   -1.69746354458150      h
   13.94455524964810   11.62980969434747    1.62752363063293      h
   16.85830224089537    7.77388005375964   -0.06628732062724      h
   16.93632133331520    3.13262361760023   -0.04268625974550      h
   12.62957180138581   -3.64650348524828    3.12255370004285      h
   15.77481469806793   -7.04722928027630    2.96884851318383      h
   19.34764676645120   -8.99469401758002    1.28270537064420      h
   19.36640479936813   -3.42060440211501   -3.30864624149482      h
   16.18801872766444   -0.08504324236768   -3.18702903145898      h
    9.28414098755369   -4.09811932817945    0.06610483376858      h
    4.65715635084410   -3.75929228005952    0.22046333467913      h
$periodic 0
$end
