           1           2   1.8916107905897239     
           2           3   1.0973381138072875     
           3           4   1.3665083519550334     
           4           5   1.4598723066326225     
           5           6   1.3530707941103193     
           6           7   1.3146299003579893     
           3           8   1.3545501299971761     
           7           8   1.4404067383273502     
           7           9   1.0127495085187099     
           9          10   1.0114778618240674     
          10          11   1.4384257211554037     
          11          12   1.3560505677357815     
          12          13   1.0973189999386028     
          13          14   1.8916673485596158     
          12          15   1.3652178092161342     
          15          16   1.4607693927887200     
          10          17   1.3177952303139722     
          16          17   1.3517396683939671     
           6          18   1.0945402087701239     
          17          18   1.0899699055361662     
          18          19  0.98728916464842431     
          19          20  0.99664856365039622     
          20          21   1.0086167807301982     
          21          22   1.0070097749685780     
          22          23   1.0076087196755135     
          23          24   1.0205546703898924     
           1          25  0.97846261736400275     
           1          26  0.97301592958335870     
           2          27  0.96442179948749318     
           4          28  0.96816043111177497     
           5          29  0.96476291944762793     
           8          30  0.96257036116045236     
          11          31  0.96248169604271205     
          13          32  0.96445871934864091     
          14          33  0.97301945324866068     
          14          34  0.97848729544137925     
          15          35  0.96821215034363539     
          16          36  0.96432699156270030     
          19          37  0.96872466217780273     
          19          38  0.96490861120712101     
          20          39  0.97579949427635915     
          20          40  0.96694052814582609     
          21          41  0.97057345510520188     
          21          42  0.97901191862359205     
          22          43  0.97703626220690820     
          22          44  0.97817114494856960     
          23          45  0.97882116442628864     
          23          46  0.97419525794114570     
          24          47  0.98775542366326452     
          24          48  0.98741487685714791     
          24          49  0.98121031014550442     
