           1           2   1.9139442291162492     
           2           3   1.0771682310325126     
           3           4   1.3995180781275773     
           4           5   1.3734611546574294     
           5           6   1.0859573528926283     
           6           7   1.9062368655915205     
           5           8   1.3913214741299900     
           8           9   1.3587439768379437     
           9          10   1.0501319919799990     
          10          11  0.97238360773073818     
          11          12  0.99473555085645360     
          12          13   1.0070786211104894     
          13          14   1.0076628766169020     
          14          15   1.0049723333859089     
          15          16  0.98526603819567038     
          16          17  0.96916732266219363     
          17          18   1.8044962976812067     
          17          19   1.1117282131763415     
          18          19  0.16261332737144046     
           3          20   1.3677713153008280     
           9          20   1.3806231438923566     
           1          21  0.97784864063395605     
           1          22  0.97341022046771153     
           2          23  0.96291689318928442     
           4          24  0.96187080324498986     
           6          25  0.96429472823999751     
           7          26  0.97270826214265538     
           7          27  0.97812667260636732     
           8          28  0.96632742335845889     
          11          29  0.96140916347870697     
          11          30  0.96975738885494800     
          12          31  0.97525181118447224     
          12          32  0.97608429478387793     
          13          33  0.97760836702832843     
          13          34  0.97027896690446280     
          14          35  0.97077819425102785     
          14          36  0.97833301972183084     
          15          37  0.97297881433394484     
          15          38  0.97548599252828572     
          16          39  0.96489442756849819     
          16          40  0.97185276371597784     
          19          41  0.87454464408774579     
          20          42  0.95885483366471114     
