   -0.20005143
    0.30641550
   -0.19177723
   -0.08199671
    0.01143956
   -0.03423723
   -0.04864006
    0.06709131
   -0.06986090
    0.06198480
   -0.04785213
   -0.03404864
    0.00322484
    0.01021898
   -0.03427345
   -0.02948909
   -0.03114940
   -0.02950844
   -0.03430740
   -0.03387076
   -0.04743014
    0.06421494
   -0.04651036
   -0.02853408
   -0.03664519
   -0.02852893
   -0.04611311
   -0.04790788
   -0.03556980
    0.07619419
    0.03749949
    0.03664117
    0.03309701
    0.03548819
    0.03052686
    0.02961868
    0.02953067
    0.02952968
    0.03038897
    0.03543406
    0.03300357
    0.03325114
    0.03418420
    0.03282506
    0.03376023
    0.03303798
    0.03819548
    0.05150580
