$coord
    3.61566320602162    1.69930033593130   -2.01505185624764      c
    4.05112070482957    0.21433377759640    0.15231884001575      o
    5.64636363148343    0.98649591510267    2.02487727969070      c
    5.04946318209785   -0.01487121054641    4.39415531265026      c
    6.50902620120571    0.55883048783858    6.48587141314782      c
    5.92991679209027   -0.48538182893901    9.04897237520024      c
    8.49313503058480    2.08919955335777    6.30944561343788      n
    9.07388790324049    3.00350753329074    4.07108950887969      c
    7.78116615095895    2.54040359994852    1.82479779481046      c
    8.82718368201868    3.63224155002676   -0.57903537436907      c
    1.88459369055884    0.94669867560431   -2.84420654931442      h
    5.13749269260459    1.54054070631359   -3.40038427353770      h
    3.31329341546694    3.68243160775648   -1.52562981065780      h
    3.42517570458685   -1.23804539606522    4.53468967127292      h
    4.24667849339197   -1.65879532732665    9.00494162376183      h
    5.65739664922728    1.05619597957698   10.38164075865470      h
    7.52256662921201   -1.60305486805337    9.71454213157991      h
   10.73033027435952    4.20701639048381    4.03973393605984      h
   10.62763530658899    4.54153487228075   -0.18130488645936      h
    7.57687608581741    5.04391725172727   -1.40046048982620      h
    9.15816421675422    2.15347177426757   -1.97059387078374      h
$periodic 0
$end
