   -0.20133631
    0.30600612
   -0.19225164
   -0.08148998
    0.01002188
   -0.03871604
   -0.01460577
   -0.01645222
   -0.03688204
    0.00111786
    0.01054185
   -0.03428990
   -0.02949766
   -0.03163503
   -0.02997491
   -0.03471994
   -0.03685751
   -0.05063533
    0.04518976
   -0.03898174
    0.06408732
   -0.04208023
   -0.02740942
   -0.03219120
   -0.02733440
   -0.04166001
    0.04819556
   -0.05006249
   -0.03843195
    0.07529791
    0.05196169
    0.03882596
    0.03152044
    0.02948081
    0.02851220
    0.02820483
    0.02926162
    0.03436751
    0.02984144
    0.04113799
    0.03786633
    0.03705431
    0.03799815
    0.04186441
    0.03319228
    0.03594754
