           1           2   1.0280564957913803     
           2           3   1.4027801211561153     
           3           4   1.4534542663237247     
           2           5  0.10217287253293372     
           4           5   1.4028674739216207     
           5           6   1.0314533366562106     
           3           7  0.10256766765498368     
           5           7   1.3815733660712630     
           7           8  0.95030229882827033     
           8           9  0.95400510226282531     
           8          10  0.93650589150077335     
           8          11  0.93653495973343548     
           2          12   1.4131737999617835     
           4          12  0.10899067962394415     
           7          12   1.4156327129976107     
           1          13  0.98525062232836502     
           1          14  0.97033460942563043     
           1          15  0.97035313847785143     
           3          16  0.96781266856105597     
           4          17  0.96707710406451164     
           6          18  0.98364086855538801     
           6          19  0.96776922034483381     
           6          20  0.96778498077150110     
          12          21  0.96673238055121480     
