           1           2   1.9209089561046544     
           2           3   1.0781975227814631     
           3           4   1.3100687104978364     
           4           5   1.4889923596576866     
           5           6   1.0226224515574212     
           6           7   1.7597226533415324     
           6           8   1.0941655920507418     
           7           8  0.16001281489782854     
           5           9   1.1181119820170737     
           3          10   1.4050401629588132     
           5          10  0.11286484103612189     
           9          10   1.1332355455759997     
          10          11   1.1078977994997734     
          11          12   1.8798755443550719     
           1          13  0.97706106522176550     
           1          14  0.97500942284529935     
           2          15  0.96019223704225232     
           4          16  0.96970304756089076     
           8          17  0.87259207065074140     
          11          18  0.95910959794789108     
          12          19  0.97226208796597857     
          12          20  0.97677082644770741     
