           1           2   1.0094778665501563     
           2           3   1.1489622414078153     
           3           4   1.3388030123201435     
           4           5   1.4582116020822367     
           5           6   1.4071512748682964     
           6           7   1.0219315226323307     
           4           8  0.10203214550708299     
           6           8   1.3931927362485672     
           3           9   1.3285732449311183     
           5           9  0.10074502170015014     
           8           9   1.4735502896220729     
           2          10   1.0133452041413518     
           1          11  0.97796583891182176     
           1          12  0.98088410564311612     
           1          13  0.97609924613916799     
           4          14  0.96742878752845574     
           5          15  0.96938194346562678     
           7          16  0.98641412455462896     
           7          17  0.97710597215772910     
           7          18  0.97426263441906658     
           8          19  0.97046412009875360     
           9          20  0.96760156352888771     
          10          21  0.98127327129234276     
          10          22  0.97400548472582982     
          10          23  0.97801579069190270     
