$coord
    1.89373109267550   -0.17180628756945   -0.02172407627916      c
    4.72338680323501   -0.17301007757058   -0.03196216667815      c
    6.11662569948780   -2.37139765070484   -0.11225527236168      c
    8.75928939213095   -2.36623831454245   -0.12037514182591      c
   10.14072669981839   -0.15719665257450   -0.04842405009960      c
   12.97476294523493   -0.11750620683496   -0.05465543334087      c
    8.74329375080710    2.07965259301073    0.03259763813205      c
    9.54756607311462    4.53168306280403    0.11418524604830      n
    7.49012730418343    6.09202696060163    0.17395564902159      c
    5.33457035164619    4.69260365008260    0.13278605244663      c
    6.07301735283647    2.10666799584906    0.04187858089343      c
    1.15994109825115   -2.08977833822953   -0.08842174293141      h
    1.17347921527246    0.86927820065256   -1.64567332132732      h
    1.18581889903654    0.74876295164475    1.67870960167073      h
    5.14774089514497   -4.16890562061868   -0.17113587820056      h
    9.74370837213861   -4.15462438454054   -0.18509349265516      h
   13.72171371039073   -2.02945371161838   -0.12624554270082      h
   13.69291341453327    0.79832117908554    1.64643674814888      h
   13.68427018404009    0.91992625586728   -1.68816236456156      h
   11.36108750440373    5.09598771151389    0.12771994265577      h
    7.72386362034339    8.10630174220547    0.24213258386230      h
    3.43910165857069    5.40503471763737    0.16306383488949      h
$periodic 0
$end
