$coord
    2.03639772395062    0.50836115725333   -0.25305781833303      c
    4.35425389385080    1.36382890214776    0.20028418072398      c
    5.84203128917269    0.91735814774143    2.46381590970284      c
    5.13771471948531   -0.69868325922910    4.38965298903303      c
    6.63041322730288   -1.06878624394396    6.52725155268123      c
    8.90930378684753    0.16040019186195    6.86267530369008      c
   10.53031407508849   -0.16195858354093    9.05454345465071      c
   10.21105439142810   -1.81995812714266   10.91433716078565      c
    9.70010827424183    1.85364890923000    4.92454400759956      c
   11.90204181448214    3.11089468837311    5.18497625628312      n
   12.58660294758155    4.63575199808148    3.37140240176977      c
   11.10253305927976    4.97270262456328    1.19070979519227      c
    8.95647074888758    3.79609377529849    0.88604870381872      n
    8.18560098360062    2.21541897661774    2.73111206221655      c
    1.07741216867068    0.94524715997897   -1.99287107132002      h
    0.99777442673711   -0.63847694678455    1.06927375918239      h
    5.29570241831498    2.53644618300192   -1.18285009722025      h
    3.38114526797458   -1.72544427421765    4.24535124037625      h
    5.96365574165250   -2.35467630620299    7.96340011916073      h
   12.14153348088293    1.09409808565643    9.07531557040280      h
    8.66125198168282   -3.13812113831870   10.97254917773033      h
   11.52401639072368   -1.92513099382298   12.46438388626281      h
   14.35605042390383    5.62903988807673    3.62521159020826      h
   11.68622597988837    6.22422233948013   -0.31760778371794      h
$periodic 0
$end
