           1           2   1.0479038629694730     
           2           3   1.1674979872081797     
           3           4   1.1674875539964928     
           4           5   1.0473427611816644     
           4           6   1.5469850020808593     
           6           7  0.99397186670712845     
           7           8   1.7529762358106045     
           7           9   1.1161213011424409     
           8           9  0.16294022775051528     
           2          10   1.5464717621887183     
           6          10   1.1745598490439413     
          10          11  0.99441401769972471     
          11          12   1.7529925703979767     
          11          13   1.1157896274978736     
          12          13  0.16289870402719103     
           1          14  0.96412140293980064     
           1          15  0.96077477580717896     
           1          16  0.96974097691483419     
           5          17  0.96329714980834324     
           5          18  0.96952911067760073     
           5          19  0.96203652468501155     
           9          20  0.86879276197690958     
          13          21  0.86880403948777840     
