$coord
    1.63549867890402   -3.02902787162469    0.43120001477033      f
    4.11736170565270   -3.43910150784997    0.26412334129136      c
    4.49260549086912   -5.79099599955264   -0.53973161923777      f
    5.83086728943876   -1.70977313310557    0.85056403057421      c
    8.56830086358906   -1.92014208897913    0.77403937616845      c
    9.98186765620984    0.09010652053484    1.78498694300303      c
   12.58315084272192    0.06401124987653    1.80056513630406      c
    9.80069431414916   -4.00882818378215   -0.24973601231807      c
   12.41583244577841   -4.05622596054206   -0.19497250281866      c
   13.83330954689500   -2.01984602119387    0.80610082858748      c
   16.44421852392171   -2.67082475132212    0.49529528067959      c
   18.69370092006305   -1.47402018115884    1.13052101361573      c
   20.94289932128100   -2.67992303902377    0.59624265272438      c
   20.96941100614716   -5.06034285214498   -0.53138588940209      c
   18.75940059514955   -6.28709792774387   -1.18315954307490      c
   16.49079294255360   -5.06601707054382   -0.69180160793426      c
   14.04590053415003   -5.87612839437054   -1.10061527197764      n
   13.33936270361025   -8.15876693370610   -2.25377236300916      c
   14.37804231420554   -8.83779267048697   -4.57225390504541      c
   13.68636113991615  -11.09065144469561   -5.70023749133341      c
   11.94529819782881  -12.66547574958247   -4.54368013751087      c
   10.90172943851757  -11.98559514372406   -2.24202080043192      c
   11.59914917559582   -9.74787797982989   -1.08759320117780      c
    5.06943362288103    0.07170306082867    1.49671314636072      h
    8.98687646277257    1.69275162158132    2.56306334617941      h
   13.63687318754958    1.63310846053805    2.56694700429171      h
    8.76023516234622   -5.54185839956952   -1.09207509203375      h
   18.67029010226829    0.35645400578481    2.03071414935798      h
   22.71308067465971   -1.78315157135063    1.07103618750939      h
   22.75952022612200   -5.97036173219039   -0.89645872296028      h
   18.79902503337114   -8.14491848959668   -2.02485691288243      h
   15.70143641235750   -7.58289787605030   -5.48787296002264      h
   14.49861420468607  -11.60969860329926   -7.49909045552233      h
   11.40225733429049  -14.41804160966965   -5.43513498708691      h
    9.54582496521810  -13.20863842416006   -1.33207994457245      h
   10.81879556172755   -9.23283770246365    0.72546908278303      h
$periodic 0
$end
