$coord
    2.44286803626902   -0.43368803327737   -1.95602041839993      c
    4.17531264052941    0.01760490352671   -0.21621679292188      c
    5.64696763161942    2.37144188960266   -0.09062625843737      c
    4.88857148953498    4.43912015936307    1.35539031227872      c
    6.20512994264038    6.55186603776221    1.47793595939607      n
    8.33681269100368    6.66707018904940    0.15909325276393      c
    9.81590861304146    9.03013848506969    0.30056637161638      c
   11.62732117709796    9.41872615669155    1.96820859142020      c
    9.22427344883055    4.82239109948765   -1.29141515945292      n
    7.89972847849175    2.71405022652515   -1.41219575772991      c
    1.39066813747663   -2.17337700864492   -1.99953333267904      h
    2.01055692652189    0.92852066397006   -3.40701248706692      h
    4.59447387636304   -1.36241959539728    1.23689950299792      h
    3.15594029952688    4.39496867182500    2.44379137350608      h
    9.30489295974481   10.45408694855121   -1.07477910151328      h
   12.13335364759790    8.00606726946574    3.34355503190469      h
   12.66992406514743   11.16487820347686    2.03204473193634      h
    8.66112802537683    1.24131160845262   -2.61217286450507      h
$periodic 0
$end
