           1           2   1.8934436538269748     
           2           3   1.0974803390160974     
           3           4   1.3661103014479823     
           4           5   1.4753709443129635     
           5           6   1.3661138540052931     
           6           7   1.0974660897780524     
           7           8   1.8934593645925197     
           6           9   1.3592053208990931     
           3          10   1.3592018192130890     
           9          10   1.4854846026757413     
           1          11  0.97843639437276131     
           1          12  0.97287033871810535     
           2          13  0.96451174465219458     
           4          14  0.96836477142565425     
           5          15  0.96836643463374505     
           7          16  0.96450992780443323     
           8          17  0.97287271144886056     
           8          18  0.97843635184389433     
           9          19  0.96564294798663697     
          10          20  0.96564041965508041     
