           1           2   1.9166120373536282     
           2           3   1.0750128456954062     
           3           4   1.4719780512611511     
           4           5   1.3579199989868711     
           3           6  0.10191418199573060     
           5           6   1.4743908574613200     
           6           7   1.0680012270489392     
           7           8   1.9216975049473812     
           6           9   1.2320710221918088     
           9          10   1.2892680125145750     
          10          11   1.5492569649889585     
          11          12   1.3273424129399856     
          10          13  0.11760777208346038     
          12          13   1.5491391288378307     
           3          14   1.2308936789869653     
           9          14   1.2589448692773426     
          13          14   1.2900919674449087     
           1          15  0.97816686621406157     
           1          16  0.97516754065736810     
           2          17  0.95709391482927220     
           4          18  0.96710697098770249     
           5          19  0.96890238594074019     
           7          20  0.95870330456478048     
           8          21  0.97489849350771662     
           8          22  0.97757620238216203     
          10          23  0.96413081797358691     
          11          24  0.97102432725060706     
          12          25  0.97107611341854017     
          13          26  0.96482694462594365     
