           1           2   1.9203364904645173     
           2           3   1.0787109822129719     
           3           4   1.3098697620601611     
           4           5   1.4891024414435619     
           5           6   1.0226146309288211     
           6           7   1.7596630845575014     
           6           8   1.0941872130232209     
           7           8  0.15998947177329564     
           5           9   1.1181172113347968     
           3          10   1.4048270167855612     
           5          10  0.11280961385304583     
           9          10   1.1331949625501285     
          10          11   1.1079955500329246     
          11          12   1.8797242225977357     
           1          13  0.97707102945185353     
           1          14  0.97496681145968389     
           2          15  0.96027693769182232     
           4          16  0.96972222512491157     
           8          17  0.87264189256581992     
          11          18  0.95912070983067177     
          12          19  0.97225232851578780     
          12          20  0.97677531853347566     
