           1           2   1.9200142215271065     
           2           3   1.0723187089106150     
           3           4   1.3910167463398337     
           4           5   1.4358909048430810     
           5           6   1.4463231087387125     
           6           7   1.3702597253514677     
           7           8   1.0394894986871306     
           8           9  0.97963269267034003     
           3          10   1.3343304942007443     
           7          10   1.3396017639072149     
          10          11   1.0603221328062842     
          11          12   1.9236032598056896     
           1          13  0.97718683540447848     
           1          14  0.97194591822818077     
           2          15  0.95967875719920803     
           4          16  0.96873076389548141     
           5          17  0.96985181070016269     
           6          18  0.96743546606401909     
           9          19  0.97756325437194858     
           9          20  0.97203956213522535     
           9          21  0.97975301189583786     
          11          22  0.95607246491215614     
          12          23  0.97600246052538253     
          12          24  0.97779609793903366     
