$coord
    1.83210232078821   -0.20914991259254   -0.02171680598536      c
    4.65039993275424   -0.20517893225136   -0.01249125436158      c
    6.10243434205130   -2.35430748028972   -0.00947306752954      c
    8.64249074088547   -2.43189128408163   -0.00104497995615      n
    9.98147968537673   -0.36274772420458    0.00513935921053      c
   12.79171821528845   -0.53432759992857    0.01452433916292      c
    8.73925580895690    2.01440828691075    0.00286152710223      c
    9.74840549723496    4.32209286378385    0.00801037989791      n
    7.49829321359364    6.35880450042424    0.00217024827819      s
    5.14208061494672    4.44481553647865   -0.00717983653268      n
    6.02598230782422    2.08252652034503   -0.00609466544138      c
    1.10629078464347   -2.13052322682263   -0.02586631822048      h
    1.13352025982248    0.78728474926872   -1.68152250451154      h
    1.12269658134102    0.78418741445685    1.63535748396220      h
    5.21528259003287   -4.19722438821168   -0.01396071333653      h
   13.36326690247350   -2.50474508579223    0.01486170106864      h
   13.54482635028136    0.41390182410265    1.67769650843698      h
   13.55611155303043    0.41661708638718   -1.64193160421536      h
$periodic 0
$end
