           1           2   1.9209646337699307     
           2           3   1.0716970953143423     
           3           4   1.5041976291418984     
           4           5   1.2808735127217479     
           5           6   1.0740659771311958     
           6           7   1.7418257869648359     
           7           8  0.99514763415265639     
           7           9  0.97417142772302345     
           5          10   1.4314079403137066     
          10          11  0.96520537291248487     
          10          12   1.2486933626125725     
          12          13   1.2821020277418889     
          13          14   1.5497529310133955     
          14          15   1.3292055529295381     
          13          16  0.11700847068172178     
          15          16   1.5430673246084470     
           3          17   1.2209007526777960     
          12          17   1.2523584111002490     
          16          17   1.2980255559230125     
           1          18  0.97743014274492435     
           1          19  0.97452166845736143     
           2          20  0.95654212572057284     
           4          21  0.96485363766414234     
           6          22  0.95212712185726489     
          13          23  0.96704871977036844     
          14          24  0.97033315349228233     
          15          25  0.97063654152243029     
          16          26  0.96461997129561661     
