$coord
    4.68563315960693    2.12963180364023    0.20439321589461      c
    2.25742679876938    0.68567336991629    0.06915657894663      c
   -0.06701864205233    1.90408782874535    0.15819917287854      c
   -2.32795302443272    0.57945675735952    0.03419427661441      c
   -4.82076248421168    1.91901025422967    0.13216959166802      c
   -2.25546124681580   -2.04240035586233   -0.18504327704409      c
    0.04650573205935   -3.25735842940324   -0.27430314033258      c
    0.39304764844122   -6.62927252591904   -0.55534180287343      s
   -2.76607846177166   -7.98211682505216   -0.70334974130815      c
    1.63764041475711   -7.14685594213830   -2.91659415472702      o
    1.58802884641395   -7.53830624992532    1.71144296577795      o
    2.28848267631211   -1.93136889061930   -0.15052975233462      c
    4.34088447503852    4.14794132128387    0.36440970375101      h
    5.81278003798145    1.78101040640914   -1.48109583792894      h
    5.78659586979967    1.51439688590124    1.82996615658428      h
   -0.11740485191178    3.93910203378409    0.32849342644547      h
   -4.56031152990000    3.94925022548228    0.29339921479741      h
   -5.92035279604542    1.26791303862916    1.74541372219931      h
   -5.91028694523812    1.52953588901519   -1.56976905580451      h
   -4.00186805981199   -3.08877816309982   -0.28241283384684      h
   -3.71956284859458   -7.24817303970649   -2.35635072710325      h
   -3.75434621211514   -7.53704908252253    1.03018743094045      h
   -2.50611898304369  -10.00545028276035   -0.87312320519158      h
    4.04204246392602   -2.96757411235128   -0.22834859804512      h
$periodic 0
$end
