$coord
    2.06582522083583   -0.16373881936570   -0.01324583153563      c
    4.88895636752476   -0.15773061364141   -0.00628616111111      c
    6.27347993819552    2.08596607580245   -0.00219683408526      c
    8.75380071504094    2.17411620152211    0.00440244481809      n
   10.03918998765360    0.01033233132370    0.00725258836895      c
   12.71604454858110    0.22324221138918    0.01453663702154      c
   14.87701479245654    0.37086710044627    0.02261573384031      n
    8.87945816895350   -2.37234899960395    0.00347939195998      c
   10.36346674588335   -4.77600426563129    0.00673974766236      c
    6.25435906960722   -2.39982590194159   -0.00346878456875      c
    1.32811746720877    1.75296187830156   -0.01349481551173      h
    1.35051925972667   -1.14912239686932    1.64677065505158      h
    1.35851685539894   -1.14644799428208   -1.67825817016579      h
    5.33315163008383    3.90230416726359   -0.00457845743661      h
   12.38341086626950   -4.40205760936984    0.01278977101721      h
    9.90022155276177   -5.89585511658363   -1.65823953342859      h
    9.89054767267789   -5.89740162006538    1.66795952366782      h
    5.26965608607027   -4.19176044414369   -0.00677790556337      h
$periodic 0
$end
