           1           2   1.8919263714828305     
           2           3   1.1006346879699762     
           3           4   1.2368142067256032     
           3           5  0.13732865987553466     
           4           5   1.1840132454951540     
           5           6   1.4372798362321459     
           6           7   1.1086197750072819     
           7           8   1.1650745913757006     
           8           9   1.0019581758908180     
           7          10  0.15461504149667438     
           8          10   1.7121091200732497     
           3          11   1.3853161694601921     
           6          11   1.2463452107845050     
          11          12   1.0877045434631074     
          12          13   1.9093888444086522     
           1          14  0.97767666633954520     
           1          15  0.97312986933178758     
           2          16  0.96105510223562951     
           4          17  0.94050556415768061     
           7          18  0.92390358426826225     
           9          19  0.95986621273040418     
           9          20  0.98256761918450408     
           9          21  0.96016648299277263     
          12          22  0.95679699887565561     
          13          23  0.97582836485962643     
          13          24  0.97800999367273977     
