           1           2   1.9162478943323553     
           2           3   1.0794264443338641     
           3           4   1.3804223289463078     
           4           5   1.4550446575923663     
           5           6   1.3765738739827009     
           6           7  0.97711958400128895     
           6           8   1.3567336978504612     
           8           9  0.97503875051216105     
           3          10   1.3286715237964377     
           8          10   1.3457670857208333     
          10          11   1.0735548193059210     
          11          12   1.7446484895274137     
          12          13  0.98658206662220893     
          12          14  0.98305633014832472     
           1          15  0.97658459412539766     
           1          16  0.97345250963815322     
           2          17  0.95706733475697370     
           4          18  0.96405038367756901     
           5          19  0.96430207940036805     
          11          20  0.94689384496578755     
