$coord
    2.69895515932615   -0.53153306085786    1.26118663324226      c
    4.78424005321387   -0.04057063780390   -0.04557970694247      c
    5.80166260707562    2.45101977915646   -0.61754850411411      c
    4.64430392700439    4.71636103772350    0.09787048840310      c
    5.78651156078926    6.97920268219620   -0.54137984356610      c
    4.57529070581189    9.42717169758089    0.25896622953140      c
    2.57653840439664    9.08577849569886    1.77591752352954      f
    6.17250256702108   10.94360748700433    1.52694976914113      f
    3.72763904623395   10.78529016069466   -1.72206398166194      f
    8.06622828326974    6.99288234296190   -1.89351394837324      c
    9.34542155646521    9.31270368765197   -2.64542520326743      c
   11.83087792847599    9.52012991550814   -2.91277364358923      c
    9.02943546748829    4.60688128340055   -2.52124625958863      c
    7.96449230509839    2.45540049907544   -1.91361294819017      n
    2.09124656928005   -2.44386478956855    1.59202593588516      h
    1.52026222290830    0.92558720797267    2.05454740074053      h
    5.91883217376675   -1.56249016927207   -0.80140159860987      h
    2.89416148092847    4.71249328668280    1.13864370759649      h
    8.15500461682039   10.94035258435233   -2.97744662770805      h
   13.09827335419265    7.97413216584543   -2.53186287132494      h
   12.68660710342114   11.27487028836835   -3.47970470507158      h
   10.75095220415875    4.45729743180875   -3.61239462216791      h
$periodic 0
$end
