           1           2   1.8626687996306690     
           2           3   1.1377919856856005     
           1           4  0.11572892296375567     
           3           4   1.7281514004365710     
           4           5   1.1502920151294111     
           3           6  0.10270127854535829     
           5           6   1.6922722064232840     
           6           7  0.98043583082771280     
           6           8  0.97768332779746958     
           1           9  0.97845261164424713     
           1          10  0.97356141972911581     
           2          11  0.96770487094480440     
           3          12  0.96627743184200809     
           4          13  0.95954781492664787     
           5          14  0.95554082799317752     
