           1           2   1.9103054844079492     
           2           3   1.0809566830953696     
           3           4   1.5634504821473627     
           4           5   1.1989903215935096     
           4           6  0.10365603511248650     
           5           6   1.2066374761896141     
           3           7   1.1819765908891262     
           6           7   1.5620896163044884     
           7           8   1.0733989843166478     
           8           9   1.7441589570947582     
           9          10  0.98310266735888852     
           9          11  0.97164527587104799     
           1          12  0.97770964631481438     
           1          13  0.97563388692497965     
           2          14  0.95953549362736057     
           4          15  0.96879942846855027     
           6          16  0.97019929264770122     
           8          17  0.95214799043473186     
