$coord
    4.34616536697694   -0.51390829464155   -0.25284645574212      c
    1.51936189559602   -0.37853679389501   -0.19364063312261      c
    0.06761368158211   -2.56674245455541   -0.15864175054238      c
   -2.54148415678386   -2.44891551310367   -0.15220098964146      c
   -3.75195942136887   -0.11826926287804   -0.16163959731684      c
   -6.42243760178680    0.01517755002253   -0.13975735412325      n
   -7.78577251941940   -0.79736391795539    1.96392625300978      c
  -10.42971451283198   -0.63569683496026    1.93955869481555      c
  -11.74693052263770    0.32252613920814   -0.08224982765155      o
  -10.37280342591707    1.11827895847807   -2.13623649887560      c
   -7.72898653396652    0.97549449119765   -2.21686102618907      c
   -6.50534533440326    1.74177855105091   -4.40897710738544      c
   -7.86236965807944    2.68523240864270   -6.44327292855099      c
  -10.46077163625008    2.86111170303685   -6.32737998828306      c
  -11.71518299816203    2.06049279951124   -4.16770653620281      c
  -11.82849507650034   -1.42665050674458    3.99732396394251      c
  -10.62945000538756   -2.37603034563031    6.12794196341987      c
   -8.02623119265305   -2.50058000960200    6.18830169012032      c
   -6.61274917991253   -1.70960800789389    4.12760494487197      c
   -2.31778273974424    2.08226635048273   -0.18940442944698      c
    0.28926836098671    1.94264746472498   -0.21490998201950      c
    5.01716316457803   -2.25024159631124    0.61715610295306      h
    5.17715220014460    1.09052599883077    0.72660403187997      h
    5.01033788813091   -0.48002047648354   -2.20359336908046      h
    0.99089170595237   -4.38819829958595   -0.14542447954642      h
   -3.65524056850706   -4.15928276715065   -0.13476121609843      h
   -4.47592290478012    1.58889503444714   -4.52992471077103      h
   -6.86143581085192    3.27501335158847   -8.11968084213850      h
  -11.52510412380124    3.59826738415481   -7.90173863279653      h
  -13.74629976132378    2.14634013634816   -4.02694636817484      h
  -13.85846117469887   -1.27688369917934    3.90016064210657      h
  -11.73812166531844   -2.99306253863758    7.72321091632078      h
   -7.06456860229950   -3.20960042716873    7.84132273593657      h
   -4.57718878687654   -1.79088695415570    4.20641927813933      h
   -3.25847019180739    3.89366284640424   -0.19013848489234      h
    1.38823328557217    3.66331587342745   -0.23750928674760      h
$periodic 0
$end
