           1           2   1.8950480019340188     
           2           3   1.0954193825015870     
           3           4   1.3670344505399623     
           4           5   1.4216513945722991     
           5           6   1.0899449232044145     
           6           7   1.9021325373551243     
           5           8   1.2748770256559205     
           8           9   1.0784096434881953     
           9          10  0.96822875868471492     
          10          11  0.99348813616652953     
          11          12   1.4104835877107131     
          12          13   1.4473322340285795     
          11          14  0.10961209803769383     
          13          14   1.4362853039070986     
          12          15  0.11190038406990307     
          14          15   1.4415803686732296     
          11          16   1.4174397832684202     
          13          16  0.11123408754836307     
          15          16   1.4416487081207532     
           8          17   1.3790074497549716     
           3          18   1.3300231535486953     
          17          18   1.4043958688117784     
          18          19  0.95650519538011525     
           1          20  0.97819562565180851     
           1          21  0.97273151567860694     
           2          22  0.96413038682686536     
           4          23  0.95857290144867757     
           6          24  0.96114428535530450     
           7          25  0.97288006846533248     
           7          26  0.97803181950861751     
          10          27  0.96146197747641438     
          10          28  0.95446568434732726     
          12          29  0.96940248972227305     
          13          30  0.97083272942982046     
          14          31  0.97121553630865187     
          15          32  0.97089532203926310     
          16          33  0.96841760431497714     
          17          34  0.95981665784504944     
