           1           2  0.95503821934960487     
           2           3   1.1219250345593503     
           3           4  0.98052855964764729     
           4           5   1.3341135035750358     
           5           6   1.0573126164769642     
           6           7   1.0882343840403625     
           7           8   1.3607019846751174     
           8           9   1.4251047383723379     
           9          10  0.95067561516701804     
          10          11  0.94168527582710460     
          10          12  0.93592481861594778     
          10          13  0.95493942976548818     
           9          14   1.4059424604833806     
           8          15  0.10237807757033636     
          14          15   1.4212433920428202     
           7          16   1.3501723957810485     
          15          16   1.4648843923410308     
           6          17   1.0610426682927461     
          17          18   1.3568319595520402     
          18          19   1.4785529747197179     
          19          20   1.3589681769378670     
          20          21   1.1039034176479101     
          21          22   1.7215165588143195     
          22          23  0.97879786723527662     
          22          24  0.97439844338668369     
          20          25   1.3574381450993949     
          17          26   1.3560829907589231     
          25          26   1.4783437470369938     
           5          27   1.3732315240438560     
          27          28   1.4565864892675648     
          28          29   1.4202461274769611     
           4          30   1.4007985936047540     
          27          30  0.10391448191505268     
          29          30   1.4455692187145877     
           2          31  0.17215201687677995     
           3          31   1.7396050992906906     
           1          32  0.98020054687541980     
           1          33  0.97706533695728259     
           1          34  0.97593812330223761     
           8          35  0.96412930053726753     
          14          36  0.96735733890815356     
          15          37  0.96845357276599875     
          16          38  0.96652741217512628     
          18          39  0.96671632413525721     
          19          40  0.96656989141660121     
          21          41  0.95409260081002556     
          25          42  0.96764356099255888     
          26          43  0.96682160307665488     
          27          44  0.96658130587570312     
          28          45  0.96964790298067594     
          29          46  0.96928755681551748     
          30          47  0.96672286658846796     
