    0.03289955
   -0.26085429
    0.35633522
   -0.03563077
    0.07270951
   -0.05651593
    0.07616620
   -0.03521556
   -0.02235598
    0.48610062
   -0.20338245
   -0.21005515
   -0.21096407
   -0.03441808
   -0.02359827
   -0.04535413
    0.06675082
   -0.04318005
   -0.03226961
    0.01703073
   -0.08207850
    0.31064311
   -0.18740388
   -0.19478495
   -0.03366141
   -0.04563847
   -0.04404034
   -0.02349307
   -0.03317249
   -0.02190308
   -0.41584509
    0.07115588
    0.06768813
    0.06101521
    0.06807005
    0.05540888
    0.05205307
    0.04497114
    0.04313348
    0.04384773
    0.07994226
    0.05784529
    0.04031306
    0.04596533
    0.04702759
    0.04665411
    0.05208867
