           1           2   1.9417920336408023     
           2           3   1.0484794967915305     
           3           4   1.5641649016624750     
           4           5   1.2005738279567217     
           5           6   1.1298656833714220     
           6           7   1.0333224077757484     
           7           8   1.7434244502920153     
           7           9   1.1038976705256944     
           8           9  0.15703892217759396     
           3          10   1.2042018598708248     
           6          10   1.4862153259472823     
          10          11   1.0727820766473213     
          11          12   1.9169587064720524     
           1          13  0.97608144854543899     
           1          14  0.97313822418167484     
           2          15  0.95805527514346844     
           4          16  0.96865759455611189     
           9          17  0.86877260620237073     
          11          18  0.95257085649127293     
          12          19  0.97508270211959058     
          12          20  0.97601919409256366     
