           1           2   1.9542077014079469     
           2           3   1.0279023839378680     
           3           4   1.4278514507655320     
           4           5   1.0587044393112399     
           5           6  0.98310848994615219     
           4           7   1.2668039713311425     
           7           8   1.4987098036667208     
           8           9   1.1013746530047852     
           9          10   1.8877485855655523     
           8          11   1.1968411913456452     
          11          12   1.3117076135068146     
          12          13   1.5325979048603351     
          13          14   1.3188514288407909     
          12          15  0.10352375789670715     
          14          15   1.5437998265445905     
           3          16   1.2314060059514298     
          11          16   1.2420746488919896     
          15          16   1.2941290328714381     
           1          17  0.97677430068750559     
           1          18  0.97689379743811655     
           2          19  0.95468756481602601     
           6          20  0.97822811361472328     
           6          21  0.97136662100375071     
           6          22  0.97758635544100980     
           7          23  0.96294185780207620     
           9          24  0.96332094714446048     
          10          25  0.96410549024307235     
          10          26  0.97774257818106314     
          13          27  0.96292123927287210     
          14          28  0.97022511637328046     
          15          29  0.96417834216637288     
