$coord
    2.53021398928225   -0.66273136923566   -0.09535873345942      c
    4.83137907939603   -0.22179353242062   -0.99074067354595      c
    5.80587960759567    2.18468662039102   -1.91011376506570      c
    4.42655400125450    4.43321177179390   -1.91656859650630      c
    5.51079553326357    6.64588467921054   -2.79726026199360      c
    4.05264940592516    9.07115504729710   -2.75406669869119      c
    8.01254805510214    6.54870338065790   -3.68079835337335      c
    9.30267092853367    8.78224202911872   -4.64946124388982      c
   11.77828659190768    9.16407395664915   -4.53558847561526      c
    9.20926804408734    4.19523672895023   -3.62651807385338      c
    8.17483826746675    2.10643069148771   -2.77520934357446      n
    1.98171480763850   -2.51612030552371    0.53901098450576      h
    1.10122020074104    0.77973495800826    0.03973623203949      h
    6.20106959659852   -1.73416574850828   -1.09997224060640      h
    2.51026469428000    4.46038067585644   -1.21902096558210      h
    2.19626657374466    8.78467470030025   -1.91934586797002      h
    3.80112720174354    9.79776720684884   -4.66526180740691      h
    5.05793078929836   10.49619228285589   -1.65962599066004      h
    8.10753872587134   10.20631292786190   -5.50078529306300      h
   13.03996561278814    7.83683033935893   -3.64910356669200      h
   12.63164416184061   10.84649273795570   -5.29894315050220      h
   11.11309195309039    3.99485624768021   -4.34725008666693      h
$periodic 0
$end
