           1           2   1.9048902258843321     
           2           3   1.0876503639839532     
           3           4   1.3946195959196210     
           4           5   1.3723518641711061     
           5           6   1.0923294873144400     
           6           7   1.7341008419614350     
           7           8  0.97902076465779808     
           7           9  0.97259348772689425     
           5          10   1.3857582686550891     
          10          11   1.3566298554877529     
          11          12   1.0627902230656860     
          12          13  0.98500765818678704     
           3          14   1.3659211229277117     
          11          14   1.3812718722479465     
           1          15  0.97781585365133827     
           1          16  0.97184091425190033     
           2          17  0.96417237911526188     
           4          18  0.96172746008954368     
           6          19  0.95389341347308765     
          10          20  0.96587824244662357     
          13          21  0.97951193970594552     
          13          22  0.97660324569469104     
          13          23  0.97662168444119113     
          14          24  0.96347671926954270     
