           1           2   1.8909460585171463     
           2           3   1.0979909556077101     
           3           4   1.3922629880328889     
           4           5   1.3921603517498902     
           5           6   1.0450105472584295     
           6           7   1.6905725309346153     
           6           8   1.1173316936690605     
           7           8  0.14674515657622070     
           5           9   1.2510478916241801     
           9          10   1.2956083013156805     
           9          11   1.2459186331639376     
          11          12   1.0657253920305945     
          12          13   1.9204517869947257     
           3          14   1.2893104898992522     
          11          14   1.4106184661362386     
          14          15  0.96526951491242374     
           1          16  0.97813635914127572     
           1          17  0.97330406410853765     
           2          18  0.96327357757587417     
           4          19  0.95212550181251543     
           8          20  0.86122108265061958     
          10          21  0.89559735316564504     
          10          22  0.93287907398060188     
          12          23  0.95793403506231556     
          13          24  0.97245034782747863     
          13          25  0.97695436252336931     
