           1           2  0.97172776792196114     
           2           3  0.97971917667528152     
           2           4   1.7314969035038876     
           4           5   1.0938605855104944     
           5           6   1.3900094388135471     
           6           7   1.3732194234965815     
           7           8   1.0812435371254574     
           8           9   1.0592034998066548     
           9          10   1.3682468526781346     
          10          11   1.4560162046568443     
          11          12   1.4301321203354385     
          10          13  0.10543443326660701     
          12          13   1.4302006577627966     
           9          14   1.3686812598207485     
          11          14  0.10546747856104349     
          13          14   1.4561545764252630     
           8          15   1.0536739246394893     
          15          16   1.3700525078563566     
          16          17   1.4555527326662194     
          17          18   1.4303750770802734     
          16          19  0.10585310364901793     
          18          19   1.4312773297461512     
          15          20   1.3712866057233630     
          17          20  0.10577030541989965     
          19          20   1.4547489795938200     
           7          21   1.3508383340882495     
          21          22   1.4498827379698795     
           5          23   1.3591836146772460     
          22          23   1.4441060504703915     
           4          24  0.95427539339550282     
           6          25  0.96380454092550283     
          10          26  0.96811419558810274     
          11          27  0.97090968459105487     
          12          28  0.97164741768336915     
          13          29  0.97090339888345334     
          14          30  0.96813888923546287     
          16          31  0.96816222355274018     
          17          32  0.97082422112794098     
          18          33  0.97155473651303059     
          19          34  0.97086826983806751     
          20          35  0.96816937573553186     
          21          36  0.96770046180854896     
          22          37  0.97014603314165671     
          23          38  0.96911769740947273     
