           1           2   1.9017864904672119     
           2           3   1.0831330334577831     
           3           4   1.3824829458060632     
           4           5   1.4641358814725225     
           5           6   1.3986528318846094     
           6           7   1.4530521999431265     
           3           8   1.3111834569944811     
           5           8  0.10007443487402305     
           7           8   1.3947751180959065     
           8           9   1.0655171335045575     
           9          10   1.7493637860398974     
          10          11  0.98367408907811082     
          10          12  0.97405749173903178     
           1          13  0.97756793943942388     
           1          14  0.97222347345119553     
           2          15  0.96222338884131831     
           5          16  0.96259979736216883     
           6          17  0.96948358850327754     
           7          18  0.96828801325643388     
           9          19  0.95045796456116427     
