   -0.07529726
   -0.03470857
    0.09783758
   -0.04541644
   -0.01376306
   -0.04011965
    0.08973050
    0.09014522
   -0.03829210
   -0.01241229
   -0.03829249
    0.09014495
    0.08973019
   -0.04011989
   -0.01376308
   -0.04541647
    0.09783772
   -0.03470848
   -0.07529741
   -0.23894026
   -0.24445924
   -0.23893996
    0.04369836
    0.06280427
    0.03480096
    0.03324809
    0.03329317
    0.05330627
    0.05770624
    0.03680332
    0.05770776
    0.05330739
    0.03329316
    0.03324806
    0.03480128
    0.06280388
    0.04369829
