           1           2   1.8564600888558023     
           2           3   1.1370321830381123     
           3           4   1.5012336867352716     
           4           5   1.3027410504504204     
           5           6   1.0119984118590020     
           6           7  0.98788737689578487     
           7           8   1.0059726910425757     
           8           9   1.0078438173964825     
           9          10   1.0067832535769488     
          10          11   1.0079471029554179     
          11          12   1.0069987552865420     
          12          13   1.0200330310153085     
           5          14   1.4638519979662463     
          14          15   1.1447994503573793     
          15          16   1.8556149260201902     
           3          17   1.1384760582073570     
          14          17   1.1317422730352631     
           1          18  0.97815195637872987     
           1          19  0.97542456309704484     
           2          20  0.96452541536486891     
           4          21  0.96164405294344435     
           6          22  0.97353821394709839     
           6          23  0.96762122887997326     
           7          24  0.97786961116741467     
           7          25  0.97679522039711042     
           8          26  0.97525079308714568     
           8          27  0.97935491651300444     
           9          28  0.97835872279895897     
           9          29  0.97163296329281257     
          10          30  0.97690655840538521     
          10          31  0.97633207950252288     
          11          32  0.97751118187119690     
          11          33  0.97718957881511392     
          12          34  0.97866911747691798     
          12          35  0.97827550893526660     
          13          36  0.98773863469276779     
          13          37  0.98765134543388322     
          13          38  0.98637543122251758     
          15          39  0.95550237822327255     
          16          40  0.97180517892428953     
          16          41  0.97863950430341928     
