$coord
    4.74995482650766    2.01679622625163    0.02127007741530      c
    2.27912644684132    0.63833880709835    0.01057225402290      c
    0.00510508920012    1.94801814042326    0.00465720913070      c
   -2.25367516902119    0.62267096410487   -0.00463024323755      c
   -4.73939975317947    1.98474800299838   -0.01126496689647      c
   -4.51702938097358    4.50835588257587   -0.00529318122407      f
   -6.15315136615670    1.40069971774178   -2.04776082342513      f
   -6.16861590423655    1.39240084202418    2.01191329737058      f
   -2.28499448301142   -2.00061371897919   -0.00839393431595      c
   -0.02601144597345   -3.33068186401012   -0.00270936198698      c
    0.00201584271141   -6.15952815780187   -0.00703983504325      c
    2.22881937590568   -1.98520325660832    0.00685379136323      c
    4.46005665862433    4.04908120432068    0.01520199149667      h
    5.86056695326850    1.50351993466067   -1.63341012781206      h
    5.84150479220893    1.51109442516782    1.69097561449798      h
   -0.00920394423815    3.98740364592329    0.00728649828392      h
   -4.06990411121317   -2.98908266841637   -0.01576082395219      h
   -1.90659159606727   -6.91533780516963   -0.01341002123613      h
    0.98599463417553   -6.86554066695410    1.65679303890878      h
    0.99487137895460   -6.86015912310923   -1.66789898168211      h
    3.99545441166786   -3.01106397868495    0.01143711656583      h
$periodic 0
$end
