           1           2   1.8616837750707442     
           2           3   1.1392347470054702     
           3           4   1.4914367499107226     
           4           5   1.3389395215996389     
           5           6   1.4823196362310209     
           6           7   1.1486473771360988     
           7           8   1.6897692952658139     
           8           9  0.98294534265764799     
           8          10  0.97617742481251712     
           3          11   1.1491928773879494     
           6          11   1.1463378695536701     
           1          12  0.97782787083862777     
           1          13  0.97126174036315427     
           2          14  0.95823408545662070     
           4          15  0.96445814992610368     
           5          16  0.96435221487056388     
           7          17  0.95154264684924472     
