           1           2   1.9825598578195724     
           2           3   1.0198816419208048     
           3           4   1.4028216944866683     
           4           5   1.4092700536795926     
           5           6   1.0198152799336642     
           6           7   1.9825635134727213     
           3           8  0.10577543293620338     
           5           8   1.3966236972940478     
           4           9  0.10397103179152704     
           8           9   1.4192919344657469     
           9          10  0.94990930270547391     
          10          11  0.95168339751147824     
          10          12  0.94015299509917838     
          10          13  0.94044950079117806     
           3          14   1.4043413240771763     
           5          14  0.10709165570353427     
           9          14   1.4097713471718796     
           1          15  0.97547457202351895     
           1          16  0.97616966054800669     
           2          17  0.95045990883366116     
           4          18  0.96882651924436003     
           6          19  0.95050685577541549     
           7          20  0.97618663162044661     
           7          21  0.97546746240809434     
           8          22  0.96673297383438883     
          14          23  0.96774863163618785     
