           1           2   1.9103577467103081     
           2           3   1.0822083614575349     
           3           4   1.3920664818619981     
           4           5   1.3546418047209783     
           5           6   1.1487130702579424     
           5           7   1.3543845382240329     
           7           8   1.3923159901266635     
           8           9   1.0818238261311826     
           9          10   1.9107185065027676     
           3          11   1.3390137434983740     
           8          11   1.3391185400734240     
          11          12  0.99255186570448262     
          12          13  0.97743911312633480     
           1          14  0.97830492155823834     
           1          15  0.97399263780363621     
           2          16  0.96090572788729678     
           4          17  0.96397980028488739     
           6          18  0.95585964017243885     
           6          19  0.95586409388261306     
           7          20  0.96403117668971061     
           9          21  0.96084641105313240     
          10          22  0.97403963868960797     
          10          23  0.97830262378172339     
          13          24  0.97862532653695367     
          13          25  0.98032505442074591     
          13          26  0.97852522454214985     
