           1           2  0.97566370323750029     
           2           3  0.98229785232343469     
           2           4   1.7295954236945548     
           4           5   1.0944128112167479     
           5           6   1.3823645982914472     
           6           7   1.3941921996064688     
           7           8   1.0471577790899684     
           8           9   1.1161440325397660     
           9          10   1.2650179195189448     
          10          11   1.3661381789541680     
          11          12   1.4725582640887260     
          12          13   1.3977011825698289     
           9          14   1.3618753722981771     
          11          14  0.10713635809385921     
          13          14   1.4669203506772526     
           8          15   1.1183460820803348     
          10          16   1.1426491685724183     
          15          16   1.2637508655918703     
          16          17   1.3670549704127488     
          17          18   1.4716963351733789     
          18          19   1.3980036563537634     
          15          20   1.3614350862951536     
          17          20  0.10674080038037173     
          19          20   1.4664748169499719     
           7          21   1.3703522489507598     
           6          22  0.10033889527147205     
          21          22   1.4409546110205640     
           5          23   1.3649499863660965     
          22          23   1.4506272655365526     
           4          24  0.95412706539102987     
           6          25  0.96387746823262432     
          11          26  0.96911619807907035     
          12          27  0.97155222096394267     
          13          28  0.97171360159708520     
          14          29  0.96608867904120543     
          17          30  0.96910532138884531     
          18          31  0.97159854322258998     
          19          32  0.97183299566620707     
          20          33  0.96638495673132363     
          21          34  0.96766767246354524     
          22          35  0.96973437930623230     
          23          36  0.96864631471208262     
