   -0.19015500
    0.31457900
   -0.18367337
   -0.08247745
    0.02262776
   -0.03243381
   -0.03641676
    0.07210258
   -0.07584663
    0.05968511
    0.03314660
   -0.15152820
    0.03338627
    0.05964044
   -0.05896796
   -0.03400943
   -0.03925917
   -0.03983453
   -0.03981355
   -0.03941224
   -0.03398574
   -0.05937334
   -0.03585005
   -0.03485498
    0.08248901
    0.04620934
    0.04933023
    0.02892084
    0.03397181
    0.03615498
    0.04404801
    0.04392213
    0.03602584
    0.03398934
    0.02972538
    0.04922412
    0.05871341
