           1           2   1.9305145596748579     
           2           3   1.0621312958371691     
           3           4   1.3711810301465426     
           4           5   1.4685876188503830     
           5           6   1.3724541484768233     
           6           7   1.0590659445957296     
           7           8   1.9303941631087631     
           6           9   1.3683401969211961     
           9          10   1.0282678470580184     
           3          11   1.3685674553841221     
           9          11   1.3910015679945293     
          11          12   1.0273624436895086     
           1          13  0.97817476129861336     
           1          14  0.97556889009693726     
           2          15  0.95594339976429787     
           4          16  0.96779869411466402     
           5          17  0.96909561670081223     
           7          18  0.95955488020306490     
           8          19  0.97561526522707731     
           8          20  0.97765356952031590     
          10          21  0.97928135852228126     
          10          22  0.97150665041777606     
          10          23  0.96802121954785258     
          12          24  0.97282298205504003     
          12          25  0.96617646514668976     
          12          26  0.97955785093303160     
