           1           2   1.9141874383012281     
           2           3   1.0770755216981653     
           3           4   1.3816299743771447     
           4           5   1.4362343921669518     
           5           6   1.0144359694865825     
           6           7  0.98980088678074074     
           7           8   1.0097651994173555     
           8           9   1.0063570241996520     
           9          10   1.0088400165941263     
          10          11   1.0190200332674362     
           5          12   1.3427978675569190     
          12          13   1.0745574312605974     
          13          14   1.9155726070885091     
          12          15   1.3823486994146348     
           3          16   1.3419495113136073     
          15          16   1.4367668646788849     
          16          17   1.0136601052856566     
          17          18  0.99004423237891714     
          18          19   1.0057017185949828     
          19          20   1.0081410535888575     
          20          21   1.0075467377627849     
          21          22   1.0191444111216776     
           1          23  0.97850805589089096     
           1          24  0.97490202693081640     
           2          25  0.95639504197789438     
           4          26  0.96417109056406292     
           6          27  0.96295720920887184     
           6          28  0.97517653086193368     
           7          29  0.97053721240553270     
           7          30  0.97698130858074494     
           8          31  0.97714250112267065     
           8          32  0.97518185969936400     
           9          33  0.97731651245207463     
           9          34  0.97724519715280933     
          10          35  0.97830597252595952     
          10          36  0.97637333575907292     
          11          37  0.98790015215852167     
          11          38  0.98765488719573824     
          11          39  0.98808679931200438     
          13          40  0.95670688089372335     
          14          41  0.97506953219026726     
          14          42  0.97848871807664706     
          15          43  0.96456594096774029     
          17          44  0.97497732307393747     
          17          45  0.96104459969447131     
          18          46  0.97411785402633422     
          18          47  0.97821520037846565     
          19          48  0.97622579419926159     
          19          49  0.97719987080809467     
          20          50  0.97529541955117560     
          20          51  0.97720392788258714     
          21          52  0.97852666068211902     
          21          53  0.97871663710428147     
          22          54  0.98800385312922301     
          22          55  0.98755114727082427     
          22          56  0.98800545317531441     
