$coord
    3.62904069247639    2.83728977908115   -0.24305889910910      c
    3.64772558333549    0.55859695966917    0.80412303428416      c
    5.46041070885326   -0.37705139494963    2.66050192004621      c
    7.73502275441767    0.84164764707817    3.16460107214838      c
    9.40992166722168   -0.11231609486395    4.94961286928977      c
   11.77726631785589    1.23137526291136    5.39297057479123      c
   13.71090072090239    0.46106792867179    6.79265867099245      c
    8.76854476746129   -2.31398087157856    6.25544465682676      c
    6.52075331991749   -3.57662357951822    5.79391355019218      c
    5.77192226170858   -5.98060459230372    7.18423311625659      c
    7.77674957123364   -6.84733024094547    9.08193527935758      c
    3.30523397706945   -5.50078850826041    8.63358748965189      c
    5.38215578047409   -8.10979379500863    5.25261891831686      c
    4.89795241131717   -2.58417399541424    3.98025743877945      c
    2.20548761019204    3.37251126438519   -1.59457414564025      h
    5.00872542869619    4.26390735825890    0.20747039521235      h
    2.17667651630456   -0.77502060845121    0.30099092208510      h
    8.23197350437931    2.53359387838582    2.13818401613771      h
   11.91837638528054    3.03302559150180    4.42909223874040      h
   13.72285581903013   -1.31708943575402    7.78114505867457      h
   15.38811604108350    1.59522111465349    6.99401392348965      h
   10.06809429528262   -3.01748060049515    7.65207297365127      h
    8.08255247105452   -5.42823626706512   10.53701998019417      h
    9.55986118491378   -7.24944664469372    8.14190357779564      h
    7.14387651224142   -8.57288369008270   10.00482160467687      h
    3.56457456139641   -3.97850809309050    9.99151825776299      h
    2.74061657517727   -7.19537060343690    9.65233964362170      h
    1.77934031890113   -4.97516179956198    7.36437608577728      h
    7.10583736415996   -8.41325896452944    4.17313826306559      h
    3.87015193795734   -7.66448293282042    3.93730594566736      h
    4.89849701567284   -9.86064558388895    6.21626505645789      h
    3.12940300103850   -3.51980677009696    3.57407658581824      h
$periodic 0
$end
