           1           2   1.8934091128410486     
           2           3   1.0967975427668013     
           3           4   1.3856607074187970     
           4           5   1.4313793930515095     
           5           6   1.4152192037631472     
           6           7   1.2906457614736480     
           3           8   1.3404116788759999     
           7           8   1.4576882845851216     
           7           9   1.0065222594153180     
           9          10   1.8117230341646600     
           9          11   1.0059072042653152     
          11          12   1.4631840774039009     
          12          13   1.3363775069940462     
          13          14   1.0975592121569768     
          14          15   1.8925230620603193     
          13          16   1.3888756127973536     
          16          17   1.4260916810660755     
           6          18   1.0662243248102392     
          11          18   1.2869090339228433     
          17          18   1.4196379898297740     
           1          19  0.97791731715014107     
           1          20  0.97241634646973019     
           2          21  0.96410045485228646     
           4          22  0.96518990718458231     
           5          23  0.96806030148127020     
           8          24  0.96465629841878964     
          12          25  0.96157625289044113     
          14          26  0.96416524599351394     
          15          27  0.97216901186482352     
          15          28  0.97800319837329841     
          16          29  0.96820185116430346     
          17          30  0.96808084896643687     
