           1           2   1.9521734014349830     
           2           3   1.0299259976547139     
           3           4   1.4261133564687574     
           4           5   1.0589379825374785     
           5           6  0.98313070580562156     
           4           7   1.2674250825766908     
           7           8   1.5022624093373382     
           8           9   1.0971529472028445     
           9          10   1.8923368198893171     
           8          11   1.1976207604199942     
          11          12   1.3090834135285501     
          12          13   1.5351648793969166     
          13          14   1.3167466032098314     
          12          15  0.10413836456228534     
          14          15   1.5459319568684209     
           3          16   1.2316051365625516     
          11          16   1.2447428007736341     
          15          16   1.2920635958173829     
           1          17  0.97685491528448398     
           1          18  0.97685227467979507     
           2          19  0.95466686213364427     
           6          20  0.97816165295848634     
           6          21  0.97744842446862690     
           6          22  0.97125662192219253     
           7          23  0.96018168392921743     
           9          24  0.95876235093670714     
          10          25  0.97235680649558121     
          10          26  0.97790550154269740     
          13          27  0.96310926869347346     
          14          28  0.97035505903838004     
          15          29  0.96436468706789891     
