           1           2   1.8959699757488921     
           2           3   1.0954148912010990     
           3           4   1.3655123153741686     
           4           5   1.4749502739759015     
           5           6   1.3735661203779186     
           6           7   1.0535703533269078     
           7           8   1.3789998057915889     
           8           9   1.4653125465080823     
           9          10   1.3789881852908685     
          10          11   1.0535766055803746     
          11          12   1.3735381227529533     
          12          13   1.4749685560003538     
          13          14   1.3655057840481539     
          14          15   1.0953941729981291     
          15          16   1.8959960531356119     
          14          17   1.3683156646021826     
          11          18   1.3778658831437611     
          13          18  0.10000788416669407     
          17          18   1.4698636963315252     
           8          19  0.10209302709396710     
          10          19   1.3789888526946907     
           7          20   1.3789821528770068     
           9          20  0.10209650092071380     
          19          20   1.4653487195301682     
           4          21  0.10000917758243041     
           6          21   1.3778385818439016     
           3          22   1.3682958260609519     
          21          22   1.4698858821397807     
           1          23  0.97842801918206290     
           1          24  0.97288372557762348     
           2          25  0.96457903866337547     
           4          26  0.96547372089148986     
           5          27  0.96819683719627414     
           8          28  0.96798352328515946     
           9          29  0.96798175995293823     
          12          30  0.96819284591992560     
          13          31  0.96547038695343756     
          15          32  0.96457407216742919     
          16          33  0.97287916930661666     
          16          34  0.97842629084588595     
          17          35  0.96819549181594611     
          18          36  0.96821015444435488     
          19          37  0.96799179924084444     
          20          38  0.96799174132140242     
          21          39  0.96820913195068470     
          22          40  0.96819251798531680     
