           1           2   1.9029670843966926     
           2           3   1.0883636787441142     
           3           4   1.3792690859513512     
           4           5   1.3984978866455187     
           5           6   1.0884169289408450     
           6           7   1.9028776980191391     
           5           8   1.3602267098909020     
           8           9   1.4333758220254298     
           9          10  0.98216352215758784     
          10          11  0.99997306624548166     
          10          12  0.98766792791208524     
          10          13  0.98771186257736510     
           3          14   1.3812925978602948     
           9          14   1.4075327108069571     
           1          15  0.97841267873606996     
           1          16  0.97286435591397924     
           2          17  0.96456260967563701     
           4          18  0.96326907619818525     
           6          19  0.96454435458302790     
           7          20  0.97233595100348735     
           7          21  0.97835556548570557     
           8          22  0.95957259872347744     
          11          23  0.98457680462681763     
          11          24  0.98465207405040100     
          11          25  0.98438299553067354     
          12          26  0.98685603765315610     
          12          27  0.98458169245131499     
          12          28  0.98354344144599526     
          13          29  0.98686735352544375     
          13          30  0.98349081263663674     
          13          31  0.98457931056554204     
          14          32  0.96247407876988988     
