           1           2   1.9048298824778200     
           2           3   1.0858905301998578     
           3           4   1.5147553260507767     
           4           5   1.2503495899472536     
           5           6   1.1541183977054705     
           6           7   1.0428330581033614     
           7           8   1.7395642455164084     
           7           9   1.1010972058021227     
           8           9  0.15573853289392009     
           3          10   1.2141263352287608     
           6          10   1.4765929787860517     
          10          11   1.0614118214332104     
          11          12   1.9156596633554241     
           1          13  0.97781959847426325     
           1          14  0.97517183572521449     
           2          15  0.95791585654943867     
           4          16  0.96661205383805937     
           9          17  0.85597356282607895     
          11          18  0.95010442194698785     
          12          19  0.97435463762933683     
          12          20  0.97629525967840591     
