$coord
    1.63787420509793    0.02181919795978   -0.04717702781417      c
    4.44911017125826   -0.01640097233373   -0.03961021679252      c
    6.06730740849445    1.98326072198288   -0.02807635320207      c
    8.48778705291940    1.20060353473548   -0.02414632884869      o
    8.43468770249002   -1.34277442413221   -0.03327098441270      c
    6.01534310642950   -2.21698005699390   -0.04304180650112      c
    5.13167098814629   -4.88599379334722   -0.05497722372220      c
    0.94696949783384    1.95541741825918   -0.04369176105022      h
    0.90332024397108   -0.95088488159010    1.61194432070413      h
    0.91240676798954   -0.94170955467401   -1.71560723532084      h
    5.73608736654786    3.98186731653034   -0.02194544452758      h
   10.21544589841019   -2.30860564220641   -0.03175042594619      h
    6.73291992246923   -6.17138958960399   -0.05394156446930      h
    3.98360000076433   -5.25355350773649   -1.72388571991442      h
    3.97240518591107   -5.26472787680059    1.60364738753789      h
$periodic 0
$end
