           1           2   1.9053760384232401     
           2           3   1.0870689297217149     
           3           4   1.3671592214519643     
           4           5   1.3993170290776493     
           5           6   1.0944166895891498     
           6           7   1.7310379306840975     
           7           8  0.97978990048249681     
           7           9  0.97191768364398368     
           5          10   1.3522675232667312     
          10          11   1.3877362257225201     
          11          12   1.0634613925925183     
          12          13  0.98519268974711605     
           3          14   1.3982528817735105     
          11          14   1.3497333409694747     
           1          15  0.97772461032298930     
           1          16  0.97158155876801700     
           2          17  0.96431257788356206     
           4          18  0.96150587503321083     
           6          19  0.95435563470111229     
          10          20  0.96376292886388348     
          13          21  0.97946005590772245     
          13          22  0.97657126236714198     
          13          23  0.97656756804966305     
          14          24  0.96554671929295288     
