$coord
    3.78210620958233   -4.74876719760211    0.01131198601601      c
    2.38462327587914   -2.28558702943431    0.00604101341036      c
    3.66315921628103    0.00444590283910    0.02326067391332      c
    2.37909049178021    2.29144179847980    0.01843998283858      c
    3.77060007181691    4.75792959991386    0.03724885819196      c
   -0.24692855384185    2.27859616920563   -0.00417531453634      c
   -1.52377989325305   -0.00170783231432   -0.02137595660509      c
   -4.79660993558714   -0.00559782646002   -0.04950810196215      cl
   -0.24141817690442   -2.27898068671671   -0.01652452975350      c
    5.81278883655761   -4.44409998940667    0.02976189761185      h
    3.29558570629952   -5.84896907462022   -1.65853397947418      h
    3.26675757759194   -5.85823836642835    1.66631080221911      h
    5.70573228274641    0.00686978329147    0.04081446342962      h
    5.80203812571499    4.45809697209094    0.05132586205907      h
    3.25465991060459    5.85577087670622    1.69981546781763      h
    3.27930069935839    5.86737253404440   -1.62505584343037      h
   -1.28461946350471    4.03366085915689   -0.00833734474349      h
   -1.27485126761790   -4.03650512477360   -0.03017768377940      h
$periodic 0
$end
