           1           2   1.0259378644902857     
           2           3   1.4138614112416907     
           3           4   1.4138617264270710     
           4           5   1.0259389356447224     
           2           6  0.10526558160365104     
           4           6   1.4046188433166413     
           6           7   1.4108169809694582     
           7           8  0.96290791394580022     
           2           9   1.4046210468362719     
           4           9  0.10526622843504434     
           7           9   1.4108141516172945     
           1          10  0.98538379349902383     
           1          11  0.97167176447268688     
           1          12  0.97167548549675242     
           3          13  0.96625754879537129     
           5          14  0.98538361906753025     
           5          15  0.97164727991146449     
           5          16  0.97169929173169034     
           6          17  0.96715997660273001     
           9          18  0.96716014916064874     
