           1           2   1.8608853240904804     
           2           3   1.1388514462587052     
           3           4   1.5017986955480702     
           4           5   1.2993416337411621     
           5           6   1.0123135490952104     
           6           7  0.98700775929566986     
           7           8   1.0075095025622791     
           8           9   1.0095382063328411     
           9          10   1.0065597017863293     
          10          11   1.0201981554343931     
           5          12   1.4718260291872467     
          12          13   1.1413221458073901     
          13          14   1.8524030326265719     
           3          15   1.1393755412185629     
          12          15   1.1276151138378923     
           1          16  0.97843972491485809     
           1          17  0.97232355931749859     
           2          18  0.95878885563497462     
           4          19  0.96210566559055866     
           6          20  0.96993497423413855     
           6          21  0.96493640920881352     
           7          22  0.97624522640397537     
           7          23  0.97531551989791809     
           8          24  0.97690054301460050     
           8          25  0.97076634320083621     
           9          26  0.97310718651793660     
           9          27  0.97786582761290863     
          10          28  0.97892059103988682     
          10          29  0.97813712027889954     
          11          30  0.98756202914360725     
          11          31  0.98754212171223510     
          11          32  0.98531884834165373     
          13          33  0.96256985071334356     
          14          34  0.96958314022359671     
          14          35  0.97779733029849059     
