           1           2   1.8968406567779685     
           2           3   1.0940365272181956     
           3           4   1.3448509952977499     
           4           5   1.4718068438688299     
           5           6   1.3812643194182108     
           6           7   1.0751299802976002     
           7           8   1.9127769864336035     
           6           9   1.3104380657473773     
           9          10  0.97756511244377320     
          10          11   1.7353652262388060     
          10          12   1.1223446866413678     
          11          12  0.17223080261906284     
          12          13  0.95716315974462174     
           3          14   1.3716704797668153     
           9          14   1.4337360970922992     
           1          15  0.97755131214819668     
           1          16  0.97249458237463204     
           2          17  0.96363405230440835     
           4          18  0.95984732375306980     
           7          19  0.95692417103211558     
           8          20  0.97104484628642207     
           8          21  0.97635054759568973     
          13          22  0.98124226980906348     
          13          23  0.97602164394542124     
          13          24  0.97604858468788458     
          14          25  0.96199518879615942     
