   -0.19924033
    0.30742484
   -0.19213182
   -0.08098980
    0.01664014
   -0.04585099
   -0.03234192
   -0.05733688
    0.04875148
   -0.01547456
   -0.01651236
   -0.03201347
   -0.04001540
   -0.03193988
   -0.04986132
    0.04810243
   -0.04052978
    0.06061293
   -0.04310727
   -0.03318708
    0.00862816
    0.01010079
   -0.03378260
   -0.02923026
   -0.03028834
   -0.02880303
   -0.03346753
   -0.03200474
   -0.04228180
    0.07809127
    0.03441158
    0.03658157
    0.04766613
    0.03244076
    0.03001360
    0.03122408
    0.02995131
    0.04020139
    0.03846135
    0.03072961
    0.03049053
    0.03077267
    0.03170525
    0.03411350
    0.04095796
    0.04231781
