   -0.08754173
   -0.02375695
    0.00398465
   -0.04727244
    0.00206883
   -0.05979883
   -0.05341748
   -0.05742170
   -0.05800996
   -0.05255269
   -0.10176325
    0.00301255
   -0.02751025
   -0.08984100
   -0.04594500
    0.00489936
   -0.06109966
   -0.05364201
   -0.05825013
   -0.05754283
   -0.05290875
   -0.10153048
    0.03213625
    0.03506773
    0.03203456
    0.03125303
    0.03542397
    0.03269357
    0.02825435
    0.03254291
    0.03199459
    0.02900530
    0.02728303
    0.03041664
    0.02924837
    0.02801545
    0.03436884
    0.03105710
    0.03376765
    0.03616864
    0.03570003
    0.03148134
    0.03245562
    0.03256000
    0.03788049
    0.03032706
    0.02955561
    0.03399641
    0.02979206
    0.02777308
    0.02975352
    0.02613322
    0.03061724
    0.03269867
    0.03042342
    0.03396004
