           1           2   1.9031701170329320     
           2           3   1.0890504020620366     
           3           4   1.3725843104776385     
           4           5   1.3808554986799209     
           5           6   1.0662145017865370     
           5           7   1.3747448656611403     
           7           8   1.3803432031925928     
           8           9   1.0877050061041478     
           9          10   1.9046461766950589     
           3          11   1.3871577999549820     
           8          11   1.3836320951085415     
           1          12  0.97822617835927173     
           1          13  0.97273099521675810     
           2          14  0.96459828287406180     
           4          15  0.96418231323295256     
           6          16  0.89025047209177777     
           7          17  0.96318221724745612     
           9          18  0.96438906805085400     
          10          19  0.97269160685972234     
          10          20  0.97815532064870336     
          11          21  0.96334749992717694     
