$coord
    1.93458426440831    0.02215591088232    0.13892149528938      c
    4.75918129610057    0.12900385731501    0.14096799921419      c
    6.08124753364012    2.39340367946190    0.13675669763174      c
    8.70132691128318    2.49615200528424    0.13853982502725      c
   10.12312598393151    4.93915173644807    0.13398532874648      c
   10.02080336788805    0.22365482482716    0.14481776428460      c
   12.56306141923659    0.25471410708695    0.14672177419091      f
    8.76812084304026   -2.08118468283992    0.14918111475675      c
   10.07229741993101   -4.25309384448942    0.15522643037149      f
    6.14495411144417   -2.10368410132083    0.14719075778136      c
    4.92273883222616   -4.33308373887177    0.15140766431360      f
    1.13247776149816    1.91049119268155    0.13594955165123      h
    1.26177834534209   -0.99279110675195    1.79795266444770      h
    1.26439763762896   -0.99679216572451   -1.51873579991175      h
    5.03118292066985    4.14212618570321    0.13191592229877      h
    8.83329618926717    6.53461751143871    0.12939679813894      h
   11.33755198744131    5.05013587661573   -1.52374024491920      h
   11.33514886030054    5.05772541676155    1.79294243981855      h
$periodic 0
$end
