$coord
    3.35219281269872    1.29077328167947   -0.67406942235949      c
    5.37899074891172   -0.04413825003397   -0.03684212585367      c
    6.54057682618235   -2.05420846629344   -1.51545063407649      c
    5.70912727893334   -2.78192542927399   -3.89092534157332      c
    6.85567151514844   -4.72095914086761   -5.25209344492873      c
    5.91740053820416   -5.35726246176956   -7.78278969524559      c
    6.76813181305639   -6.99962467123718   -9.15412656338220      o
    3.96826128286372   -3.90604760933355   -8.51483382438142      o
    2.98690907795729   -4.41587370913663  -10.95574011814862      c
    8.94635771908086   -6.03156895571262   -4.21317995106451      c
   10.07483577684547   -7.91707771606897   -5.49920498137758      n
    9.83529156646495   -5.32375059455568   -1.78665568370025      c
   11.94263568438876   -6.70593875413380   -0.63039353262800      c
   13.80779153216152   -5.66944470300218    0.67879642898780      c
    8.62310261565292   -3.37414198622145   -0.53689124112393      c
    9.43930335782161   -2.73943501053500    1.79657978053124      f
    2.62873136635607    2.74539961858062    0.54905163770459      h
    2.33582875622017    0.99869711494030   -2.41150362028223      h
    6.29970616086430    0.34434271533935    1.74705769574555      h
    4.12745021422951   -1.82433128457874   -4.73956145186138      h
    1.45722914901664   -3.07678952512104  -11.24844398373874      h
    2.28466147109183   -6.35379280270555  -11.05958117199291      h
    4.45238954726848   -4.16687227000556  -12.38761140864204      h
    9.43285274899894   -8.28392262555489   -7.26161351285417      h
   11.71608151021649   -8.64369814714211   -4.89120510800234      h
   11.89677007442480   -8.73733437562534   -0.89019041429254      h
   13.94318793228840   -3.66188932468819    0.97095024858629      h
   15.27729209390837   -6.80482600477607    1.50980674926249      h
$periodic 0
$end
