$coord
    3.74167820509481    0.58661734707621    2.50544859224961      c
    1.42787370583939    0.27046540578627    0.90084361716678      c
    0.05713684188890   -1.96449883622211    0.93723524210814      c
   -2.07007703495045   -2.26723278677088   -0.55433425899275      c
   -2.85687046080110   -0.32127262954073   -2.11352709086216      c
   -1.51165295787943    1.91971060019009   -2.16411131839291      c
    0.62271461797975    2.23239289557418   -0.67065543088636      c
    2.03656423867079    4.64831459581687   -0.76005196240908      c
    4.15820516862374    4.85681778691074   -2.28924987423252      c
    5.50312021216477    7.09563354546797   -2.40432010276285      c
    4.72863393774315    9.14457861074195   -0.97656091991942      c
    2.61413745661588    8.94579802641008    0.55025835342286      c
    1.24402096081345    6.71397821399950    0.67951073102330      c
   -1.05408271354461    6.50764357321196    2.32403878248759      c
    3.90777765939967   -0.95021553785126    3.85998135061196      h
    3.68738517920182    2.37569573282680    3.52310870481549      h
    5.43041504248604    0.60237545876683    1.32443087502494      h
    0.66506808588572   -3.49015430586782    2.15293303206392      h
   -3.11120275391235   -4.02225727294525   -0.49808765219639      h
   -4.51385836802763   -0.54574945725454   -3.28473232650501      h
   -2.10753168382960    3.45058662415416   -3.37913376579257      h
    4.74434531335552    3.24573889278314   -3.40093056456989      h
    7.15024243459539    7.23846243422498   -3.60197564502766      h
    5.76957297732549   10.89907597944799   -1.05002493403781      h
    2.01608064802872   10.55173520370106    1.66319628694872      h
   -1.22815200860514    8.14987720323395    3.54677801623178      h
   -0.97002447136413    4.81122470708984    3.48751693561882      h
   -2.75113683725950    6.37270239555735    1.16388823175296      h
$periodic 0
$end
