$coord
    2.05016313858980   -0.17578783251131    0.31459765625905      c
    4.86770328852878   -0.17788230915008    0.00170280093930      c
    6.23194881496993    2.05754946655512   -0.09213796986415      c
    8.83251562385508    1.99600781967015   -0.38174673711816      c
   10.14225749140885   -0.25633033341604   -0.58430256024144      c
   12.96374303113396   -0.28175014591531   -0.89674811540739      c
    8.77411565725075   -2.52892152486863   -0.49102298282641      c
    9.97323202869293   -4.81700848081724   -0.67830137080395      n
    6.15911343975948   -2.44733388305702   -0.19977443292599      c
    1.32868556544663    1.74347071562346    0.44080631456468      h
    1.51529767160497   -1.19155938020468    2.02397453943383      h
    1.14786062247319   -1.11248091137034   -1.28169878231638      h
    5.26902471340850    3.85055804134973    0.06049397043336      h
    9.87241327444771    3.75363664026319   -0.45189570444147      h
   13.69416709644479    1.63781290879964   -0.92741683579241      h
   13.50121952180630   -1.20195573509597   -2.66200871895755      h
   13.86782040578311   -1.28867599348465    0.65898145083030      h
   11.84658914611034   -4.91902665924451   -0.90359306433202      h
    8.96354641479633   -6.41638895929246   -0.62101706992734      h
    5.12226077917060   -4.20836935855703   -0.13020505162287      h
$periodic 0
$end
