           1           2   1.9033943675025213     
           2           3   1.0863985186524916     
           3           4   1.3654401869657411     
           4           5   1.4327820148628936     
           5           6   1.0887507912163661     
           6           7   1.8966674145969196     
           5           8   1.2379106155259449     
           8           9   1.1867486729361594     
           9          10   1.0200027119299999     
           8          11   1.3493519011011887     
           3          12   1.3336462016034252     
          11          12   1.4105816472069130     
          12          13   1.0231461795699812     
           1          14  0.97869669214590083     
           1          15  0.97450605632105747     
           2          16  0.96145550943391611     
           4          17  0.96423241139622229     
           6          18  0.96165549814238804     
           7          19  0.97239740457873214     
           7          20  0.97797590672993684     
           9          21  0.92883051616767243     
          10          22  0.95755260318484647     
          10          23  0.94890949221515253     
          13          24  0.98399390306302625     
          13          25  0.96691199514844339     
          13          26  0.97112608998414518     
