$coord
    2.06640805841688   -0.05308248229753   -0.02588032388196      c
    4.90650242804699    0.06656117349801   -0.02569616791461      c
    6.23553931195248    2.36032940687440   -0.02591456372862      c
    4.98596156628109    4.74166168296256   -0.02675798752816      c
    6.26334805856092    6.96955215023341   -0.02673841868174      c
    8.91996594405835    6.97193107745210   -0.02580531484896      c
   10.20133959988195    4.74633177461912   -0.02515754522517      c
    8.95602940839852    2.36276540600031   -0.02530645131816      c
   10.28917148445158    0.07138095708524   -0.02484915841183      c
   13.12947471481422   -0.04317671194671   -0.02449455061288      c
    8.95070583541737   -2.22272726734447   -0.02477019709097      c
   10.21730676710448   -4.59134338078923   -0.02421622287521      c
    8.93239078239983   -6.81850826044353   -0.02410712364148      c
    6.27562070528483   -6.82088729815604   -0.02456864211605      c
    4.98671730486837   -4.59602769777963   -0.02507139992982      c
    6.24907426082123   -2.22514645051995   -0.02517329054870      c
    1.19107010024798    1.79619907030373   -0.02581563834108      h
    1.39995720218783   -1.05807827284648    1.64366925986962      h
    1.40011499424407   -1.05794759082874   -1.69557163039609      h
    2.95039853443931    4.81033258316308   -0.02751379431910      h
    5.25072366770990    8.74205253819077   -0.02741907558469      h
    9.92941412888370    8.74624273310138   -0.02563476722427      h
   12.23677632569550    4.81864919957256   -0.02445515727219      h
   14.00150006809041    1.80766763086524   -0.02512657281252      h
   13.79781514880973   -1.04752641327255   -1.69367475583542      h
   13.79747514239780   -1.04629520032849    1.64556718663652      h
   12.25342910072531   -4.63411059107535   -0.02383955023494      h
    9.94135253296276   -8.59349047989154   -0.02367273598002      h
    5.26984003470017   -8.59767382470118   -0.02453231467852      h
    2.95067517604743   -4.64244214534348   -0.02544217373799      h
$periodic 0
$end
