   -0.08585883
   -0.02990906
    0.01295861
   -0.03340468
   -0.03541961
    0.01293456
   -0.03880959
   -0.03881464
    0.01294972
   -0.03542657
   -0.03337524
    0.01293249
   -0.02992274
   -0.08583518
   -0.03485225
   -0.03465495
   -0.03464155
   -0.03485928
    0.03608171
    0.03877486
    0.03297904
    0.03393768
    0.02924333
    0.03493778
    0.03492036
    0.02923757
    0.03394199
    0.03292139
    0.03871959
    0.03607975
    0.02949903
    0.03160971
    0.03162197
    0.02950304
