   -0.08748441
   -0.03095576
    0.02340513
   -0.05985799
   -0.00966331
   -0.05344967
   -0.05605666
   -0.05945297
   -0.05796348
   -0.05756619
   -0.05702907
   -0.05818867
   -0.05807690
   -0.05685540
   -0.05819615
   -0.05302966
   -0.10025910
    0.01224816
   -0.03216100
   -0.08961239
   -0.05094816
    0.03963037
    0.04726584
    0.03835202
    0.03485120
    0.04034387
    0.03848652
    0.03171250
    0.03311564
    0.03643061
    0.02782893
    0.02631165
    0.03383115
    0.02780766
    0.02820585
    0.02773769
    0.02715198
    0.02980913
    0.03456711
    0.02689730
    0.02684962
    0.03037525
    0.02763241
    0.02727634
    0.03199775
    0.02824224
    0.02737403
    0.03380024
    0.02976935
    0.03394322
    0.03783817
    0.04543630
    0.04028171
