$coord
    4.71407187702445    2.04906101818718    0.01188429194136      c
    2.28299048787677    0.59312766286720    0.00738892963957      c
    2.26798975359367   -2.03028305218118    0.01093307903407      c
    0.00425517714112   -3.33809688965587    0.00708362805578      c
   -2.26702608231305   -2.04346482856404   -0.00030806704166      c
   -2.29725775377142    0.57982302850929   -0.00407845794485      c
   -4.73675819276010    2.02158180862669   -0.01255940558870      c
   -0.01084966272384    1.86642399433629   -0.00018642352088      c
    6.33094092706099    0.78191463519971    0.01552271943447      h
    4.82277696318554    3.25798655764780    1.67483067064205      h
    4.82959515603752    3.25733353998939   -1.65104238229363      h
    4.03472051580961   -3.05494670619551    0.01675158421978      h
    0.01018030375540   -5.38003244324683    0.00998390302574      h
   -4.02779349447633   -3.07835514499279   -0.00309981568779      h
   -6.34624002688196    0.74506508721093   -0.00925633125166      h
   -4.85401997283498    3.22264923813058   -1.68062253055050      h
   -4.85776600091370    3.23635197244062    1.64522656613741      h
   -0.01678401107268    3.91070483809151   -0.00311408299855      h
$periodic 0
$end
