$coord
    2.00287545884210    0.20892011820219   -0.18222948645440      c
    4.79956555334618   -0.06410168974215   -0.18058763593493      c
    6.37431820299142    2.00252944475027   -0.17925936859294      n
    8.80205253804780    1.21288983284459   -0.17795057528722      c
   10.87045120583074    2.72271695558662   -0.17643290810884      n
   12.98204278003116    1.51550845097822   -0.17541518291322      c
   13.20516761066460   -1.03925928634307   -0.17578008226797      n
   11.16851983687281   -2.75707162825092   -0.17732826223431      c
   11.59158338535151   -5.01197938083858   -0.17754933916533      o
    8.80168131821489   -1.43663033467538   -0.17844696936817      c
    6.23696133285680   -2.22809527197749   -0.18012911123065      c
    5.31779237547186   -4.88731333236615   -0.18115700978924      c
    1.46587892230133    2.19207594494847   -0.18237141124943      h
    1.18984412542002   -0.69608757154497    1.47899176310372      h
    1.19183794547836   -0.69578978933047   -1.84458538339154      h
    5.82138723241455    3.82262401704308   -0.17923603393034      h
   14.71245641432700    2.59962143007367   -0.17417507362012      h
   14.94130789207268   -1.84302215853646   -0.17493159190784      h
    6.92527715522068   -6.16284703302770   -0.18043645073084      h
    4.16581399822521   -5.25801393530309   -1.84725783386099      h
    4.16384241661430   -5.25861535038168    1.48344563669362      h
$periodic 0
$end
