           1           2   1.9134453756821277     
           2           3   1.0778882412669959     
           3           4   1.3783586471785541     
           4           5   1.4050972779373108     
           5           6  0.97737845979836502     
           5           7   1.4103662816588227     
           7           8   1.3706375261706674     
           8           9   1.0995087256080172     
           9          10   1.7287123451817643     
          10          11  0.98193382440470400     
          10          12  0.97746792540120853     
           3          13   1.3409199306745092     
           8          13   1.3294778394571980     
          13          14   1.0214320174149041     
          14          15  0.94340372321014410     
          15          16   1.0170460755678623     
           1          17  0.97725929171271197     
           1          18  0.97333935314778885     
           2          19  0.95834560406285196     
           4          20  0.96223865031390987     
           7          21  0.96240876790915475     
           9          22  0.94775049923274157     
          15          23  0.96862621877665922     
          15          24  0.97132643022668896     
          16          25  0.98535892898441768     
          16          26  0.98349464023814759     
          16          27  0.98531603122084044     
