           1           2   1.8586053540473908     
           2           3   1.1407866033368261     
           3           4   1.4963392059005733     
           4           5   1.3083962599257926     
           5           6   1.0073052733779939     
           6           7   1.0076044865856320     
           7           8   1.0049030997707540     
           8           9   1.0090071606672817     
           9          10   1.0067543746918268     
          10          11   1.0057926244783959     
          11          12   1.0078166194829188     
          12          13   1.0068122317941925     
          13          14   1.0062557378567425     
          14          15   1.0090661382147763     
          15          16   1.0069174706127753     
          16          17   1.0198302043406526     
           5          18   1.4645283061310550     
          18          19   1.1451201605282297     
          19          20   1.8551084366497330     
           3          21   1.1385350779810597     
          18          21   1.1306189956902826     
           1          22  0.97847977994852919     
           1          23  0.97232424739989898     
           2          24  0.95892531497285438     
           4          25  0.96211640692352374     
           6          26  0.95763261301017133     
           6          27  0.96151282042079655     
           7          28  0.97726581764361586     
           7          29  0.97686133665614372     
           8          30  0.97257858953042065     
           8          31  0.97847748776231780     
           9          32  0.97776640755870048     
           9          33  0.97076381480297480     
          10          34  0.97801689960437588     
          10          35  0.97826360419541691     
          11          36  0.97564967104877631     
          11          37  0.97727762362798187     
          12          38  0.97697153388146152     
          12          39  0.97376613637540144     
          13          40  0.97695708798256375     
          13          41  0.97829459852990019     
          14          42  0.97543101108764330     
          14          43  0.97694993596587087     
          15          44  0.97746713467588831     
          15          45  0.97603400647640148     
          16          46  0.97818860180556666     
          16          47  0.97882278998786376     
          17          48  0.98618998080209219     
          17          49  0.98769346273514769     
          17          50  0.98720610930442665     
          19          51  0.95693458678532062     
          20          52  0.97193743840585434     
          20          53  0.97786469488480821     
