$coord
    1.97382681260424    0.47660475293171   -2.43497397218376      f
    4.43884560163803    0.33364341251629   -2.94466930442206      c
    4.80634163523346    1.01936108824067   -5.33506214943260      f
    6.14115017690416   -0.39844487484220   -1.26143774024946      c
    8.85998794605741   -0.64126053795852   -1.56158589236043      c
   10.24299418709571   -1.55784799711343    0.51475100230023      c
   12.82877025475082   -1.82766446127421    0.42828380529592      c
   10.10686526624079    0.00079308406345   -3.78950375033644      c
   12.70207523919201   -0.31350760341144   -3.89321965574757      c
   14.09243408591885   -1.19914319425329   -1.78594199088948      c
   16.69721083185620   -1.20779797687036   -2.52836854754113      c
   18.92102360787049   -1.89975741370691   -1.31507323534146      c
   21.16714763874742   -1.71439135833447   -2.62584828725899      c
   21.21361532357939   -0.87789307578836   -5.12330831711928      c
   19.02965310990215   -0.17722121940512   -6.36939750453619      c
   16.76845397836162   -0.31770783286833   -5.04833039965363      c
   14.34380862763630    0.21493324759294   -5.84584760190037      n
   13.66632865343918    1.13589331344442   -8.23862761030830      c
   14.86930801747555    3.25306368809414   -9.23166030885298      c
   14.21105885891342    4.14417063798516  -11.59307937241159      c
   12.32415818548800    2.96949387501824  -13.00519239016579      c
   11.61546131689373    3.93294918191434  -15.51182877954403      c
   13.45571729984076    4.75160282593788  -17.20694437568363      c
   12.78443882407228    5.65020325837527  -19.56626926892969      c
   10.26524261214391    5.75596403752612  -20.26684806219225      c
    8.41979534231359    4.95282960011561  -18.59394893486120      c
    9.08726132977127    4.04388389493360  -16.23773703176529      c
   11.12197825685217    0.85981952434820  -11.98608719146082      c
   11.78912278984998   -0.06047860849594   -9.63882415499551      c
    5.38158992096307   -0.87900040943089    0.57265189970680      h
    9.23739718054661   -2.04674656108383    2.22187678413986      h
   13.86088875400747   -2.50886338623331    2.05007390737065      h
    9.09672708391159    0.74792136548888   -5.39045973183104      h
   18.87994118828510   -2.57507292357211    0.60944029353543      h
   22.91782150067036   -2.23912091147319   -1.71855534455727      h
   22.99811247252722   -0.78253159502690   -6.10892275891151      h
   19.08058457752390    0.43744494338763   -8.31383758301702      h
   16.29647090961380    4.20855497650038   -8.12928639590115      h
   15.13328534736442    5.80819858180615  -12.33188605693700      h
   15.42643674170684    4.64320392993088  -16.68405769720388      h
   14.23247141382833    6.26806461018294  -20.86633810067935      h
    9.74238205344952    6.46177142481787  -22.10897543213979      h
    6.45105560689137    5.03860310243175  -19.12716563501959      h
    7.63782412664899    3.45180866452318  -14.92779345122553      h
    9.68412056371246   -0.10088041626039  -13.06915645983563      h
   10.88010764377403   -1.72631737663668   -8.88941629047150      h
$periodic 0
$end
