   -0.20008426
    0.30641002
   -0.19175416
   -0.08201284
    0.01139490
   -0.03555672
   -0.04788200
    0.06708603
   -0.06987193
    0.06185127
   -0.04762072
   -0.03381886
    0.00351417
    0.01028431
   -0.03424330
   -0.02947802
   -0.03110526
   -0.02944390
   -0.03418708
   -0.03382892
   -0.04731193
    0.06433738
   -0.04669917
   -0.02878730
   -0.03687544
   -0.02859282
   -0.04618500
   -0.04879028
   -0.03425551
    0.07613591
    0.05152135
    0.03831031
    0.03330957
    0.03603348
    0.03043177
    0.02956763
    0.02953888
    0.02964073
    0.03063703
    0.03551333
    0.03288985
    0.03312624
    0.03366344
    0.03254880
    0.03366956
    0.03311480
    0.03645378
    0.03740088
