$coord
    4.72001182105117   -2.08841242572974   -0.54273255341135      c
    2.26954569631158   -0.68465213209507   -0.30677150351164      c
    2.07585120674143    1.83685625899775   -1.00755343566950      c
   -0.20781701003137    3.08763752764295   -0.78950718473785      c
   -2.35795241325340    1.87591265144286    0.09968137285728      c
   -4.74000493145304    3.31586180684811    0.33978372715116      c
   -4.79680889756486    5.46444702079506    1.84389403575884      c
   -6.96488176352266    6.90077040191108    2.09604014289789      c
   -9.15039482744090    6.22488616576310    0.81022736456740      c
  -11.53116105864546    7.74049877368036    1.06687705633209      c
   -9.10402846222028    4.10075229458131   -0.72014341137817      c
   -6.93816193497289    2.62716216855376   -0.98224163695166      c
   -6.99795474852107    0.47423425170910   -2.45528555037725      n
   -2.17556466654354   -0.67122535815455    0.82962079387822      c
   -4.27164160576289   -1.97898651914111    1.66926700443806      n
    0.14133907031301   -1.90237175517992    0.61196988593299      c
    6.27947125670031   -0.79096535559935   -0.86798096726771      h
    4.63405152021515   -3.40648210830281   -2.12434632834462      h
    5.10471587788532   -3.17501566662534    1.16126842664673      h
    3.71404061572095    2.82690195331554   -1.71643051813098      h
   -0.34787363692214    5.05223413573011   -1.33116882261472      h
   -3.09828010782143    6.00150601870279    2.84352001180325      h
   -6.95471987836650    8.55675320044265    3.28936587601918      h
  -11.15421100100364    9.55159258196503    1.96070093802851      h
  -12.90077114571829    6.72167745044661    2.22116306189163      h
  -12.38516524327154    8.07397090497796   -0.77480203576978      h
  -10.78446116402525    3.56467791368588   -1.75437874177477      h
   -8.34439229642923    0.41271045500189   -3.79775509344963      h
   -5.30661314765322   -0.22368255577185   -2.97926342182801      h
   -5.73518165908765   -0.91538573011618    2.26011467064241      h
   -3.92943729040429   -3.52948482581172    2.71699123099015      h
    0.26857114714989   -3.85957462372716    1.18994839082486      h
$periodic 0
$end
