           1           2   1.0050530723923929     
           2           3   1.2262260727305510     
           2           4  0.11945255281953361     
           3           4   1.5827752569966700     
           2           5   1.1458896399141827     
           4           6   1.2167323714859295     
           5           6   1.2368693798193107     
           6           7   1.3252632079057884     
           7           8   1.5163762161338155     
           8           9   1.3181917366753497     
           9          10   1.1022031756886861     
          10          11   1.7245882265742698     
          11          12  0.97949289885771718     
          11          13  0.96955700020148450     
           5          14   1.3680675606553454     
           7          14  0.10317201730107241     
           9          14   1.4027886848455895     
           1          15  0.98079963140649817     
           1          16  0.97413002018301786     
           1          17  0.97411735798046917     
           3          18  0.96220929492397522     
           7          19  0.96702429377219090     
           8          20  0.96732887799807510     
          10          21  0.95456162077899209     
          14          22  0.96529258716604793     
