$coord
    3.89526375571294   -1.55719014446120   -2.05260631991874      c
    4.72372225698485   -0.08068869615579   -0.00484087606113      o
    6.13377823012890   -1.21030901424069    1.83229203017327      c
    6.79767012035909   -3.75193795915139    1.88015099515178      c
    8.25529402940343   -4.69126075577604    3.83633261052433      c
    9.06740379910161   -3.13088433765429    5.78804207294470      c
   10.53340130866134   -4.10813183933201    7.77303211574712      n
   12.55537589282759   -2.74131511820572    8.72866223897221      c
   13.28176981333522   -2.97835851839377   11.25902728392713      c
   15.28411660107034   -1.61733881436527   12.20983915449665      c
   16.64770775606137    0.04617700150476   10.67596102873681      c
   18.76663639173941    1.54313340925390   11.55704164339084      c
   19.77755947771621    1.62929733915518   13.84761564614213      c
   19.08719854576646    0.35206268371132   15.89986098103931      f
   21.74512799780723    3.09705864867554   14.43121210232958      f
   15.91528117770081    0.27487576148230    8.14690832315341      c
   13.91957825101933   -1.08483787444871    7.18532132741677      c
    9.92329723848715   -6.49876011821240    8.74846910049022      c
    7.41193938361366   -7.20624602874627    9.05978053630134      c
    6.78266355561692   -9.57070831167322    9.98054063149056      c
    8.67044682024099  -11.27796935135594   10.63069277851601      c
    8.27206395738503  -13.64791765433479   11.56005424545688      o
    5.76871909816608  -14.47399893377795   11.89417423086040      c
   11.19376791913603  -10.56979819408005   10.32400594971795      c
   11.81319049538083   -8.22417348507899    9.38736482614958      c
    8.37513038100019   -0.58613343561234    5.74753826901648      c
    6.94066329478898    0.35838823926312    3.79465950787982      c
    2.83438246815095   -0.27955658690800   -3.26777393030526      h
    2.65583599346186   -3.09440794204022   -1.43278135623178      h
    5.48708071003452   -2.34502560277467   -3.11504870780996      h
    6.20813498790061   -5.02298983019987    0.40018122826544      h
    8.77184793806011   -6.66565408014224    3.85045597844959      h
   12.24008571428582   -4.23432810799523   12.48364553846101      h
   15.77585860802881   -1.84080244813970   14.17298816671603      h
   19.65571226997546    2.75990654317385   10.17853128117364      h
   16.94807132293215    1.53483815366851    6.91636356047979      h
   13.40485544094488   -0.88999937188969    5.22050456665893      h
    5.93092630296081   -5.88891186568962    8.57232814703621      h
    4.81217456943804  -10.04600848596773   10.19412174293950      h
    5.90788656992278  -16.39051371845107   12.63000894899146      h
    4.73226408403242  -14.50478953120900   10.10318952480210      h
    4.75149869112691  -13.29337148419334   13.25562687221528      h
   12.64275577236855  -11.91371593018460   10.82126850780193      h
   13.77192356560064   -7.71055807234085    9.13660005256888      h
    8.97243633911772    0.64277771621762    7.26284913902875      h
    6.39989732332579    2.32249219609283    3.74865873899176      h
$periodic 0
$end
