           1           2   1.9044047946787561     
           2           3   1.0798491497001221     
           3           4   1.3563102762154688     
           4           5   1.4476988319885071     
           5           6   1.4492227332582988     
           6           7   1.3582807670224661     
           7           8   1.0433379319425380     
           8           9   1.3618183812315177     
           9          10   1.4478930848545448     
          10          11   1.4478935896381486     
          11          12   1.3618181724134566     
          12          13   1.0433394475272817     
          13          14   1.3582810904346678     
          14          15   1.4492227194283229     
          15          16   1.4476988458319628     
          16          17   1.3563100603807687     
          17          18   1.0798472355776763     
          18          19   1.9044069214407702     
          13          20   1.4047251540502939     
          17          20   1.3880163456406900     
           8          21   1.3981167036806408     
          12          21   1.3981153663475476     
           3          22   1.3880144328151069     
           7          22   1.4047270189856453     
           1          23  0.97817026838876364     
           1          24  0.97268470679622510     
           2          25  0.96596445415561838     
           4          26  0.96915050210770648     
           5          27  0.96944762545197272     
           6          28  0.96582099987051828     
           9          29  0.96532648138371535     
          10          30  0.96901277969043342     
          11          31  0.96532615910798303     
          14          32  0.96582070163347189     
          15          33  0.96944763166449088     
          16          34  0.96915059921717006     
          18          35  0.96596408995088567     
          19          36  0.97268482904289943     
          19          37  0.97817020697887669     
