           1           2   1.8723659873803000     
           2           3   1.1145015525578548     
           3           4   1.5020132684091936     
           4           5   1.2917387873613775     
           5           6   1.0263550151919545     
           6           7   1.7204021623550907     
           6           8   1.1049488684354811     
           7           8  0.16491445457237722     
           8           9  0.95926501688774379     
           3          10  0.10292613522152252     
           5          10   1.4101686394676987     
          10          11   1.1211192101957921     
          11          12   1.8643722854986524     
           3          13   1.0958646782828774     
          10          13   1.1275727676297060     
           1          14  0.97795087235042688     
           1          15  0.97513819171546834     
           2          16  0.96240680571012449     
           4          17  0.97064878858613868     
           9          18  0.98191842521607264     
           9          19  0.97677471153272699     
           9          20  0.97664639775210615     
          11          21  0.96010194586004094     
          12          22  0.96805303959037292     
          12          23  0.97722190969695255     
