$coord
    3.47478769827939    2.95811822633722   -0.00218793459355      c
    1.14705121574343    1.32919026195771    0.00076367114768      c
    1.16752981792076   -1.30596565702444    0.01186543615502      c
    3.52028546522916   -2.89848835813737    0.02394161158162      c
   -1.13276720049109   -2.59076226541105    0.01204377331614      c
   -3.41559129501102   -1.33286594506715    0.00261614799363      c
   -3.43593438909300    1.28481371503228   -0.00714367474868      c
   -1.17292636727866    2.57805997802364   -0.00816300904343      c
    5.21471138748377    1.87641912507469   -0.00335292643035      h
    3.47534606112829    4.17324006689291    1.66020257846267      h
    3.47219507187960    4.17114041849240   -1.66603818663785      h
    5.24316599314158   -1.78986290333121    0.03024028524959      h
    3.54539956015286   -4.11457073784349   -1.63754851694096      h
    3.53089274239123   -4.11028775941806    1.68865813708595      h
   -1.10716363260822   -4.63428119599017    0.02007384823671      h
   -5.16633627858818   -2.38208739166598    0.00288347093037      h
   -5.20276999373639    2.30667886828164   -0.01428467684583      h
   -1.17909203654050    4.62172921923545   -0.01611531296071      h
$periodic 0
$end
