   -0.08700912
   -0.03062474
    0.02429534
   -0.05903350
   -0.00668331
   -0.06027787
   -0.05300323
   -0.05764357
   -0.05786692
   -0.05850868
   -0.05909744
   -0.05260584
   -0.10186316
    0.01581984
   -0.02711919
   -0.08916091
   -0.05929639
    0.03968875
    0.04725554
    0.03858195
    0.03275748
    0.04755848
    0.03771557
    0.03020215
    0.03207107
    0.02886357
    0.02962077
    0.03168903
    0.02876566
    0.02825409
    0.03330290
    0.02891747
    0.02920108
    0.02974909
    0.02855817
    0.03221230
    0.03196907
    0.03241850
    0.04138951
    0.04047897
    0.03845753
