   -0.08641413
   -0.03003146
    0.02344272
   -0.05722332
   -0.00554789
   -0.05476515
   -0.05388717
   -0.05530867
   -0.05697706
   -0.05834031
   -0.05565123
   -0.05691280
   -0.05636266
   -0.05030272
   -0.10008279
    0.01600798
   -0.03024503
   -0.08893134
   -0.05172200
    0.03956527
    0.04735263
    0.03813538
    0.03397103
    0.03282039
    0.03831710
    0.03107868
    0.03005509
    0.03391561
    0.02606495
    0.02496802
    0.03191674
    0.03325976
    0.02545035
    0.02083156
    0.03797260
    0.02539954
    0.03086436
    0.02681049
    0.02710631
    0.03092974
    0.02498059
    0.03452773
    0.02978726
    0.03116950
    0.03929597
    0.04544427
    0.03726415
