           1           2   1.8968410882066664     
           2           3   1.0938151987980762     
           3           4   1.3702515621912190     
           4           5   1.4467329972709595     
           5           6   1.3805829858905350     
           6           7   1.0613461897070693     
           7           8  0.97228131004691876     
           8           9  0.97246269884468772     
           9          10  0.98778521563806654     
          10          11   1.0090339526845764     
          11          12   1.0086791452693920     
          12          13  0.99937366464465771     
           9          14  0.98331778263921732     
          13          14  0.98179914649264965     
           6          15   1.2806356911189019     
          15          16   1.0890236643154199     
          16          17   1.9032223984712511     
           3          18   1.3707528176550789     
          15          18   1.4202697006493072     
           1          19  0.97848108883228746     
           1          20  0.97288483619741306     
           2          21  0.96473557422156531     
           4          22  0.96872705878695564     
           5          23  0.96527965513944369     
           8          24  0.96309061517781180     
           8          25  0.96594623863028839     
           9          26  0.95862725966050866     
          10          27  0.97667868488651099     
          10          28  0.97426721073362554     
          11          29  0.97675561130834732     
          11          30  0.97490328569785223     
          12          31  0.97673635351697075     
          12          32  0.97666330917652233     
          13          33  0.97072690279919405     
          13          34  0.96831097574641734     
          16          35  0.96155914274826271     
          17          36  0.97299582715237609     
          17          37  0.97827429791938192     
          18          38  0.95957946661943461     
