   -0.09307224
   -0.03157571
   -0.02019679
   -0.04710788
   -0.00732855
    0.02575281
   -0.10625137
   -0.10495832
   -0.10455105
   -0.04283520
   -0.01945297
   -0.03133943
   -0.09269932
    0.06750319
   -0.27981968
    0.02895547
    0.03536672
    0.03013459
    0.03917291
    0.03499538
    0.03427028
    0.03381454
    0.03275803
    0.03454325
    0.03547386
    0.03222711
    0.03494087
    0.03423344
    0.03224300
    0.03057916
    0.03494324
    0.02913379
    0.16008047
    0.16006638
