           1           2   1.9134619246712190     
           2           3   1.0757953954812207     
           3           4   1.3946903882161432     
           4           5   1.4090807380927639     
           5           6  0.98162778064588818     
           6           7  0.99550288678811372     
           6           8  0.99633621758563362     
           6           9  0.98419874243870198     
           5          10   1.4104109482258254     
          10          11   1.3934499119660080     
          11          12   1.0756184841604957     
          12          13   1.9136421063892830     
           3          14   1.3065773711118689     
          11          14   1.3075815813234162     
          14          15   1.1530710456781996     
           1          16  0.97859355802749337     
           1          17  0.97489181067533970     
           2          18  0.95864282061260464     
           4          19  0.96141582446587825     
           7          20  0.98695484006325962     
           7          21  0.98231368365454663     
           7          22  0.98455706408116206     
           8          23  0.98680034832996000     
           8          24  0.98451321291135041     
           8          25  0.98248982312132771     
           9          26  0.98649511909567855     
           9          27  0.98658105770017346     
           9          28  0.98458091543209347     
          10          29  0.96146987345820578     
          12          30  0.95864247799739977     
          13          31  0.97490570082193617     
          13          32  0.97859063271110669     
          15          33  0.95060974233166906     
          15          34  0.95061570940021123     
