$coord
    1.67721013359700    0.15239434826410    0.19490320500078      o
    3.98656654990968    0.11872765533527    0.14328866990634      c
    5.51624697939967    2.42793713508209    0.04571856869237      c
    4.30112510442179    4.77199738518401    0.01739966776815      c
    5.65723100531736    6.98636489745602   -0.05569515618266      c
    8.28516657059557    6.88411211831987   -0.09474227096950      c
    9.52857127257200    4.59961988871608   -0.06797975007372      c
    8.16804246171038    2.32898794770125   -0.00631358513911      c
    9.40536978668307    0.03979192174445    0.02315992031918      n
   12.09579834091266   -0.00703887119540   -0.03251175575875      c
   13.45235805872395   -0.24778081009931    2.20307047256361      c
   16.05801853414293   -0.31780639525687    2.13700820350920      c
   17.36642495419009   -0.14867025153145   -0.15116847691882      c
   20.11132379247390   -0.25094754842177   -0.07520082947703      c
   21.72699935537562   -0.14797756945982   -1.98620721426350      c
   21.21644368654546    0.07694238365581   -4.42929386353753      f
   24.21766822163794   -0.26446024855062   -1.68031753928911      f
   15.97860841034761    0.10344485294782   -2.38233013116312      c
   13.37043079687966    0.17192076441888   -2.32083757376752      c
    8.10395777629243   -2.21278849516890    0.10815154364366      c
    5.45084239597559   -2.23441298247489    0.17504475828463      c
    4.17025858691258   -4.54192572527995    0.26129356897741      c
    5.46280552277584   -6.79515679189507    0.27785611130446      c
    8.09150936555501   -6.76970805471398    0.19752437457349      c
    9.39852924013726   -4.52259738495583    0.11081328346089      c
    2.26121042776772    4.76572569445673    0.05797046330890      h
    4.70199547693778    8.78757002378366   -0.07721198022039      h
    9.37046445156320    8.61188601046851   -0.14388489833293      h
   11.56830615377658    4.55499690540739   -0.09077690099285      h
   12.45248526700807   -0.38557017620622    3.97642981125550      h
   17.10237784489600   -0.50783756320761    3.87947969008518      h
   20.96398257697940   -0.44002939937869    1.76990224690683      h
   16.92517474814126    0.24241555140258   -4.17930564267766      h
   12.30321571248842    0.36295636542340   -4.04929926907508      h
    2.13160799629398   -4.47588113187041    0.31146157651247      h
    4.45756027600159   -8.56770994623263    0.34569142271057      h
    9.12772841484771   -8.52808123816524    0.19946169437752      h
   11.43732639087120   -4.53971841291371    0.03837041533980      h
$periodic 0
$end
