           1           2   1.9051592762166574     
           2           3   1.0787854962533370     
           3           4   1.3528242622340620     
           4           5   1.4490597686794406     
           5           6   1.4490618023918813     
           6           7   1.3528232449023254     
           7           8   1.0787752049555304     
           8           9   1.9051709520308053     
           3          10   1.3949427326694070     
           7          10   1.3949519800793180     
           1          11  0.97823306825701484     
           1          12  0.97254046141048067     
           2          13  0.96609991335732670     
           4          14  0.96935237436671295     
           5          15  0.96984121978906490     
           6          16  0.96935258039561512     
           8          17  0.96609748857828914     
           9          18  0.97254026394635029     
           9          19  0.97823243720766317     
