           1           2   1.9117545407639327     
           2           3   1.0789306229142506     
           3           4   1.3869287140505082     
           4           5   1.4181657597394390     
           5           6  0.98121318054925277     
           6           7  0.99989359592138183     
           6           8  0.98882557573874175     
           6           9  0.98799575732485345     
           5          10   1.4013028959921481     
          10          11   1.4023501218161889     
          11          12   1.0771340186929605     
          12          13   1.9137416994226277     
           3          14   1.3038830771424412     
          11          14   1.2944702816799227     
          14          15   1.1712766237378367     
           1          16  0.97869496643914056     
           1          17  0.97500315992460485     
           2          18  0.95410663143560315     
           4          19  0.96179829732208255     
           7          20  0.98505703639914577     
           7          21  0.98452838560061529     
           7          22  0.98461861072277634     
           8          23  0.98697112600812797     
           8          24  0.98488403398866153     
           8          25  0.98358085065053802     
           9          26  0.98697336368902056     
           9          27  0.98386436591970450     
           9          28  0.98485135998975704     
          10          29  0.96156919675840935     
          12          30  0.95417069180103908     
          13          31  0.97516478060220302     
          13          32  0.97866064178528811     
          15          33  0.94551097503082315     
          15          34  0.94536202128646518     
