           1           2   1.9146832609801292     
           2           3   1.0770753746242532     
           3           4   1.3962068568588768     
           4           5   1.3930239656995667     
           5           6  0.94323740946546564     
           5           7   1.3998623717466530     
           7           8   1.3876974555296437     
           8           9   1.0761920217149119     
           9          10   1.9170224397451832     
           3          11   1.2975576083613527     
           8          11   1.3052845475515484     
          11          12   1.1726268332872563     
           1          13  0.97809232807527891     
           1          14  0.97447563151182826     
           2          15  0.95758177807431200     
           4          16  0.96418835552393001     
           7          17  0.96453722960272503     
           9          18  0.95266756206158343     
          10          19  0.97472203372080213     
          10          20  0.97813012267161858     
          12          21  0.94392451289452628     
          12          22  0.94808688704805899     
