           1           2   1.9289903372970589     
           2           3   1.0623172892136787     
           3           4   1.3962625986918973     
           4           5   1.4237307701615611     
           5           6   1.0259322805018765     
           3           7  0.10168924872112949     
           5           7   1.3725547059333025     
           7           8   1.4614079718690853     
           3           9   1.3203107294322216     
           8           9   1.3855880604392010     
           9          10   1.0614473202581607     
          10          11   1.9258488305303914     
           1          12  0.97724717676855655     
           1          13  0.97601315401285871     
           2          14  0.95944816951492795     
           4          15  0.96612124418863143     
           6          16  0.98538605742883600     
           6          17  0.97060001902302717     
           6          18  0.97279950564335649     
           7          19  0.96198331320370400     
          10          20  0.95866824132299389     
          11          21  0.97493524514584307     
          11          22  0.97701703232420911     
