           1           2   1.9041584045713762     
           2           3   1.0879129522176099     
           3           4   1.3848842953993643     
           4           5   1.3924870726596372     
           5           6   1.0954430053042614     
           6           7   1.7272539245806822     
           7           8  0.98460531391494643     
           7           9  0.98393992942002750     
           5          10   1.3591005847736137     
          10          11   1.4276409447447640     
          11          12  0.94898580760413043     
          12          13  0.95202264991484198     
          12          14  0.94050133679871861     
          12          15  0.94451130675383521     
           3          16   1.3723851313424453     
          11          16   1.4142773050967121     
           1          17  0.97676399544608028     
           1          18  0.97097969639807546     
           2          19  0.96322785931259192     
           4          20  0.95954033035786812     
           6          21  0.95307047356426444     
          10          22  0.96449345581619239     
          16          23  0.96534186969916291     
