$coord
   12.44265196564315   -3.26216562301315    0.98188641209118      c
   11.59900530588795   -4.19331757602397   -1.19553113920780      c
    9.09209846264479   -3.84203140115869   -2.17363246498712      c
    8.13776750396648   -4.76396724550343   -4.39974940749870      c
    5.59803795677965   -4.12060837682348   -4.84948288265802      c
    4.21237295556343   -4.87133917134363   -7.19836787015703      c
    4.19761760149760   -2.71324768142463   -9.13265060176777      c
    2.75773436645263   -3.44365671885318  -11.52336687377056      c
    2.46613145149297   -1.26113477221498  -13.39372022730167      c
    4.96476702064011   -0.38220094982583  -14.53841765082606      c
    4.54784570960655    1.59142973097184  -16.59337284253597      c
    4.59145737407265   -2.66202692877405   -2.93874205917856      c
    2.07628142868852   -1.65696038959179   -2.76241465544151      c
    1.24861159502435   -0.15841810563485   -0.92050565320531      c
    6.80986926788796   -2.11087353525296   -0.57121949651332      s
   14.34310404381784   -3.58849201211487    1.62142710211811      h
   11.24430368190384   -2.14265979511252    2.18815955426056      h
   12.82651914500874   -5.31614242695433   -2.38654512379002      h
    9.24223636248436   -5.89161379636403   -5.68348383361274      h
    2.26899100508335   -5.39783627254977   -6.74295120907062      h
    5.13532706309462   -6.51941052402207   -8.02915329972011      h
    6.14718454444212   -2.23081542265124   -9.60016463632540      h
    3.32382232182992   -1.04652952841300   -8.28344860979070      h
    0.87430318168475   -4.10380867421920  -10.98593699708152      h
    3.72419816956962   -5.01496097769778  -12.45271487363901      h
    1.55292897255474    0.33034379623658  -12.44646019212463      h
    1.21981926555641   -1.87197446031530  -14.92397763715286      h
    5.95354173826815   -2.00636052666044  -15.34007826881374      h
    6.16208524496572    0.42264492342791  -13.06603789316817      h
    3.41998656498450    0.81270473094308  -18.12621480365263      h
    6.34315722194331    2.22377260986191  -17.36604316363900      h
    3.55974714928976    3.22482766868977  -15.83139733927282      h
    0.81561495748797   -2.19632607273696   -4.27924113626324      h
    2.46646322762215    0.42084433958141    0.60524940412129      h
   -0.66068928982486    0.53791655494519   -0.88610575853652      h
$periodic 0
$end
