$coord
       -7.44999818541272        3.69282314325006       -0.51387918732300      c
       -4.99957541926091        3.66414309133365        0.02134065317512      c
       -3.37309045833781        1.44748515413021        0.21234012315486      c
       -4.24662218423722       -1.01191759166583       -0.16020402122315      c
       -2.64590117866742       -3.07208614608535        0.03110867258406      c
       -3.59360485812702       -5.70967308813830       -0.37542810480329      c
       -0.11304729188211       -2.67344478898470        0.60683098090682      c
        0.79930727099540       -0.24573529903469        0.98700195325669      c
        3.49268766397836        0.15999938255562        1.61849801275816      c
        5.26100527303334        0.43467564195218       -0.10836004150496      c
        4.90499148553015        0.38780199791251       -2.59324891893166      f
        7.70338969099387        0.79890538957063        0.37632725641796      f
       -0.82758330996358        1.79832615525682        0.79262651838103      c
       -8.48653090955144        5.44006415842159       -0.61418723755210      h
       -8.52389072815820        2.00424269298625       -0.87744101503158      h
       -4.04379251618113        5.44245404905709        0.36044182782015      h
       -6.21003740647062       -1.32689890636713       -0.61089665012744      h
       -5.60786530342254       -5.71818603179329       -0.77466066540668      h
       -3.24800257169253       -6.85994657693322        1.29597907817737      h
       -2.60641515770406       -6.58552958726920       -1.95470867293060      h
        1.15594986821995       -4.26578029133254        0.75506758011922      h
        4.03789207642953        0.23783664431403        3.58257439789767      h
       -0.10628788908129        3.68598349452058        1.08605835704626      h
$end
