$coord
    5.21817598843245    1.30736866801831    2.35625780892287      c
    4.96166227531919    0.02046012265704   -0.22075252662073      c
    5.83552639531282   -2.68184280429800   -0.08820303596860      c
    8.37854599075043   -3.20923441557835   -0.44753753696154      c
    9.36075660453956   -5.63385671180979   -0.29193946018415      c
   12.13814701767630   -6.05274122354265   -0.68773150736296      c
    7.71847638629429   -7.62093121609316    0.25959104987354      c
    8.59454046127692  -10.32248989440969    0.39251218496284      c
    8.34642299695238  -11.60823841649924   -2.18511027674102      c
    5.17549304273419   -7.09353499010727    0.61894185552044      c
    4.19323370709040   -4.66879448411941    0.46318467757751      c
    1.41583828158005   -4.24969430769683    0.85935976463506      c
    4.58953482574276    3.26255082955723    2.25213129815747      h
    7.17900457082889    1.27860722373504    2.97443367607430      h
    4.08959662006275    0.33155154472198    3.77072125446466      h
    6.11764311367657    1.04222570872798   -1.59496174296708      h
    2.99962676621075    0.12005673350870   -0.84612625691214      h
    9.64327612998443   -1.66024054755957   -0.87394001435473      h
   13.05514840618479   -4.30133904583812   -1.24883813628892      h
   12.47744001958091   -7.46066830731947   -2.14809836388751      h
   13.02480056736769   -6.71414192259982    1.05053144040050      h
    7.43640314819213  -11.34683492421068    1.76134747661545      h
   10.55359819717589  -10.42019005442122    1.02395382592511      h
    6.38703408603861  -11.58190247514143   -2.80513046408968      h
    8.97700539074866  -13.56250033279209   -2.08148685143907      h
    9.47443404003479  -10.63080393083250   -3.59762252041685      h
    3.91069380979076   -8.64263628407843    1.04519360549249      h
    0.49778581054846   -6.00235870415139    1.41446402588505      h
    0.52992618729492   -3.58217912306010   -0.87682248390394      h
    1.07688889508163   -2.84655112956503    2.32442573000329      h
$periodic 0
$end
