           1           2   1.8977021337650271     
           2           3   1.0867873115583726     
           3           4   1.3586251041699418     
           4           5   1.4301594929557715     
           5           6  0.97352323763844262     
           6           7   1.7822181224574962     
           6           8   1.1139271156056278     
           7           8  0.16540633405703720     
           5           9   1.3330645261228773     
           9          10   1.0919491512493764     
          10          11   1.8994086797915657     
           9          12   1.3406738487477594     
           3          13   1.3566938102552377     
          12          13   1.4879895300627695     
           1          14  0.97697006469546277     
           1          15  0.97223300718638783     
           2          16  0.96185364125430650     
           4          17  0.96013618180378635     
           8          18  0.87093576997141975     
          10          19  0.95567617017666140     
          11          20  0.97316969149724930     
          11          21  0.97715790534911395     
          12          22  0.95748008925885786     
