           1           2   1.8832574116122980     
           2           3   1.1053078184904863     
           3           4   1.3803184698729714     
           4           5   1.3965126824974863     
           5           6   1.0436529883843904     
           6           7  0.96714608132034086     
           7           8  0.99368110219582639     
           8           9   1.0074899889517559     
           9          10   1.0077127395458665     
          10          11   1.0076158339724055     
          11          12   1.0071646220632529     
          12          13   1.0071279766336465     
          13          14   1.0074165698336766     
          14          15   1.0090203670695723     
          15          16   1.0186921560115656     
           5          17   1.2947380817792666     
          17          18   1.1024174996027085     
          18          19   1.8876268601944886     
          17          20   1.3711748707863620     
           3          21   1.2770551663662699     
          20          21   1.4014709704372286     
          21          22   1.0609606093475783     
          22          23  0.96698715771121124     
          23          24   1.0005445794370293     
          24          25   1.0074855499599118     
          25          26   1.0085560091561341     
          26          27   1.0073420995226581     
          27          28   1.0061233472950186     
          28          29   1.0069581758365114     
          29          30   1.0081588981934699     
          30          31   1.0075507437007207     
          31          32   1.0191373915682784     
           1          33  0.97840752619470817     
           1          34  0.96865055986060389     
           2          35  0.96291935792571048     
           4          36  0.95757779586668867     
           7          37  0.96344963170176623     
           7          38  0.97040139500761047     
           8          39  0.97498075651946436     
           8          40  0.97716738186464003     
           9          41  0.97609399971177213     
           9          42  0.97559773035813691     
          10          43  0.96965681460069864     
          10          44  0.97758266424480245     
          11          45  0.97738998809213506     
          11          46  0.97366833651315887     
          12          47  0.97738229705633517     
          12          48  0.97600350145610815     
          13          49  0.97466593298817783     
          13          50  0.97721879789912935     
          14          51  0.97321862895846678     
          14          52  0.97368754966742643     
          15          53  0.97855190386398494     
          15          54  0.97685076662885140     
          16          55  0.98711953713941936     
          16          56  0.98783041545486461     
          16          57  0.98767227899450516     
          18          58  0.96054411599163791     
          19          59  0.97263341761204047     
          19          60  0.97854437876692990     
          20          61  0.95850629827992972     
          23          62  0.96630199118248306     
          23          63  0.96395519977050337     
          24          64  0.97401910380213674     
          24          65  0.97642938882908104     
          25          66  0.97780883323663292     
          25          67  0.97275316884259455     
          26          68  0.96621549121706829     
          26          69  0.97735537994913235     
          27          70  0.97734633671461757     
          27          71  0.97800351538779151     
          28          72  0.97770861257461106     
          28          73  0.97613542011092902     
          29          74  0.97697301652970703     
          29          75  0.97345658118544998     
          30          76  0.97461161187677625     
          30          77  0.97773711874104741     
          31          78  0.97862776008157626     
          31          79  0.97657149409498156     
          32          80  0.98833294628750823     
          32          81  0.98755850690406199     
          32          82  0.98677758766961321     
