           1           2   1.8985372592791250     
           2           3   1.0998798674797550     
           3           4   1.3501710054915226     
           4           5   1.4331149013972326     
           5           6   1.0571383982079858     
           6           7   1.6707511770378694     
           6           8   1.1079801093960597     
           7           8  0.16258208228705950     
           8           9  0.96036405965596361     
           5          10   1.1941460124890273     
           3          11   1.3400473470438825     
          10          11   1.2394456403574559     
          11          12   1.1186097834768161     
          12          13   1.8727707507335141     
           1          14  0.97891845101379182     
           1          15  0.97575568973321614     
           2          16  0.95831515162404890     
           4          17  0.97097301696035865     
           9          18  0.97792328278030860     
           9          19  0.97311634005240122     
           9          20  0.97736767568568417     
          10          21  0.93445654102993869     
          12          22  0.96040895839032103     
          13          23  0.97233180500333183     
          13          24  0.97833408797065347     
