$coord
    5.34369858887964    1.78222038358309   -0.50512610450698      c
    4.55729292240479   -0.59865658287281   -0.43992517987327      c
    5.72981076787110   -2.68198837108056    0.93652676901787      c
    4.87137502712301   -5.15145854809874    0.43308050727151      c
    5.85880964729228   -7.25088928859856    1.61387812817565      c
    7.76387199486528   -6.84783216300068    3.36556416846814      c
    9.01113665950657   -8.58842202975096    4.75386108056912      o
   10.70600307281178   -7.29592578684710    6.21031613717102      c
   12.26873522862606   -8.79421016827565    7.85298442945249      c
   14.02177687366224   -7.90379402811046    9.40930707348454      c
   14.64185760562852   -5.49543341133732    9.73299890241813      f
   15.43554461602400   -9.34453751107422   10.89896342110909      f
   10.56969873293451   -4.75066827587657    5.78657811963627      c
    8.65668062458779   -4.39759785986585    3.92734244537136      c
    7.63037658062929   -2.30867118559495    2.70447178237535      c
    4.35237797865981    3.19166094023775   -1.58593667057867      h
    6.99619016924229    2.42681798692033    0.49113935519276      h
    2.89880069270157   -1.12122132380300   -1.52098585650889      h
    3.38499710007328   -5.40126009404338   -0.94369334834737      h
    5.18612683467142   -9.13015643642248    1.20547651138045      h
   11.97920277716741  -10.81120958948037    7.80031809261893      h
   11.68420927792000   -3.31761631386189    6.67763505377974      h
    8.30581543459750   -0.43997084323376    3.15248842526710      h
$periodic 0
$end
