           1           2   1.9045553765503653     
           2           3   1.0802275140749771     
           3           4   1.2607379634750298     
           4           5   1.4890420133554298     
           5           6   1.0948602861260777     
           6           7   1.8922963779348341     
           5           8   1.2140650252257648     
           8           9   1.4189406405852414     
           9          10   1.3528330728450382     
          10          11   1.4949549738712160     
           8          12   1.0840269691604227     
          11          12   1.2299410982841690     
           3          13   1.4757950125232167     
          12          13   1.1880495834106801     
           1          14  0.97699160574359301     
           1          15  0.97145586407685725     
           2          16  0.96232321709945368     
           4          17  0.96042664116410470     
           6          18  0.96181259013578801     
           7          19  0.97226209112038076     
           7          20  0.97719358307308868     
          10          21  0.96999313661391517     
          11          22  0.96890305450790770     
