           1           2   1.9042960161231577     
           2           3   1.0877718176486286     
           3           4   1.3719736759649783     
           4           5   1.3954576491196109     
           5           6   1.0875310249007784     
           6           7   1.9044502695514398     
           5           8   1.3648373281252244     
           8           9   1.3858784683800121     
           9          10   1.0535485544609577     
          10          11  0.97403652663663998     
          11          12  0.99503252642912188     
          12          13   1.0074092442254472     
          13          14   1.0074509805326559     
          14          15   1.0047063362777859     
          15          16  0.98588436613557284     
          16          17  0.96866740204860224     
          17          18   1.8028888963461838     
          17          19   1.1145309575096254     
          18          19  0.16313216014050713     
           3          20   1.3927257012111123     
           9          20   1.3581237709173986     
           1          21  0.97813750694285995     
           1          22  0.97277903057508985     
           2          23  0.96451935258066879     
           4          24  0.96632353052931808     
           6          25  0.96412769278539723     
           7          26  0.97286421662128575     
           7          27  0.97814282570605338     
           8          28  0.95830651288342406     
          11          29  0.96523288385803263     
          11          30  0.96763314023525937     
          12          31  0.97373297812520687     
          12          32  0.97531554360022177     
          13          33  0.97564316740070511     
          13          34  0.97663921536513421     
          14          35  0.97688146690649447     
          14          36  0.97469548194927003     
          15          37  0.97510205401022154     
          15          38  0.97713329377169134     
          16          39  0.97353795517707442     
          16          40  0.96366302161216921     
          19          41  0.87330411485305071     
          20          42  0.96340931567255783     
