           1           2   1.8979778462919041     
           2           3   1.0922731536121266     
           3           4   1.3855030250203246     
           4           5   1.3855200245417070     
           5           6   1.0922571971355026     
           6           7   1.8979964279159340     
           5           8   1.3210884149946449     
           8           9  0.98162448024218218     
           8          10   1.3529051282478535     
          10          11  0.98621483121969544     
           3          12   1.3210906252894610     
          10          12   1.3529023819762656     
          12          13  0.98162283025045816     
           1          14  0.97696908909198588     
           1          15  0.97193995880329564     
           2          16  0.96234909862262097     
           4          17  0.96283460218445538     
           6          18  0.96234654179386125     
           7          19  0.97194183639025244     
           7          20  0.97696883121967248     
