   -0.08193360
   -0.03372572
    0.09839576
   -0.04323486
   -0.01389240
   -0.03944769
    0.08976680
    0.08997115
   -0.03839065
   -0.01220685
   -0.03839002
    0.08997175
    0.08976764
   -0.03944464
   -0.01389338
   -0.04322893
    0.09838915
   -0.03373100
   -0.08193051
   -0.24338262
   -0.24510096
   -0.24338469
    0.04405808
    0.04238538
    0.05607170
    0.03708036
    0.03358190
    0.05345528
    0.05934860
    0.03709970
    0.05934485
    0.05345176
    0.03358191
    0.03708089
    0.05607656
    0.04238011
    0.04405917
