           1           2   1.9068278735749615     
           2           3   1.0791856436670604     
           3           4   1.3549956994286736     
           4           5   1.4515916789627248     
           5           6   1.4456240729268244     
           6           7   1.3617768018524390     
           7           8   1.0438824071768451     
           8           9   1.3616694413138062     
           9          10   1.4478303935829613     
          10          11   1.4478278280453343     
          11          12   1.3616699170731725     
          12          13   1.0438760033726033     
          13          14   1.3617666023339350     
          14          15   1.4456188460089086     
          15          16   1.4516019083456577     
          16          17   1.3549839508435135     
          17          18   1.0792426244474864     
          18          19   1.9067637098297574     
          13          20   1.4006238036433980     
          17          20   1.3894414199775067     
           8          21   1.3979178207010761     
          12          21   1.3979240306417671     
           3          22   1.3894736837924304     
           7          22   1.4005999608535462     
           1          23  0.97750882881696144     
           1          24  0.97245758312223252     
           2          25  0.96315544892402438     
           4          26  0.96619303672941104     
           5          27  0.96944436754505381     
           6          28  0.96581686671003097     
           9          29  0.96540339176213696     
          10          30  0.96899839590000236     
          11          31  0.96540446705919247     
          14          32  0.96581793745551203     
          15          33  0.96944475551293841     
          16          34  0.96618379825240308     
          18          35  0.96316746883711113     
          19          36  0.97244948347701443     
          19          37  0.97750935573983833     
