$coord
    2.61173540575464    2.02280479144854    1.87878949334085      c
    3.09286656247692   -0.27928854012728    1.01440705382788      c
    4.90349756355553   -2.04213399734962    2.14286896295199      c
    7.10534319099353   -1.14220208784624    3.25474722185111      c
    8.88306877615052   -2.80577903287773    4.20423730462425      c
    8.43007613491017   -5.36882718110531    4.12545791779414      c
    6.20957905972801   -6.31898692889245    3.06240716854502      c
    5.99595257258706   -8.89337640305785    3.20322879664296      o
    3.61042698382671  -10.04990497107870    3.42540023935215      c
    4.45371231969145   -4.65949526353917    1.99066961584287      c
    2.17664532344234   -5.51747108228656    0.63589762544008      c
    2.25483704600563   -6.98930806993094   -1.38581396241651      c
    1.27043360869135    3.24841115518757    0.96254970199816      h
    3.51115515005988    2.76257153877471    3.54850889228348      h
    2.10042549779710   -0.96684309551115   -0.63699463957067      h
    7.45266019773612    0.86613182729284    3.30680149027494      h
   10.61267714852566   -2.10169914171536    5.02616680150534      h
    9.76609630860852   -6.70656555287583    4.88750219564833      h
    3.90044724189944  -11.72608293551927    4.59315061985659      h
    2.86892337414192  -10.62725552456241    1.58363714901589      h
    2.23889289390814   -8.80844588125046    4.34120369516607      h
    0.38800040097499   -4.78921039589615    1.31921260741411      h
    4.02122882564872   -7.68133147564074   -2.12900672251388      h
    0.56823758926999   -7.54671173565709   -2.38038466459512      h
$periodic 0
$end
