           1           2   1.9028385580214024     
           2           3   1.0892255510229498     
           3           4   1.3659749537279304     
           4           5   1.4207075284541422     
           5           6   1.0277817450466959     
           5           7   1.3711294201374264     
           7           8  0.95604785485905486     
           7           9   1.3294265148816706     
           9          10   1.0980411814968682     
          10          11   1.7287373478741774     
          11          12  0.97902616441889490     
          11          13  0.97763878713695640     
           3          14   1.3904750394522796     
           9          14   1.3821163501229186     
           1          15  0.97754843081764065     
           1          16  0.97153534307083134     
           2          17  0.96413720959934734     
           4          18  0.96543568571225713     
           6          19  0.98544672948273093     
           6          20  0.96909974359196904     
           6          21  0.96918624507355933     
          10          22  0.95159118691817590     
          14          23  0.96039970521945872     
