           1           2  0.94203931458612133     
           2           3  0.94059244601162817     
           2           4  0.95464492773562437     
           2           5  0.95156128671583462     
           5           6   1.4076914048445266     
           6           7   1.3850737340308608     
           7           8   1.0484478813980953     
           8           9   1.0229435639999831     
           9          10   1.3550927006205413     
          10          11   1.0111384397063790     
          10          12   1.4026896667168998     
          12          13   1.4421668891765105     
          13          14   1.4261927555245599     
           9          15   1.3799489558210281     
          12          15  0.10466452296041293     
          14          15   1.4445474403132750     
           8          16   1.1005744305832172     
          16          17   1.3382139275340652     
          17          18   1.4847188207695445     
          18          19   1.3548782592986588     
          19          20   1.1053713951529498     
          20          21   1.7203631819165650     
          21          22  0.97748584552587980     
          21          23  0.97032555721815061     
          19          24   1.3541624086513870     
          16          25   1.3372364712338221     
          24          25   1.4843259724325941     
           7          26   1.3319982256077159     
          11          26   1.0410242322271699     
          26          27   1.4021034468129918     
           5          28   1.4017752156815240     
          27          28   1.4400636017844606     
           6          29  0.96249837849535025     
          12          30  0.96716494306749767     
          13          31  0.96884183658472667     
          14          32  0.96940815146770909     
          15          33  0.96549164626440742     
          17          34  0.96187556368615168     
          18          35  0.96689799710229551     
          20          36  0.95474687306455541     
          24          37  0.96814348042926301     
          25          38  0.96233625929325428     
          27          39  0.96559942722260683     
          28          40  0.96493994516668902     
