$coord
    4.73219385706053   -0.27932259679000   -0.04372857612996      c
    1.90050863844120   -0.26832155680310   -0.09509299412403      c
    0.57034141315867    0.84702054888003   -2.06004279755556      c
   -2.03879857315287    0.86657808929640   -2.10395972142255      c
   -3.43171583429210   -0.26709433888875   -0.17104358490561      c
   -6.06235484074256   -0.22440437087789   -0.18575252253285      n
   -7.53275802604670   -1.17528996099136    1.81581477294096      c
   -9.35150711136905    0.36026760514906    2.94532402867466      c
   -9.79102388380812    3.48255448357018    1.80374236570271      s
   -9.27212108411316    2.79352952073312   -1.43608418140908      c
   -7.47007567700861    0.98668800919846   -2.09037615980040      c
   -7.20112155160012    0.33340838292891   -4.62424441364042      c
   -8.58888029752594    1.56858299709812   -6.46180166594667      c
  -10.30313518282451    3.43272815390101   -5.79500830888882      c
  -10.67396311832050    4.01982690066972   -3.27591196240166      c
  -10.82890556427656   -0.53183237592776    4.91364576511747      c
  -10.51419444127272   -2.98266967590854    5.76385469061330      c
   -8.77513943651665   -4.55497857890145    4.59720277947452      c
   -7.31352534069411   -3.67031884964768    2.61999218798767      c
   -2.09616527139765   -1.30604142186775    1.85544806380682      c
    0.51147582823286   -1.31044964775832    1.87306072846917      c
    5.50039220673588    0.06670071833766   -1.91790418912724      h
    5.44200234539692   -2.08309101265728    0.64390945173359      h
    5.42705173310213    1.19471791789706    1.21829730496022      h
    1.58800493520338    1.73365858939017   -3.59318957783788      h
   -2.98971116185108    1.81549668908392   -3.63693224288345      h
   -5.88899217887975   -1.14350370141919   -5.13414961847241      h
   -8.33717003491609    1.06377093424594   -8.42225938335640      h
  -11.37442874420015    4.40596149225739   -7.23145216440231      h
  -12.03135005699655    5.43432115082454   -2.71462718113570      h
  -12.20130687848733    0.71003972112270    5.76948278927873      h
  -11.64709165030859   -3.67215530448953    7.31280638982919      h
   -8.56268913610348   -6.48593869014364    5.22004265924480      h
   -5.98275078850411   -4.90157778116991    1.68413566371061      h
   -3.09416473832152   -2.07656096134557    3.45716010743521      h
    1.48827737564891   -2.13541879233095    3.46607814999767      h
$periodic 0
$end
