           1           2   1.0237183154274483     
           2           3   1.4044718625704444     
           3           4   1.4584337191558847     
           4           5   1.3525993527671816     
           5           6   1.0893718388345688     
           6           7   1.0359199513246480     
           7           8   1.3485657591657019     
           8           9   1.0167957364905582     
           9          10   1.0171450725417222     
           6          11   1.0350455257195017     
          10          11   1.3490307340241923     
          11          12   1.3776802892485385     
          12          13   1.4447006984630393     
          13          14   1.4255237730084991     
          10          15   1.4036581240260158     
          12          15  0.10333936317817317     
          14          15   1.4409248277014881     
           8          16   1.4041494956487139     
          16          17   1.4406050176746314     
          17          18   1.4256692975450354     
           7          19   1.3775119210786944     
          16          19  0.10334522562998250     
          18          19   1.4447653072692450     
           3          20  0.10199980055139496     
           5          20   1.3479993924697860     
           2          21   1.3980925998620768     
           4          21  0.10315667946924552     
          20          21   1.4652901908234166     
           1          22  0.98488544460326977     
           1          23  0.97987230639632650     
           1          24  0.97002778778434162     
           3          25  0.96923475964867900     
           4          26  0.96325680192461516     
          12          27  0.96620876095419528     
          13          28  0.97018620528750232     
          14          29  0.96967073816475291     
          15          30  0.96794935818726491     
          16          31  0.96796468557053073     
          17          32  0.96967593764460647     
          18          33  0.97019122254883783     
          19          34  0.96623089094645609     
          20          35  0.96340154377019627     
          21          36  0.96984217461071709     
