           1           2   1.9031644574332871     
           2           3   1.0854651446526038     
           3           4   1.3224700135907645     
           4           5  0.98930900479114792     
           4           6   1.3491630756751101     
           6           7  0.99170444825408965     
           6           8   1.3491703174045167     
           8           9  0.98930798680674215     
           8          10   1.3224618416375287     
          10          11   1.0854890469778307     
          11          12   1.9031358396689004     
           3          13   1.3413839815949797     
          10          13   1.3413717481527581     
          13          14  0.98242061164129146     
           1          15  0.97613917609963186     
           1          16  0.97255506259312685     
           2          17  0.95908022428317485     
          11          18  0.95908438135768459     
          12          19  0.97255260838856394     
          12          20  0.97613956344480546     
