$coord
    1.90612191739128   -0.03558845795243    0.10179634476825      c
    4.60236651232023    0.26078552440523    0.11466843988351      n
    6.03199950816016    2.38895033901197    0.11487410269213      c
    5.03150165180020    5.01730161105950    0.10044063209960      c
    8.53068871093303    1.60374142125658    0.13068962430234      c
   10.85168901518614    3.19857301181716    0.13749126464749      c
    8.39263216658600   -1.04228607789551    0.13902042265716      c
    6.02596456356668   -1.81726702317188    0.12926494405373      n
    0.97409985691060    1.79411161482842    0.09165803317825      h
    1.31835693884553   -1.09012829254110    1.77426157551667      h
    1.33528015116476   -1.10006318522895   -1.57024694850125      h
    2.97959694144312    5.06277318456462    0.08904645914930      h
    5.70834075666405    6.02215728573244   -1.56528679323951      h
    5.69012436489945    6.03358160808131    1.76654269798454      h
   10.36215842194080    5.19380096497024    0.12879177777202      h
   12.00637495016213    2.79664483366514   -1.51978971450878      h
   11.98945196371267    2.80699819252081    1.80889095328629      h
    9.91042533607316   -2.38360031843353    0.15156020607725      h
$periodic 0
$end
