           1           2   1.8973470497408356     
           2           3   1.0940229320415855     
           3           4   1.3666158750883977     
           4           5   1.4698513787441012     
           5           6   1.3755774638390394     
           6           7   1.0756588787454318     
           7           8   1.9174380207540329     
           6           9   1.3440160174725311     
           9          10  0.97511381719038803     
          10          11   1.0425053470406527     
          11          12   2.8421604845330641     
           3          13   1.3656561247193639     
           9          13   1.4511570082351102     
           1          14  0.97811571758008520     
           1          15  0.97276928015266495     
           2          16  0.96412204180930305     
           4          17  0.96791403038019841     
           5          18  0.96688356740687875     
           7          19  0.95707158477101517     
           8          20  0.97440842244097758     
           8          21  0.97788466311701139     
          10          22  0.94216963932304765     
          10          23  0.93738021613495603     
          13          24  0.96250597068023869     
