$coord
   -0.45371780279282    2.75257719211027   -3.31503154853846      c
   -0.03018353682954    0.64684240307486   -1.50270856025549      c
    2.00178064659405   -0.88275992336457   -1.26373163680520      c
    1.82367432502704   -2.74427829821813    0.69170342859233      c
    4.10510312816820   -4.43867784305023    1.01454509206235      c
    4.21445569248272   -6.21811638502746    3.29610183536625      c
    2.55425052545489   -8.56520042294445    3.04481486889775      c
    3.12838328308587   -9.98512946477694    0.60701917691718      c
    2.77116939345615   -8.20874454116890   -1.63023318942405      c
    4.58420516512526   -5.98376466765889   -1.40503716561761      c
   -0.39954589554451   -2.54585512934918    1.97463284639829      c
   -1.54365914725150   -3.89632382264511    4.17189459748300      c
   -2.29301592831066   -0.13688334108245    0.72777783015872      s
    1.19993494836965    2.98879300153544   -4.51250995370328      h
   -0.80590068035690    4.51557335504274   -2.31034382532666      h
   -2.08878992585581    2.37024195507566   -4.50791750267091      h
    3.65255406337491   -0.68141578741272   -2.43606523059652      h
    5.70182714974510   -3.12289890638123    1.21789814303005      h
    3.75358445682099   -5.18405300458051    5.01950910314543      h
    6.17684506115486   -6.84434013302952    3.47804050459948      h
    0.56819872583864   -8.03820836894773    3.02627934332504      h
    2.87111175528863   -9.79197836213540    4.67575965421297      h
    1.87845772296481  -11.61850986667148    0.43580726571766      h
    5.07445204729827  -10.67607067749801    0.63264093757793      h
    0.82793411784885   -7.51277170673354   -1.66064713882933      h
    3.11822331037660   -9.21086879354160   -3.40107838953541      h
    4.41091824378423   -4.77846293397149   -3.06721904041717      h
    6.51965872700194   -6.70442860858714   -1.34930547361953      h
   -2.63664791817698   -5.53051499241507    3.54697755676273      h
   -2.84240930707088   -2.62650907654020    5.13952678094730      h
   -0.12886441040169   -4.52052309086047    5.51845940463070      h
$periodic 0
$end
