           1           2   1.9208885811785490     
           2           3   1.0725639606648443     
           3           4   1.3929696408730747     
           4           5   1.4492887455575774     
           5           6   1.3973831737858273     
           6           7  0.95049137328882594     
           7           8  0.95026626220436283     
           7           9  0.93684857869402927     
           7          10  0.95015373749431187     
           4          11  0.10044128678858769     
           6          11   1.4208778351171252     
           3          12   1.3215379405380381     
          11          12   1.3926186712878064     
          12          13   1.0848184718014944     
          13          14   1.7331841293699020     
          14          15  0.98908268899723772     
          14          16  0.98214673779024386     
           1          17  0.97664097012642759     
           1          18  0.97364468789618741     
           2          19  0.95738611749928015     
           4          20  0.96507670343112795     
           5          21  0.96621677936064709     
          11          22  0.96381105531059486     
          13          23  0.95009222749445910     
