           1           2   1.0369213650406286     
           2           3   1.5920534325750360     
           3           4   1.0202745320545705     
           3           5   1.2282358620513274     
           2           6  0.11144387367943995     
           5           6   1.6516869298981478     
           2           7   1.1408176327005255     
           5           7  0.10090615819632029     
           6           7   1.1753970211769891     
           1           8  0.97550482615375989     
           1           9  0.97141693320250533     
           1          10  0.97167093936802917     
           4          11  0.98103811775301242     
           4          12  0.97373060272832745     
           4          13  0.97368016779754507     
           5          14  0.96507314718046167     
           6          15  0.97089712565778818     
