   -0.11946308
    0.15811917
   -0.11799540
   -0.29887853
    0.41020153
   -0.10474075
    0.07654268
   -0.04449300
   -0.03499297
    0.01649904
   -0.08126505
    0.30915512
   -0.18966491
   -0.19698264
   -0.03186899
   -0.03970963
    0.07448595
   -0.03828154
   -0.02677844
   -0.03123494
   -0.02668585
   -0.03404206
   -0.45772687
   -0.11847263
    0.04343317
    0.06747141
    0.04514308
    0.05221486
    0.05005264
    0.05171198
    0.04028644
    0.05491714
    0.07995454
    0.04499965
    0.06223927
    0.03982733
    0.04049825
    0.03934993
    0.03997224
    0.04219368
    0.04544009
    0.06690297
    0.04166514
