           1           2   1.8579001352125477     
           2           3   1.1357425138825736     
           3           4   1.5041501364844192     
           4           5   1.3020347218796844     
           5           6   1.0107507183754669     
           6           7  0.98771498504812405     
           7           8   1.0050736471584054     
           8           9   1.0093420151879029     
           9          10   1.0063711876998598     
          10          11   1.0202224768567929     
           5          12   1.4728481993564049     
          12          13   1.1351938477887724     
          13          14   1.8592207996046968     
           3          15   1.1405937557663797     
          12          15   1.1312608917395413     
           1          16  0.97806197165365871     
           1          17  0.97542909789641141     
           2          18  0.96456523605706557     
           4          19  0.96210277846162151     
           6          20  0.97118166307206555     
           6          21  0.96487756703576533     
           7          22  0.97480985299095790     
           7          23  0.97779374733594393     
           8          24  0.97392181952665569     
           8          25  0.97684720146229265     
           9          26  0.97500930381144313     
           9          27  0.97658684072958746     
          10          28  0.97828775367728016     
          10          29  0.97880064513789000     
          11          30  0.98575191740357893     
          11          31  0.98746633244517557     
          11          32  0.98766524678057277     
          13          33  0.96203084410308581     
          14          34  0.96914900032605722     
          14          35  0.97780673048594591     
