           1           2   1.0324464985747526     
           2           3   1.1718986719326847     
           3           4   1.2244513054407153     
           4           5   1.2018739579214921     
           5           6   1.5996041061305983     
           5           7  0.10904027512491216     
           6           7   1.2386983910000264     
           7           8   1.0625687747499009     
           7           9  0.13751065687818131     
           8           9   1.6598378278307926     
           4          10   1.3004329876247398     
           8          10   1.1242745770504630     
           2          11   1.5201461372845935     
          10          11   1.2493603919995726     
          11          12   1.0318777994098947     
           1          13  0.98367732853061629     
           1          14  0.96963417562070064     
           1          15  0.96963648513923850     
           3          16  0.93747641411145344     
           6          17  0.95625285520092240     
           7          18  0.93291867852324728     
          12          19  0.98134776870703411     
          12          20  0.97225822617901558     
          12          21  0.97225837683303573     
