           1           2  0.95628086216346453     
           2           3   1.1196310245038625     
           3           4  0.97916813419008286     
           4           5   1.3350471978131007     
           5           6   1.0570392033031473     
           6           7   1.0893979047455615     
           7           8   1.3618222775463407     
           8           9   1.4251250135873830     
           9          10  0.95006607052916381     
          10          11  0.94281000970075668     
          10          12  0.93876770174095570     
          10          13  0.95318699672627250     
           9          14   1.4076416044058511     
           8          15  0.10227442774653660     
          14          15   1.4198681010866319     
           7          16   1.3495671708371368     
          15          16   1.4676515262595329     
           6          17   1.0604020035243904     
          17          18   1.3567049031362441     
          18          19   1.4757759006493036     
          19          20   1.3592805579434111     
          20          21   1.1032242971261212     
          21          22   1.7227079119858433     
          22          23  0.97817814914359391     
          22          24  0.97446328385585690     
          20          25   1.3577806063992985     
          17          26   1.3545480597893906     
          25          26   1.4785801792275568     
           5          27   1.3729304831171063     
          27          28   1.4564089864339034     
          28          29   1.4207790061775016     
           4          30   1.4020927342271767     
          27          30  0.10394744760938585     
          29          30   1.4446409253135144     
           2          31  0.17179029876030269     
           3          31   1.7434663331678619     
           1          32  0.98144681504605691     
           1          33  0.97563143403104080     
           1          34  0.97634130982620293     
           8          35  0.96438228782838264     
          14          36  0.96739019456779396     
          15          37  0.96883071434703649     
          16          38  0.96636377103509807     
          18          39  0.96684412726317270     
          19          40  0.96747022515228864     
          21          41  0.95390304060626940     
          25          42  0.96654538333724815     
          26          43  0.96638105305053690     
          27          44  0.96669245141546400     
          28          45  0.96965652448884487     
          29          46  0.96929885708484187     
          30          47  0.96688997910079100     
