   -0.08563911
   -0.02903244
    0.01473211
   -0.04932401
    0.01264958
   -0.02937912
   -0.08598425
   -0.07420734
    0.14120224
   -0.28274297
    0.08632869
   -0.06597945
   -0.05987736
   -0.06522462
   -0.05682248
   -0.10173324
    0.35892118
   -0.36800041
   -0.37588213
   -0.06139341
    0.03798111
    0.03999505
    0.03624263
    0.04334204
    0.03268390
    0.04017764
    0.03766859
    0.02961173
    0.02841030
    0.02668952
    0.05154344
    0.05047265
    0.03764318
    0.02598589
    0.03846801
    0.04024750
    0.04913303
    0.05045205
    0.04541140
    0.06843239
    0.32068882
    0.04610772
