           1           2   1.9052548057375625     
           2           3   1.0868541510742156     
           3           4   1.3722542726671425     
           4           5   1.3997739578017350     
           5           6   1.0879664160976412     
           6           7   1.9041113249444921     
           5           8   1.3603255441805249     
           8           9   1.3867615410497183     
           9          10   1.0542498619925049     
          10          11  0.97028034973775190     
          11          12   1.0018404911201875     
          12          13   1.0075465664778709     
          13          14   1.0066535140498356     
          14          15   1.0090398032576842     
          15          16  0.98277014662736328     
          16          17  0.97067786040452697     
          17          18   1.8008428686384979     
          17          19   1.1138428770871294     
          18          19  0.16329522702132776     
           3          20   1.3930950282529873     
           9          20   1.3551399806990192     
           1          21  0.97810202139353675     
           1          22  0.97252306871552241     
           2          23  0.96447355888882524     
           4          24  0.96026098265848170     
           6          25  0.96436177818447433     
           7          26  0.97268671845877752     
           7          27  0.97816509440139821     
           8          28  0.96403010126024968     
          11          29  0.96643830311062429     
          11          30  0.96727270753198757     
          12          31  0.97446419351756619     
          12          32  0.97343557536242287     
          13          33  0.97639327095704898     
          13          34  0.97260492817198185     
          14          35  0.97456338050516478     
          14          36  0.97479404022075622     
          15          37  0.97115701964915702     
          15          38  0.97598540184474025     
          16          39  0.96866174522284776     
          16          40  0.96732321669060761     
          19          41  0.87024474909346738     
          20          42  0.96620798516780382     
