   -0.08250712
   -0.03372168
    0.09757742
   -0.04303536
   -0.01333222
   -0.03970359
    0.09041712
    0.09011150
   -0.03885446
   -0.01334808
   -0.04515324
    0.09096131
    0.09098970
   -0.04642622
   -0.01466816
   -0.04363424
    0.09836028
   -0.03319668
   -0.08176642
   -0.22040149
   -0.22062116
   -0.24390398
    0.04313909
    0.04194595
    0.05522715
    0.03664675
    0.03439660
    0.06534868
    0.05956961
    0.03551189
    0.03370906
    0.03295216
    0.03275875
    0.03758592
    0.06082415
    0.04194426
    0.04429677
