           1           2   1.0095218338092937     
           2           3   1.1849897123338440     
           3           4   1.3101173777137751     
           4           5   1.4967418853642553     
           5           6   1.3464854887352522     
           6           7   1.1103734881392617     
           7           8   1.7178358013472204     
           8           9  0.96946899764408323     
           8          10  0.96148976863211011     
           6          11   1.3463030959170050     
           3          12   1.3100197269747746     
          11          12   1.4985531089400295     
           2          13   1.0091771143862343     
           1          14  0.97662334053922861     
           1          15  0.98053143545357024     
           1          16  0.97406408373778319     
           4          17  0.96682885643169458     
           5          18  0.96882237490749135     
           7          19  0.95515855968353869     
          11          20  0.96805850600889887     
          12          21  0.96656310363154441     
          13          22  0.98066527396055914     
          13          23  0.97434347232422258     
          13          24  0.97675488431536439     
