   -0.08827897
   -0.02959284
    0.01160305
   -0.05221640
    0.01085490
   -0.02979108
   -0.08746552
   -0.06597784
    0.06375662
   -0.12325888
   -0.00148345
   -0.07711073
    0.26920970
   -0.07733454
   -0.00110231
   -0.33668777
    0.08121413
    0.08128390
   -0.33964133
   -0.06120078
    0.03352351
    0.03481616
    0.03285222
    0.03105167
    0.02923117
    0.03754705
    0.03322393
    0.02724291
    0.05156902
    0.05164983
    0.04618751
    0.04858559
    0.04471588
    0.05202188
    0.05086172
    0.04958161
    0.03279064
    0.04954654
    0.05065681
    0.03350484
    0.03205965
