$coord
    4.58986869313875   -1.30514169126992    0.05737572502259      c
    2.05394127074296   -0.09482385704232    0.04245537481384      c
    1.32977423741295    2.37285132949423    0.02486781352846      c
   -1.35164522308431    2.37313020249706    0.01714932394570      c
   -2.07641625070728   -0.09439323481094    0.03056729937945      c
   -4.61264396581291   -1.30418107700405    0.03084019265272      c
   -0.01142194292110   -1.60405086956229    0.04599367914567      o
    6.04475717363270    0.14130004694075    0.05219615997154      h
    4.82543913549841   -2.50528680709079   -1.59903362675122      h
    4.81606170567084   -2.48391231510016    1.73036277124838      h
    2.54294717328661    3.99285997741062    0.01818114582765      h
   -2.56442164367388    3.99339254792159    0.00348443022997      h
   -6.06717634789602    0.14257059353744    0.01814284036919      h
   -4.84838916194097   -2.48360061380918    1.70204362926315      h
   -4.83923840802476   -2.50358458674603   -1.62736212372909      h
$periodic 0
$end
