           1           2   1.9032846227728157     
           2           3   1.0836602820919961     
           3           4   1.2320949288289829     
           4           5   1.6363708141324396     
           5           6   1.1864166823072799     
           3           7   1.4676744460024573     
           6           7   1.1360908114073640     
           7           8   1.1183895091765692     
           8           9   1.1414914245982681     
           9          10   1.1803796730500611     
          10          11   1.6409562379303886     
           8          12   1.4577772057715255     
          11          12   1.2309454786598768     
          12          13   1.0983384905740576     
          13          14   1.8875216133084056     
           1          15  0.97780782107643560     
           1          16  0.97493633357625797     
           2          17  0.96150189575731648     
           4          18  0.96392087866360499     
           5          19  0.96953878128085136     
          10          20  0.96976352221197781     
          11          21  0.96138578023304933     
          13          22  0.96138701024706019     
          14          23  0.97466418277480027     
          14          24  0.97841547663337036     
