           1           2   1.9139508940537115     
           2           3   1.0782559683353676     
           3           4   1.3835104962010349     
           4           5   1.4549969378382743     
           5           6   1.4244039893097185     
           4           7  0.10405526572701426     
           6           7   1.4433092831974401     
           3           8   1.3401190072952358     
           5           8  0.10092604503546215     
           7           8   1.4011388544926566     
           8           9   1.0325911655725684     
           9          10   1.4033750911868270     
          10          11   1.4432163190907608     
           9          12  0.10050366807699662     
          11          12   1.4236799578207715     
          10          13  0.10402082902555922     
          12          13   1.4558131485679380     
           9          14   1.3344515216562449     
          13          14   1.3793007904111088     
          14          15   1.0873541722918396     
          15          16   1.7374654946160573     
          16          17  0.97751722734666413     
          16          18  0.97100862845350455     
           1          19  0.97806297465231484     
           1          20  0.97406347632008783     
           2          21  0.96012539502063798     
           4          22  0.96658050255744188     
           5          23  0.97071788939978765     
           6          24  0.97051351784436557     
           7          25  0.96896302072918616     
          10          26  0.96861275242868661     
          11          27  0.97032639846333213     
          12          28  0.97049987910012003     
          13          29  0.96768883218682400     
          15          30  0.94986105158403422     
