           1           2   1.8930092892500432     
           2           3   1.0888093781213084     
           3           4   1.3568938129216550     
           4           5   1.4290458010805784     
           5           6  0.97087069926944691     
           6           7   1.7839522365268725     
           6           8   1.1102352976974459     
           7           8  0.16375811636402696     
           5           9   1.3375441815996161     
           9          10   1.0825135605940530     
          10          11   1.9026079893851586     
           4          12  0.10042614647288582     
           9          12   1.3434446426228079     
           3          13   1.3570506371360604     
          12          13   1.4874727821889357     
           1          14  0.97754867269951884     
           1          15  0.97182749151888703     
           2          16  0.96520684762342368     
           4          17  0.96483902458159398     
           8          18  0.87184333508592493     
          10          19  0.95980854085912193     
          11          20  0.97113607247281208     
          11          21  0.97625609877376973     
          12          22  0.95999731409721223     
