$coord
    3.73034951834313   -1.02077742511996   -2.39374690119065      c
    4.55374879933353    0.19914871378350   -0.16640834682117      o
    5.98416901973992    2.36352798615435   -0.43252404538893      c
    5.12570832823695    4.47500498076258    0.87180564434811      c
    6.38965880779040    6.76883486936185    0.85700585618687      c
    5.40970228758922    8.91746036133523    2.42688794765171      c
    8.58124475268676    6.94452394368035   -0.60624364351612      c
   10.05501637077788    9.08692836446017   -0.80525504589576      o
    8.87155705986844   11.32980312239014   -1.63922697322638      c
    9.47011327271357    4.81773446788511   -1.86383033409853      c
    8.24720308060343    2.50262881625808   -1.78620305096297      c
    9.40647307944028    0.26346325239031   -3.08400929851144      c
    1.92403765558651   -1.90112020559319   -1.93192724169134      h
    5.04750347977765   -2.49298530957001   -3.00409604230654      h
    3.44931037936637    0.32618592120647   -3.93508115510997      h
    3.41648967606663    4.27193659342606    1.96826004999939      h
    4.12406661727082    8.20532426145819    3.86278983557196      h
    4.38355941043839   10.28066562223748    1.27195833812019      h
    6.96319727644888    9.88824553932529    3.36090905730598      h
   10.31196951782762   12.39354798669022   -2.66163650920239      h
    8.19313687818405   12.48137135163961   -0.06164839284492      h
    7.29839088717275   10.92653838619746   -2.91676509252763      h
   11.21577947471778    5.00125948161120   -2.90495336185877      h
   11.39983125102573    0.61507682200460   -3.43794943423831      h
    8.49350094540866   -0.10822950668114   -4.89345113075356      h
    9.23544682529506   -1.41386619858022   -1.90684321019890      h
$periodic 0
$end
