           1           2  0.97762039023683944     
           2           3   1.0169588106432175     
           3           4   1.3888479818265849     
           4           5   1.4228085538179029     
           5           6   1.0243416298679369     
           5           7   1.3522695221260621     
           7           8   1.0169416345514375     
           8           9  0.97764622759200392     
           4          10  0.10066884785795603     
           7          10   1.3894046798456381     
           3          11   1.3528228283141270     
          10          11   1.4222373101429961     
          11          12   1.0243164133430014     
           1          13  0.97928042467310439     
           1          14  0.97583553739744389     
           1          15  0.98257381348423611     
           4          16  0.96525677463677073     
           6          17  0.98295825881969856     
           6          18  0.96852247234013988     
           6          19  0.97690447237204381     
           9          20  0.97926372629391123     
           9          21  0.97585610689545998     
           9          22  0.98256704035162390     
          10          23  0.96525977077233516     
          12          24  0.98292775136630695     
          12          25  0.96852663574039077     
          12          26  0.97694238172617620     
