           1           2   1.9042824885614642     
           2           3   1.0808482182515367     
           3           4   1.3426868459536196     
           4           5   1.4669506714676859     
           5           6   1.3965075177567892     
           6           7  0.97921152335839945     
           7           8   1.2310335591950925     
           7           9   1.6938060437343114     
           8           9  0.20014517129132633     
           6          10   1.3208145931971622     
          10          11   1.0748253804547196     
          11          12   1.9064868996285846     
           3          13   1.3934877055704342     
          10          13   1.3992125558030799     
           1          14  0.97727199234056905     
           1          15  0.97229326307865904     
           2          16  0.96270812821604790     
           4          17  0.96483674147092757     
           5          18  0.96630917802085292     
           8          19  0.94733640872203451     
           8          20  0.94190788556574956     
          11          21  0.96255018844178497     
          12          22  0.97228638300780623     
          12          23  0.97778576694429775     
