           1           2   1.8979770559903169     
           2           3   1.0866883137938816     
           3           4   1.3601934808772307     
           4           5   1.4272294570525581     
           5           6  0.97852702008065007     
           6           7   1.7813605544335467     
           6           8   1.1112590342581090     
           7           8  0.16470773967877048     
           5           9   1.3321765281872495     
           9          10   1.0940381319717292     
          10          11   1.8971923460764057     
           9          12   1.3377860244186155     
           3          13   1.3553514791221652     
          12          13   1.4902715864683771     
           1          14  0.97697282587821466     
           1          15  0.97224768003767570     
           2          16  0.96181479462974651     
           4          17  0.95884652775779822     
           8          18  0.86990884901370591     
          10          19  0.95744965152200223     
          11          20  0.97347576274790715     
          11          21  0.97715326547837367     
          12          22  0.95756690701334002     
