           1           2   1.9007562191064231     
           2           3   1.0898909791034064     
           3           4   1.3883456300368393     
           4           5   1.3888134282037279     
           5           6   1.0893865260595892     
           6           7   1.9013617895458372     
           5           8   1.3203330079911737     
           8           9  0.98158004765254703     
           8          10   1.3527735836575272     
          10          11  0.98669459952285021     
           3          12   1.3203438342036529     
          10          12   1.3527322966620408     
          12          13  0.98156591578203400     
           1          14  0.97675241031222459     
           1          15  0.97186699621491435     
           2          16  0.96202581507812535     
           4          17  0.95677033837847580     
           6          18  0.96191437920826395     
           7          19  0.97193421477771424     
           7          20  0.97674915609892088     
