           1           2   1.9093698087649431     
           2           3   1.0916041967236410     
           3           4   1.5427956410775105     
           4           5   1.1355325212940410     
           4           6  0.13940599823898905     
           5           6   1.1358381905441766     
           3           7   1.1960679483747079     
           6           7   1.5430774749765181     
           7           8   1.0903589764202106     
           8           9   1.9097859770275263     
           1          10  0.97836701985124697     
           1          11  0.97287986845947538     
           2          12  0.96227683742173753     
           4          13  0.96665856003149220     
           6          14  0.96596780621858491     
           8          15  0.95893001668592148     
           9          16  0.97664534816269455     
           9          17  0.97844011262168895     
