           1           2   1.8905785233065913     
           2           3   1.1069684874312740     
           3           4   1.2942040809424558     
           4           5   1.0286342593890552     
           4           6   1.4811400745452044     
           6           7   1.1925081215686946     
           7           8   1.0052065406015400     
           3           9   1.3581824213498619     
           6           9  0.12943467500457312     
           7           9   1.2376768909704907     
           9          10   1.1024087828381388     
          10          11   1.8888647208544436     
           1          12  0.97907975248652057     
           1          13  0.97396435906779466     
           2          14  0.96144950141335850     
           5          15  0.97175343496000632     
           5          16  0.97231815305852498     
           5          17  0.98379261647907812     
           8          18  0.97688571055248496     
           8          19  0.97006723595279853     
           8          20  0.97397003398395676     
          10          21  0.95506814500861448     
          11          22  0.97487341484507162     
          11          23  0.97851920094375855     
