$coord
   27.80581764652192    5.29646369709830    1.74421537094842      c
   27.15453673582122    4.39759444148926    4.40271812535807      c
   28.20346050360494    1.77328275983308    5.00260536734344      c
   26.97585257537272   -0.33266980812943    3.45816471886822      c
   28.03328967583720   -2.92049756939571    4.16939820045739      c
   27.02072496332051   -5.06574346324586    2.51884423999414      c
   24.18154086613817   -5.55214909402873    2.76047883196022      c
   23.40648582205857   -6.26740614772514    5.44587887651182      c
   20.68493180986690   -7.21665197114438    5.57726601415829      c
   19.81281951952521   -7.81361015284479    8.27599084666569      c
   21.06842293464358   -9.91448496037860    9.33268472033600      o
   23.44644661875736   -9.64782848315353   10.33758548964426      c
   24.38216550570164   -7.45089440168395   11.43181559774640      c
   26.79879384670075   -7.33345078768624   12.42028332986494      c
   27.80829492803766   -4.95048712505003   13.56653852827113      c
   28.33150396009155   -9.48869187273758   12.34605798454520      c
   30.69156170636310   -9.21176106421030   13.37284699473576      o
   32.51581923259230  -11.11630097050254   13.00271624660548      c
   33.49233852384047  -11.22975450528365   10.28125070068668      c
   34.83681721113116   -8.78530966733112    9.54231598783387      c
   35.69143485199124   -8.75855488541689    6.78044923265651      c
   33.52576966126104   -8.22763147015672    4.94613089438787      c
   34.24875458989188   -8.60915997712224    2.17242101950875      c
   36.44715881300240   -6.97958525978411    1.23563072020162      c
   35.98250302586953   -4.12872111323961    1.32534895192430      c
   33.96944297252458   -3.23605154094854   -0.53963233553375      c
   33.68230954836789   -0.37089397151712   -0.50037341421105      c
   27.37374942754027  -11.70466220497002   11.31899361160090      c
   24.95791521791310  -11.81523226265100   10.31300408882028      c
   23.94392411264533  -14.21147372274700    9.19849982005317      c
   27.16899574812844    7.23160023055493    1.46949605325644      h
   26.90119991838007    4.12073206652495    0.32397929876514      h
   29.83864408214054    5.23389139571859    1.44184857850850      h
   25.10340895569186    4.38393505143582    4.63901456374574      h
   27.92934280781549    5.74164605517148    5.76594889403439      h
   27.90729580800655    1.38148336643730    7.00940602015448      h
   30.24142201861450    1.77121717780075    4.66755919420703      h
   27.31291076775746   -0.01091643654370    1.44942997971187      h
   24.93849575245781   -0.29164790114111    3.77682807263594      h
   27.63563921103204   -3.32046668023996    6.15321759641334      h
   30.08632840528472   -2.86237267445171    3.95790815522255      h
   28.02423932371053   -6.80046982100560    3.01915166473387      h
   27.44747160676451   -4.64274856786816    0.54157507079114      h
   23.68384746847816   -7.09932073452959    1.48502505696527      h
   23.12364966126780   -3.89044779966619    2.14919327527269      h
   23.60439406521133   -4.62874086932239    6.68157074183092      h
   24.67956517610040   -7.73691564727959    6.13578935827002      h
   20.49610427753356   -8.92579172312023    4.43574252092782      h
   19.41262921347127   -5.78758779338879    4.80107673392832      h
   17.82107935518954   -8.37144687488290    8.23947538117310      h
   19.98594385649724   -6.13207934061853    9.47009828109817      h
   23.23007606136925   -5.77015644980944   11.52236590361874      h
   26.41668046474085   -3.44222634031283   13.48167784271116      h
   29.51109543119749   -4.35443852689346   12.57565499202679      h
   28.32944142131091   -5.27745547197177   15.52973023892249      h
   31.78651764770379  -12.96634268906094   13.59446339172354      h
   34.05957203992866  -10.59650302779007   14.27668161611349      h
   31.90351195721951  -11.55966452171556    9.01039716347592      h
   34.79228308245645  -12.82403173156069   10.11780936109227      h
   36.48338208097426   -8.54760786635494   10.76595133309401      h
   33.56939937914436   -7.19347462093606    9.88479190298092      h
   36.55653681789065  -10.57631335507147    6.31941566737371      h
   37.13413300273982   -7.30244177225897    6.55535050564229      h
   32.84873828130915   -6.30254806187429    5.24045312675902      h
   31.94999979538461   -9.49364103877851    5.36563475143479      h
   32.58779630524558   -8.24515381195673    1.00379488132835      h
   34.76670875851281  -10.59056944980877    1.89841398593352      h
   36.85687851161551   -7.51599943917530   -0.71720206734207      h
   38.12712846355004   -7.41460813447153    2.35083902589823      h
   37.75835593941526   -3.17018587554576    0.88131405927313      h
   35.44659964322073   -3.56643369435188    3.23599174817534      h
   32.15744933721860   -4.10193714814275   -0.07661777664878      h
   34.49013688078331   -3.84563299090157   -2.44264232963507      h
   33.15719920840438    0.27386856321241    1.37959505339481      h
   32.22640512401936    0.23270971285376   -1.81976814300409      h
   35.44929542086477    0.54198873165519   -1.02291988302459      h
   28.50040077313233  -13.40431430432945   11.27915512483558      h
   25.40705192860332  -15.64812401882231    9.07707713504228      h
   23.18455827622202  -13.85196876555662    7.32056662050873      h
   22.39851097150818  -14.92708411918828   10.35406519823142      h
$periodic 0
$end
