   -0.08714554
   -0.03078501
    0.02351964
   -0.05878641
   -0.00685847
   -0.05597053
   -0.05361245
   -0.05741639
   -0.05783565
   -0.05776126
   -0.05802821
   -0.05278022
   -0.10168544
    0.01657501
   -0.03054648
   -0.08893284
   -0.05166826
    0.03988613
    0.04755952
    0.03858018
    0.03207079
    0.03821199
    0.03436400
    0.02905651
    0.03205710
    0.03481440
    0.02949497
    0.02691554
    0.02817530
    0.03212496
    0.02905885
    0.02826448
    0.03162713
    0.02822663
    0.02777862
    0.03424168
    0.03075073
    0.03317032
    0.03989499
    0.04576872
    0.03762501
