$coord
   -4.73793618912673   -1.49967340674320   -0.15865097870588      c
   -2.27866286383300   -0.11791261403199    0.13445908324166      c
   -2.26549825611730    2.43873684767189    0.67062715972759      c
   -0.00222061454333    3.72584752488883    0.92538498156301      c
   -0.23351506717281    6.34471960782085    1.45693805743702      o
    1.75549282673506    7.65006402933710    2.12793901977836      c
    3.03169378663264    6.70212210280441    4.11994847640728      f
    3.50915255589469    7.94788275550971    0.29921594297637      f
    1.03760599615815    9.97250807299002    2.78403562431911      f
    2.27629123960365    2.48753897448099    0.63829255575407      c
    2.30767742190291   -0.07940783756561    0.10781860852162      c
    4.78791110190163   -1.41737035758222   -0.21062287323404      c
    0.02718865566767   -1.40615023968012   -0.13623170768850      c
    0.04479536116728   -3.93667874014839   -0.78035149790085      n
   -6.31359654169475   -0.20478412951129    0.06714493696684      h
   -4.92389324575267   -2.98651542473341    1.25778638614425      h
   -4.86378630693815   -2.36362537224630   -2.02302829852873      h
   -4.00899860723037    3.46691739261830    0.89373354804673      h
    4.05305654496228    3.46892687449377    0.81582012490138      h
    6.34365742651187   -0.09180352342058   -0.02601156392353      h
    4.90156255158862   -2.30123539730287   -2.06664009796212      h
    5.02493397391167   -2.88214298511049    1.22171420214834      h
    1.65366349244468   -4.87915587713942   -0.40612348601137      h
   -1.53765224171367   -4.91083887070173   -0.37614641909839      h
$periodic 0
$end
