           1           2   1.0254349303493495     
           2           3   1.4398249187555061     
           3           4   1.3792564963317346     
           4           5  0.89531348482294182     
           5           6   1.0861821792274076     
           6           7  0.91588181826112380     
           6           8  0.91253455182408394     
           6           9  0.94508078057809997     
           4          10   1.4050385370002181     
          10          11   1.4167177817282619     
          11          12   1.0258761588690757     
           2          13   1.3169132491249187     
          11          13   1.3319433110887402     
          13          14   1.1616791489472678     
           1          15  0.98372563628617260     
           1          16  0.96915548074520808     
           1          17  0.97201545371553277     
           3          18  0.96406143415460310     
          10          19  0.96370407156452276     
          12          20  0.98335737637748311     
          12          21  0.97209652335379670     
          12          22  0.96893494969573957     
          14          23  0.94832554034072292     
          14          24  0.94836662867659893     
