           1           2   1.8960111445162537     
           2           3   1.0951405986902256     
           3           4   1.3614712971092664     
           4           5   1.4778550701919699     
           5           6   1.3685161133878214     
           6           7   1.0795845302047833     
           7           8   1.9135973949113556     
           6           9   1.3468541861871532     
           9          10  0.97837613353525588     
          10          11   1.0438318599366287     
          11          12   2.8459041559129128     
           3          13   1.3693846179746338     
           9          13   1.4442921338810129     
           1          14  0.97817764484873038     
           1          15  0.97277360875590291     
           2          16  0.96432919242587412     
           4          17  0.96514108022482947     
           5          18  0.96675962979978758     
           7          19  0.95759394691408595     
           8          20  0.97446809232404785     
           8          21  0.97784726972656100     
          10          22  0.93153714253653308     
          10          23  0.94322412440951009     
          13          24  0.96514539038324032     
