           1           2   1.0234312551323210     
           2           3   1.6155216898717262     
           3           4   1.1673720073327316     
           3           5  0.11164258062111951     
           4           5   1.1465497951502528     
           5           6   1.0340517402430272     
           2           7   1.2096863279784316     
           5           7   1.5895994475852775     
           7           8   1.0218808082855098     
           1           9  0.98585151732633380     
           1          10  0.97168185358990455     
           1          11  0.97168757247983928     
           3          12  0.97034064677072585     
           6          13  0.98409591364815086     
           6          14  0.97029738122452658     
           6          15  0.97029474757131418     
           8          16  0.98458823067052015     
           8          17  0.97228216417083657     
           8          18  0.97228575634485459     
