           1           2   1.9068741177752262     
           2           3   1.0788171120478884     
           3           4   1.3562276741279178     
           4           5   1.4554131273288271     
           3           6  0.10051059525114581     
           5           6   1.4411563992777754     
           4           7  0.10197832110982989     
           6           7   1.3674193352791841     
           7           8   1.0235745082132688     
           8           9   1.3674214412840890     
           9          10   1.4411634777468303     
           8          11  0.10197677891710831     
          10          11   1.4554057303943468     
           9          12  0.10051095238216581     
          11          12   1.3562322412389691     
          12          13   1.0788191066880848     
          13          14   1.9068717092642780     
           8          15   1.4143792711106276     
          12          15   1.3872154809653738     
           3          16   1.3872221966032607     
           7          16   1.4143856568551092     
           1          17  0.97743965807055699     
           1          18  0.97243418037559126     
           2          19  0.96242336568328635     
           4          20  0.96613460764217729     
           5          21  0.96951358348542360     
           6          22  0.96860716123835666     
           9          23  0.96860856827733777     
          10          24  0.96951473430052637     
          11          25  0.96613631361395080     
          13          26  0.96242247396411273     
          14          27  0.97243734751273148     
          14          28  0.97744106056230884     
