           1           2   1.9046487472616609     
           2           3   1.0881196611839654     
           3           4   1.3691988967335504     
           4           5   1.4021034771040060     
           5           6  0.96080248019110115     
           5           7   1.4054258583075951     
           7           8   1.3635850132453435     
           8           9   1.0961358728777575     
           9          10   1.7271189072384276     
          10          11  0.98576100600548611     
          10          12  0.97854707420248521     
           3          13   1.3882660945939373     
           8          13   1.3866859684553765     
           1          14  0.97734684603344935     
           1          15  0.97220294483802994     
           2          16  0.96370132962526511     
           4          17  0.96472414618531810     
           7          18  0.96313271526647759     
           9          19  0.95391964965494647     
          13          20  0.96237829473309355     
