           1           2   1.0258197396570212     
           2           3   1.3986565448320716     
           3           4   1.0244046995542662     
           3           5   1.3860246383241357     
           5           6   1.4584573745620713     
           3           7  0.10725378265576060     
           6           7   1.4158803311510306     
           2           8   1.3973920571445384     
           5           8  0.11176633806962132     
           7           8   1.4512178127098494     
           1           9  0.97771781120195500     
           1          10  0.97098796949669652     
           1          11  0.97103386215163612     
           4          12  0.97767896745207894     
           4          13  0.97238829259926729     
           4          14  0.97250842157221529     
           5          15  0.96276849868765169     
           7          16  0.96444536078825049     
           8          17  0.96928501999781969     
