           1           2   1.8978902300797835     
           2           3   1.0930853395690299     
           3           4   1.3580994346395707     
           4           5   1.4734240154673681     
           5           6   1.3735783811252322     
           6           7   1.0698041704550714     
           7           8   1.9120315857390322     
           6           9   1.3344293686649089     
           9          10  0.98905347474280425     
          10          11   1.7708949214985044     
          10          12   1.1100805212368621     
          11          12  0.16229290976100258     
           3          13   1.3794581582835570     
           9          13   1.4160294096216401     
           1          14  0.97767514095012253     
           1          15  0.97235186512803651     
           2          16  0.96384246297257636     
           4          17  0.96447941071339627     
           5          18  0.96644401691178161     
           7          19  0.95633706699820431     
           8          20  0.97451096178129593     
           8          21  0.97722854581912855     
          12          22  0.86206239574758670     
          13          23  0.96322634332302648     
