           1           2   1.8763390464822054     
           2           3   1.1085255770301958     
           3           4   1.4365181302279355     
           4           5   1.3705357135360947     
           5           6   1.4540760381761715     
           6           7   1.1075070257790449     
           7           8   1.8696331114559417     
           6           9   1.1767699130316212     
           9          10   1.3873286457049090     
          10          11   1.4389145630371154     
          10          12  0.16991491776789863     
          11          12   1.4384350327842681     
           3          13   1.2057952724573229     
           9          13   1.1773266711827690     
          12          13   1.3789041353859492     
           1          14  0.97773361263626968     
           1          15  0.97323334036497422     
           2          16  0.96303403822865086     
           4          17  0.95759917784473092     
           7          18  0.96167224156811737     
           8          19  0.96639282587186337     
           8          20  0.97729038137797541     
