   -0.09380930
   -0.02682619
   -0.02130003
   -0.01760009
   -0.14962397
    0.55666718
   -0.10803173
   -0.10711363
   -0.10759429
   -0.10536878
   -0.10952609
   -0.10707280
   -0.10873029
   -0.10911030
   -0.10734379
   -0.01698416
   -0.02078017
   -0.02674649
   -0.09340733
    0.02625445
    0.03866961
    0.02294560
    0.02114893
    0.02919516
    0.03167568
    0.03086455
    0.03545407
    0.02625010
    0.03725709
    0.02833833
    0.02572475
    0.03398438
    0.03217129
    0.03650157
    0.02966809
    0.03666278
    0.02889911
    0.03223749
    0.02893306
    0.03298941
    0.03846079
    0.03269550
    0.03589567
    0.02545223
    0.01369412
    0.02274694
    0.03906242
    0.02646909
