           1           2   1.9066867968600865     
           2           3   1.0793109943750021     
           3           4   1.3552012081880347     
           4           5   1.4515504720789654     
           5           6   1.4455513468246528     
           6           7   1.3617680069449565     
           7           8   1.0432603634208579     
           8           9   1.3617699267787347     
           9          10   1.4455496928471527     
          10          11   1.4515514166679715     
          11          12   1.3552002384794410     
          12          13   1.0793091341743730     
          13          14   1.9066883955159066     
           8          15   1.4009550716650352     
          12          15   1.3891477140991908     
           3          16   1.3891448171973504     
           7          16   1.4009572740568048     
           1          17  0.97754621482000470     
           1          18  0.97245815376369649     
           2          19  0.96324387043729887     
           4          20  0.96618022100959855     
           5          21  0.96942443442127324     
           6          22  0.96573033220600901     
           9          23  0.96573152244824811     
          10          24  0.96942475965314157     
          11          25  0.96618108369418576     
          13          26  0.96324358316528025     
          14          27  0.97245879165988525     
          14          28  0.97754590702755095     
