           1           2   1.8897694052082228     
           2           3   1.1004915611327510     
           3           4   1.3632126148124610     
           4           5   1.4316114951904935     
           5           6   1.0035205474138245     
           6           7  0.97038438490166323     
           5           8   1.3196249836898652     
           8           9   1.0898316261509864     
           9          10   1.9012628340925986     
           8          11   1.3717110797764693     
           3          12   1.3226500182819516     
          11          12   1.4291980769739983     
          12          13  0.95691877548278514     
           1          14  0.97800512413998530     
           1          15  0.97268920130596170     
           2          16  0.96345670135591099     
           4          17  0.96424204607296049     
           7          18  0.97973358156678914     
           7          19  0.97991739189595828     
           7          20  0.97865556902999340     
           9          21  0.96197037283252806     
          10          22  0.97173506619450856     
          10          23  0.97783513009382583     
          11          24  0.96397666027678075     
