$coord
    2.08997292682885   -0.54627988265285    0.34633575540160      c
    4.97805406744770   -0.45367286909183    0.23573032516715      c
    5.87905190699882   -0.44131737199233   -2.46154595814338      c
    6.01142819295720    1.85448411003233   -3.72804986443840      c
    6.75231622853556    2.02299105430111   -6.23328724349679      c
    6.88074061850062    4.51729533768673   -7.57098289840593      c
    7.38207040356504   -0.19420737521843   -7.48868106645814      c
    7.25893664720493   -2.48948702923188   -6.25334578774807      c
    6.50532517042239   -2.65914560118831   -3.74370867383171      c
    6.40273800507840   -5.19637340989618   -2.47938338163956      c
    1.44199072759004   -0.55033848048504    2.29731163910755      h
    1.38293428266167   -2.23977870245942   -0.58171003068821      h
    1.28680690031923    1.08698215194500   -0.61005408489435      h
    5.75382821473051   -2.06554072864469    1.25668444742764      h
    5.62716490937889    1.26545645447273    1.17753438932104      h
    5.52063649322332    3.56228560219546   -2.71658379619709      h
    6.31990650615344    6.05188861555407   -6.32548485535975      h
    5.63780154867965    4.51544539946401   -9.21237311253756      h
    8.79627077741997    4.87714997531565   -8.23500884249103      h
    7.97173369581373   -0.11847112974049   -9.44273215435106      h
    7.75695407666643   -4.19593850803159   -7.26127946136762      h
    6.87089140552993   -6.68281551460625   -3.81910600280820      h
    4.52605692005607   -5.57142324175749   -1.72367345776302      h
    7.74658661854369   -5.28927445223852   -0.92060462441657      h
$periodic 0
$end
