           1           2   1.0016855200063031     
           2           3   1.0109776540890214     
           3           4   1.4162802459872110     
           4           5   1.4214528686648815     
           5           6   1.0234550256340675     
           3           7  0.10760263395117342     
           5           7   1.4017355847878319     
           4           8  0.10472240455436692     
           7           8   1.4527118545839064     
           3           9   1.3870762987180620     
           5           9  0.10355486410790145     
           8           9   1.4101581442159934     
           9          10   1.0239983507788237     
           1          11  0.98669619344836512     
           1          12  0.98744885304339358     
           1          13  0.98833608184104016     
           2          14  0.97261780398278286     
           2          15  0.97393057310794295     
           4          16  0.96671850773637158     
           6          17  0.98618552788596792     
           6          18  0.97414079750646232     
           6          19  0.97395471944341150     
           7          20  0.97033562570783505     
           8          21  0.96855762332960138     
          10          22  0.98506918281384370     
          10          23  0.97367883856433868     
          10          24  0.97071844654665840     
