           1           2   1.8972695864787514     
           2           3   1.0937789105383195     
           3           4   1.3649901885534621     
           4           5   1.4599840089145180     
           5           6   1.3645048826474226     
           6           7   1.0798538265851925     
           7           8  0.98182449583936837     
           6           9   1.2897024312009608     
           9          10   1.0710798411138118     
          10          11   1.7504619651253914     
          11          12  0.98817167143309836     
          11          13  0.96782588016262239     
           3          14   1.3731742138830791     
           9          14   1.4178625810999623     
           1          15  0.97822350000232505     
           1          16  0.97299316395783031     
           2          17  0.96445852210178906     
           4          18  0.96558746237978554     
           5          19  0.96469144132741380     
           8          20  0.97884172630016009     
           8          21  0.97601456637606443     
           8          22  0.97606970482125210     
          10          23  0.95203559952422279     
          14          24  0.96607737205687572     
