           1           2   1.9057432312448572     
           2           3   1.0847730598971175     
           3           4   1.3638299264692315     
           4           5   1.3891677176781143     
           5           6   1.0865032014044740     
           6           7   1.9058598445040738     
           5           8   1.3696579606043147     
           8           9   1.3790074064732198     
           9          10   1.0624187017798792     
          10          11  0.96807095555056588     
          11          12  0.99670788140122779     
          12          13   1.0080927863428715     
          13          14   1.0065975817151924     
          14          15   1.0059012316080571     
          15          16  0.98466366922097781     
          16          17  0.96882948012122316     
          17          18   1.7924293343823596     
          17          19   1.1247007987268218     
          18          19  0.16408043199662761     
           3          20   1.3888986289841108     
           9          20   1.3539677244121908     
           1          21  0.97761709921279327     
           1          22  0.97238163129985444     
           2          23  0.96390235835717886     
           4          24  0.96571141361223378     
           6          25  0.96360925060530644     
           7          26  0.97263103007651996     
           7          27  0.97779787720913014     
           8          28  0.95901493811506278     
          11          29  0.96907456198055386     
          11          30  0.96619889920771551     
          12          31  0.97452127378157649     
          12          32  0.96895872424112794     
          13          33  0.97615593891358599     
          13          34  0.97652451978556443     
          14          35  0.97196817888014864     
          14          36  0.97671028690048423     
          15          37  0.97735767185209466     
          15          38  0.97093571822017888     
          16          39  0.96255049273400550     
          16          40  0.97344279676318690     
          19          41  0.85131612192026940     
          20          42  0.96250561907334831     
