           1           2   1.9017202045404571     
           2           3   1.0877065157880381     
           3           4   1.2447338782669837     
           4           5   1.5100966442014512     
           5           6   1.1013293199836429     
           6           7   1.8819922937404487     
           5           8   1.1469071781104245     
           8           9   1.0129102949515481     
           9          10   1.7217074252098674     
           9          11   1.1341443092913666     
          10          11  0.16739979857033296     
          11          12  0.87851560115529537     
          12          13  0.99654220625649326     
          12          14  0.99610170971133183     
          12          15  0.99645571498511565     
           3          16   1.5011841014656575     
           5          16  0.11878439427531866     
           8          16   1.1539697699417604     
           1          17  0.97756564727371975     
           1          18  0.97316690863787148     
           2          19  0.96351685709320722     
           6          20  0.95713611073188010     
           7          21  0.97214542938666815     
           7          22  0.97735416484252902     
          13          23  0.98461574241973637     
          13          24  0.97944232417706067     
          13          25  0.98245679228835991     
          14          26  0.98389829220892633     
          14          27  0.98293412770786470     
          14          28  0.98386628445126678     
          15          29  0.97929786902242011     
          15          30  0.98460591329690705     
          15          31  0.98245528484525380     
