$coord
    2.28797732573036    0.38996715602523    1.28636049897705      c
    3.85962797902144   -0.56953972788504   -0.41651073498743      c
    5.24607374571415    0.81077206144636   -2.36209691232288      c
    7.35709324444378   -0.32731450495195   -3.46539122311445      c
    8.74080672787066    0.87065695618774   -5.32630522019057      c
    8.05845562741067    3.25671144589319   -6.13775850985404      c
    5.98006014079364    4.47953132939685   -5.07929704475208      c
    5.29589570552946    7.00728662811017   -5.96322959601989      c
    4.48429006502490    8.88806002743268   -4.52949919768583      c
    4.21717673724448    8.89748147536767   -2.04572024510228      f
    3.90589290640992   11.16222867317453   -5.43498013210797      f
    4.59252768618867    3.21334833197755   -3.23251173473503      c
    2.47119182237491    4.33222738207925   -2.37510796283047      f
    1.38075632512638   -0.80871042359480    2.65839699061357      h
    1.84533716635480    2.36952574094367    1.39765822453616      h
    4.25953394869513   -2.57693603406750   -0.38980444428453      h
    7.90329559245474   -2.19005255894414   -2.83603994762032      h
   10.35528426492239   -0.06104933295228   -6.15349319042766      h
    9.13562914435983    4.20558214670477   -7.58606532240871      h
    5.52604352890261    7.39948898408803   -7.95149836486554      h
$periodic 0
$end
