$coord
    4.44346766001612   -0.18933259455685    0.85822960246025      c
    1.67279876173369   -0.11150836756008    0.28443728433762      c
    0.34999723830455   -2.30633314610261   -0.33231828830161      c
   -2.20622146290983   -2.12890892380496   -0.85515870071636      c
   -3.36051701187364    0.21510559136151   -0.75274760753703      c
   -1.89223851473367    2.30967292357122   -0.12359091926616      c
   -3.01338902358272    4.84680492793560   -0.00168328821554      c
   -1.54937061940249    6.93579713500579    0.65580241627581      c
   -2.69439791011473    9.28527852109032    0.72902497992629      c
   -5.23752566299726    9.47334075872913    0.14937622466928      c
   -6.55854683311080    7.28242295093590   -0.48496196452143      c
   -9.31074692016212    7.37649858917626   -1.14049383754350      c
   -5.46212998599042    5.03979372388369   -0.55239734183250      n
    0.56678710809058    2.12520321627511    0.38268867125723      n
    4.83002256990289   -1.54296013921914    2.35751248240512      h
    5.08029679424494    1.67223851635834    1.43897498249939      h
    5.49744314827835   -0.76838613376565   -0.81157019173559      h
    1.31739595435221   -4.10165885375371   -0.39569157128864      h
   -3.28359366466439   -3.79655100269699   -1.33680683527413      h
   -5.34219256053686    0.47178627699246   -1.14175228210081      h
    0.42245981775040    6.67019393975907    1.08645550442198      h
   -1.62010864220299   10.94912727181219    1.23001422593967      h
   -6.19626754097000   11.27409024467194    0.18173083553494      h
  -10.37587879133550    8.30378316985484    0.35584747259987      h
  -10.02311132749713    5.46969524879467   -1.40688475209319      h
   -9.58785047537759    8.44510731709562   -2.87862318332079      h
$periodic 0
$end
