           1           2   1.0301623577203636     
           2           3   1.3668457066110529     
           3           4   1.4715568690140355     
           4           5   1.3646762577396387     
           5           6   1.0743599066433629     
           6           7   2.8148298626582773     
           5           8   1.3285681726940721     
           8           9   1.0306849795210240     
           2          10   1.4204869798392838     
           8          10   1.4192650431810021     
           1          11  0.98496139965025653     
           1          12  0.96884890894598186     
           1          13  0.96883182819453451     
           3          14  0.96008296798623805     
           9          15  0.98124354588757345     
           9          16  0.96801459067348772     
           9          17  0.96802808879245972     
          10          18  0.96638074169262322     
