$coord
    3.60579150007699   -9.25959030751318   -3.13186037534974      f
    5.87371510091839   -8.18706825774123   -2.93516307314233      c
    7.61075511914385   -9.80884233801295   -3.73963082885958      f
    6.21620519793450   -5.86409955338218   -2.06264367883356      c
    8.56920815133812   -4.48371258204399   -1.75617539183024      c
    8.44497606669541   -1.98773774911370   -0.89964492891970      c
   10.60389549479438   -0.56954782146811   -0.56307601739184      c
   12.96378581768742   -1.61531422111364   -1.07867311141725      c
   15.17928557521535   -0.18054550808325   -0.73572491647448      n
   17.01100615928289   -0.94050272956030    1.00937788183167      c
   19.22519727405542    0.48772725835941    1.27261988605684      c
   19.66256512841047    2.64455827048104   -0.09999014650520      o
   17.83815630086311    3.37729482620361   -1.79164299976566      c
   15.60440565086555    2.00301456952444   -2.15979164037468      c
   13.92866336745337    2.82490579471524   -4.00566397675286      c
   14.41238302579614    4.99834464807779   -5.38774691639198      c
   16.58671070958677    6.37399347406576   -4.96473754078983      c
   18.30934663282044    5.54479676304143   -3.17152071004863      c
   21.06925389856580   -0.22019027974796    2.98218907060429      c
   20.73644171333349   -2.34093499768897    4.48630406822462      c
   18.53243866667237   -3.72061807532070    4.29044988325173      c
   16.67913297599156   -3.02149098620797    2.57473147587691      c
   13.10801965440663   -4.10102716516424   -1.93280561013101      c
   10.94509539093533   -5.51692420404178   -2.26519915358512      c
    4.50865724140916   -4.88349106396528   -1.52203797436984      h
    6.62611565727870   -1.16033444627272   -0.48365368097538      h
   10.48201438330793    1.35185053993219    0.11338382658283      h
   12.23845782342715    1.74939692496241   -4.38242350017179      h
   13.07139644084349    5.59560261665809   -6.80329407208493      h
   16.96855009003828    8.07010952772972   -6.02825843421464      h
   20.04581730589153    6.55167848359402   -2.82105667003146      h
   22.75103869782867    0.92262433779839    3.11430742028567      h
   22.18858059368734   -2.88222368308177    5.80989598408153      h
   18.22647122789216   -5.35239826723813    5.47456531718907      h
   14.95213952113817   -4.09901210820460    2.46509499817703      h
   14.93477466229356   -4.91211434488058   -2.34479271573292      h
   11.11567344879856   -7.43190484787627   -2.93487264053492      h
$periodic 0
$end
