           1           2   1.8998735943298151     
           2           3   1.0855505323854651     
           3           4   1.3157912567144494     
           4           5   1.5218783859830216     
           5           6   1.3157961301222934     
           6           7   1.0855342885383443     
           7           8   1.8999000333791445     
           6           9   1.3996139547684256     
           3          10   1.3996132649808932     
           9          10   1.4225279846748002     
           1          11  0.97723124186065868     
           1          12  0.97242966954010968     
           2          13  0.96190288993746609     
           4          14  0.96455974139903577     
           5          15  0.96456413229656635     
           7          16  0.96190602198427966     
           8          17  0.97243336339975039     
           8          18  0.97722702135245831     
