           1           2   1.8562221929366867     
           2           3   1.1349548919902053     
           3           4   1.5049398559947935     
           4           5   1.3025004925249690     
           5           6   1.0102424145604489     
           6           7  0.98761550164823875     
           7           8   1.0053167167204653     
           8           9   1.0064740183419114     
           9          10   1.0077917205441309     
          10          11   1.0077888832492210     
          11          12   1.0065589444205403     
          12          13   1.0060357080564462     
          13          14   1.0079283054747805     
          14          15   1.0066229199619752     
          15          16   1.0077536314111930     
          16          17   1.0190429002362473     
           5          18   1.4686722294008554     
          18          19   1.1441332607889478     
          19          20   1.8565530911243608     
           3          21   1.1377261768776525     
          18          21   1.1302918388250076     
           1          22  0.97804262990793045     
           1          23  0.97205100494373919     
           2          24  0.96401275849823742     
           4          25  0.96042813970586627     
           6          26  0.96648774695558237     
           6          27  0.97071340582047816     
           7          28  0.97768308472780951     
           7          29  0.97569968817921848     
           8          30  0.97802681385853463     
           8          31  0.97697027923649016     
           9          32  0.97503624632468244     
           9          33  0.97732950874051960     
          10          34  0.97834215704555416     
          10          35  0.96914908136407663     
          11          36  0.97529723868782314     
          11          37  0.97755730841858679     
          12          38  0.97808860376470719     
          12          39  0.97800385079956831     
          13          40  0.97706152956907011     
          13          41  0.97555135276645477     
          14          42  0.97395521361722337     
          14          43  0.97779080158582476     
          15          44  0.97776648481046002     
          15          45  0.97323817946274072     
          16          46  0.97818713512695366     
          16          47  0.97877392838690214     
          17          48  0.98375711793800180     
          17          49  0.98746896963174113     
          17          50  0.98798204730975747     
          19          51  0.95512848344623025     
          20          52  0.97172603789877487     
          20          53  0.97862190475267574     
