           1           2   1.0229281530174070     
           2           3   1.2509081790094876     
           3           4   1.6284191566282518     
           4           5   1.1921109390390947     
           2           6   1.5304786959839622     
           4           6  0.10695949524214607     
           5           6   1.1243260059475002     
           6           7   1.0932983616388396     
           7           8   1.1243254117478196     
           7           9  0.10695948330428789     
           8           9   1.1921138761800396     
           9          10   1.6284169748786155     
           7          11   1.5304766358713304     
          10          11   1.2509074790400521     
          11          12   1.0229304859839263     
           1          13  0.97670086755110197     
           1          14  0.96807695210238753     
           1          15  0.98272087060023450     
           3          16  0.96443816467927490     
           4          17  0.97032888488122582     
           9          18  0.97032861452434616     
          10          19  0.96443875210392416     
          12          20  0.97670091993007335     
          12          21  0.96807505304750252     
          12          22  0.98272179138992921     
