           1           2   1.9040122248946376     
           2           3   1.0885589211582574     
           3           4   1.3795318775727008     
           4           5   1.3992902219110461     
           5           6   1.0884786561588686     
           6           7   1.9043511732470320     
           5           8   1.3535023067830334     
           8           9   1.4227497647433673     
           9          10  0.91106125000373017     
          10          11   1.0751122797737591     
          11          12  0.91791959219286745     
          11          13  0.94938626403989024     
          11          14  0.91792352751300332     
           3          15   1.3775263059763811     
           9          15   1.3928787737062018     
           1          16  0.97734089620700815     
           1          17  0.97216160198653634     
           2          18  0.96367228748763978     
           4          19  0.96515675723963668     
           6          20  0.96329281047340132     
           7          21  0.97167952310366001     
           7          22  0.97724392861924936     
           8          23  0.96025686219806816     
          15          24  0.96057170406847714     
