           1           2   1.0252947383312867     
           2           3   1.5288862185514192     
           3           4   1.3238148214343592     
           2           5  0.11104929969045121     
           4           5   1.5288851234846708     
           5           6   1.0252946092251949     
           5           7   1.2454382927144705     
           7           8   1.2876500595132923     
           8           9   1.5508541648228813     
           9          10   1.3272330616273167     
           8          11  0.11800479587248365     
          10          11   1.5508534176323905     
           2          12   1.2454366207727647     
           7          12   1.2589670809328810     
          11          12   1.2876511972618117     
           1          13  0.98470676260550871     
           1          14  0.97171394249507270     
           1          15  0.97173304033987884     
           3          16  0.96843285556472303     
           4          17  0.96843295188841982     
           6          18  0.98470676945907920     
           6          19  0.97173096047182228     
           6          20  0.97171606252621667     
           8          21  0.96659298997736787     
           9          22  0.97129035996888391     
          10          23  0.97129044636528361     
          11          24  0.96659304853560568     
