           1           2   1.8945767894643830     
           2           3   1.0952382121452389     
           3           4   1.3819880015614254     
           4           5   1.4023212896789841     
           5           6   1.0572839307912780     
           6           7   1.9312209063817323     
           5           8   1.3121357670493576     
           8           9   1.0855838398465130     
           9          10  0.97320086285668994     
           8          11   1.3048582200751113     
          11          12  0.97698566359136130     
           3          13   1.3093664156691305     
          11          13   1.3828872733609825     
          13          14  0.97470116619787039     
           1          15  0.97755384097157139     
           1          16  0.97241196850183098     
           2          17  0.96315221149274599     
           4          18  0.96007780712403512     
           6          19  0.95692410532509675     
           7          20  0.97467131891488745     
           7          21  0.97718620109019050     
          10          22  0.97611081534739930     
          10          23  0.97632611930810720     
          10          24  0.97566006176574505     
