$coord
    1.76320944494543    0.02040842069595    2.31033451727516      f
    4.24483616231705    0.13896310104801    2.74698174309353      c
    4.66317007261942   -0.40013241244702    5.16634421641263      f
    5.91828660951410    0.70711586702319    0.97328948711886      c
    8.64911189590435    0.89114257980504    1.18843583407173      c
    9.93401019540731    0.59820690367459    3.46681037221656      c
   12.54353892781438    0.78230701806982    3.48589810796180      c
   14.39771610451020    0.60825911185248    5.46200802008511      c
   14.24787225836440    0.15754050328326    8.04256576159468      c
   16.46051720978893    0.06089295387057    9.42126720152789      c
   18.79932846080045    0.37788398953407    8.25458704549395      c
   18.99533334674772    0.83112070996635    5.69038085728633      c
   16.77555643163517    0.97683630492130    4.30348748607823      c
   16.43786290491362    1.35934032485953    1.74088097848234      n
   18.36717807877409    1.78003065531149   -0.02906041963963      c
   18.48388793095955    0.33391979020899   -2.22242578435631      c
   20.38635736479075    0.75749147281307   -3.96234129583442      c
   22.18907124975452    2.60371571583467   -3.52410995330724      c
   22.07864896390077    4.03882600386475   -1.33820770704589      c
   20.17271018092323    3.64200938408188    0.40448661906026      c
   13.89294004043438    1.24265905519151    1.22244889293713      c
   12.61854336453733    1.59369758248996   -1.04526202081420      c
   10.02225473326102    1.40776205876587   -1.02722781076602      c
    5.12192295650993    1.06362210537547   -0.87306730791839      h
    8.93683928205735    0.24289290041375    5.20505250898759      h
   12.43699289757987   -0.11854575192052    8.93912196817089      h
   16.38835548257696   -0.28316812145734   11.43105467431683      h
   20.49885366368168    0.25948429583442    9.37821120980750      h
   20.81716972311592    1.04156063173541    4.79685303200310      h
   17.09846043268165   -1.13130473682038   -2.53549838697272      h
   20.47027826233466   -0.37089420819287   -5.66058521881559      h
   23.67686090947377    2.92308778174564   -4.88262677412861      h
   23.47587191625458    5.48570239817856   -0.99334148025987      h
   20.05623479344028    4.78288538000623    2.09219645261550      h
   13.62314864599124    2.01873946341119   -2.76887368312722      h
    8.99965230716625    1.66816899309715   -2.77437521186174      h
$periodic 0
$end
