           1           2   1.9357693465108847     
           2           3   1.0607344983668581     
           3           4   1.3905646956447850     
           4           5   1.4514532932170283     
           5           6   1.3993057921390302     
           6           7  0.95079441534988784     
           7           8  0.95353045983006068     
           7           9  0.93983478125989917     
           7          10  0.94307502447370173     
           4          11  0.10309226374282023     
           6          11   1.4177110002042896     
           3          12   1.3367892612223029     
          11          12   1.3985078950074354     
          12          13   1.0594315677098449     
          13          14   1.7560524579549106     
          14          15  0.98559086302461041     
          14          16  0.98109865385110284     
           1          17  0.97577293065122861     
           1          18  0.97514889084082490     
           2          19  0.95559459149885173     
           4          20  0.96683929891104980     
           5          21  0.96585185414686148     
          11          22  0.96549781473485008     
          13          23  0.94983522896551154     
