           1           2   1.9043904059543726     
           2           3   1.0883396587987968     
           3           4   1.3696943156687653     
           4           5   1.4019865395756987     
           5           6  0.95882073636073339     
           5           7   1.4069306024868453     
           7           8   1.3601304041823388     
           8           9   1.0953381807077656     
           9          10   1.7291904660725244     
          10          11  0.98232295106097478     
          10          12  0.97890907879295985     
           3          13   1.3868162363236096     
           8          13   1.3903871107202863     
           1          14  0.97725793580636400     
           1          15  0.97138199953949000     
           2          16  0.96379388429178403     
           4          17  0.96471405618895489     
           7          18  0.96497731551433186     
           9          19  0.95370405319528007     
          13          20  0.96051237208836482     
