           1           2   1.8884293948005426     
           2           3   1.0994926672801113     
           3           4   1.3522604407984526     
           4           5   1.4784548723646098     
           5           6   1.3358791361881406     
           6           7   1.1757274497358270     
           7           8   1.0184379697232173     
           6           9   1.2720768496859696     
           9          10   1.0757449020940890     
          10          11   1.9149572903379746     
           3          12   1.3692153126971194     
           9          12   1.4255368051950752     
           1          13  0.97902288333173715     
           1          14  0.97353139665968169     
           2          15  0.96500579655858298     
           4          16  0.96893931002442790     
           5          17  0.96644427205292094     
           7          18  0.93847061354971573     
           8          19  0.97695626732759111     
           8          20  0.97438766920888287     
           8          21  0.98551373995862801     
          10          22  0.95349116986589821     
          11          23  0.97512817282004072     
          11          24  0.97856022748011218     
          12          25  0.96231467720582475     
