$coord
    3.46047209732348    1.76140595988928   -1.21712541090970      c
    4.01138752505172   -0.34202611361542    0.02850981892230      c
    5.67410591859333   -0.54144435585709    2.20481203277885      c
    5.19605123001751   -2.20498548661559    4.21931083069230      c
    7.01046287825977   -1.78764904030035    6.05298782753832      c
    7.45910961142711   -2.91360919112083    8.51364670879988      c
    9.17781489254044   -2.29787657330211    9.90045599606175      o
    5.75363936902298   -4.70615029148452    9.09005737055662      o
    6.06450590258007   -5.89169904623670   11.47343420857291      c
    8.57076624600202    0.06977797488620    5.18308223608706      n
    7.83983429437003    0.84726360924640    2.85212185890522      c
    9.37101389147642    2.67872341415894    1.52850905006296      c
    9.49357657871031    3.00314949418855   -0.95833863206134      c
    2.14099751766065    1.76410271026820   -2.76616866889875      h
    4.29102265330063    3.55275377165249   -0.72671072854830      h
    3.06945890851707   -2.09020119993903   -0.47020214582500      h
    3.67354772531644   -3.53404175291399    4.34443582284237      h
    4.34365579805716   -6.95985289611300   11.81530185326351      h
    6.35216723557762   -4.47720114325398   12.94880094355670      h
    7.69790421929351   -7.15339321321362   11.43849336735837      h
   10.09349192092703    0.68395560616910    6.15094481511135      h
   10.58508533926242    3.79236695539228    2.74822344940140      h
    8.37317567777672    1.89625359640244   -2.24271122059455      h
   10.73730135593599    4.38683726292391   -1.77987676999747      h
$periodic 0
$end
