           1           2   1.9827641151904185     
           2           3   1.0187482344409216     
           3           4   1.4774806740758111     
           4           5  0.97789826551749137     
           4           6   1.2269085434374465     
           6           7  0.97789948907758073     
           3           8  0.10419079916062024     
           6           8   1.4774791049346507     
           8           9   1.0187391131871355     
           9          10   1.9827541292991251     
           8          11   1.2142647959885216     
          11          12   1.3819226060759737     
          12          13   1.4412285295893710     
          12          14  0.16722965746456053     
          13          14   1.4412231463665157     
           3          15   1.2142537143020504     
          11          15   1.1633531356915709     
          14          15   1.3819291716527140     
           1          16  0.97470882625577138     
           1          17  0.97587703920609581     
           2          18  0.94674281542331273     
           9          19  0.94676457458293428     
          10          20  0.97587993515173310     
          10          21  0.97470519965119384     
