   -0.12064819
    0.15682317
   -0.11901396
   -0.28633083
    0.41153834
   -0.05070696
    0.00500504
   -0.05895467
    0.05228040
   -0.00210096
   -0.04114350
    0.01577107
   -0.08114743
    0.30891402
   -0.18974731
   -0.19788139
   -0.03846239
   -0.04205270
   -0.43622172
   -0.12068542
    0.04569808
    0.06725215
    0.04857296
    0.05412025
    0.05212717
    0.05414887
    0.05858380
    0.04773236
    0.05530700
    0.07922645
    0.04324363
    0.06714606
    0.04855960
    0.06732346
    0.04572355
