           1           2  0.98918555560292187     
           2           3   1.0489155574630742     
           3           4   1.3803811522995413     
           4           5   1.3886637319400603     
           5           6   1.1359543567697632     
           6           7   1.3884306949909051     
           7           8   1.3804945342437940     
           8           9   1.0492073353468936     
           9          10  0.98903452169474471     
           8          11   1.3479188084268543     
           7          12  0.10686394118109367     
          11          12   1.4526116781075593     
           6          13   1.2548209976802032     
          12          13   1.3730104769285925     
          13          14   1.1076576377040228     
          14          15   1.0630865387613850     
          15          16   1.3603416776375716     
          16          17   1.4762262881766739     
          17          18   1.3586804292953982     
          18          19   1.1032291839010178     
          19          20   1.7222067462518580     
          20          21  0.97836628298250905     
          20          22  0.97234967293355590     
          18          23   1.3601741264872556     
          15          24   1.3611606121247644     
          23          24   1.4759417456643198     
           5          25   1.2544653496220486     
          14          25   1.1078300689799567     
           4          26  0.10683082826098916     
          25          26   1.3731547123993635     
           3          27   1.3481596259832820     
          26          27   1.4522088652731793     
           1          28  0.97949635269308011     
           1          29  0.97652829062436419     
           1          30  0.97640869239563932     
           4          31  0.96582127808682272     
           7          32  0.96583211499378774     
          10          33  0.97950052082666694     
          10          34  0.97654130244960669     
          10          35  0.97640214659313784     
          11          36  0.96636511217659882     
          12          37  0.96599497865679029     
          16          38  0.96680098484466392     
          17          39  0.96789984471641444     
          19          40  0.95433447479247124     
          23          41  0.96686813358108104     
          24          42  0.96673580594790665     
          26          43  0.96597728939330174     
          27          44  0.96640628093763625     
