           1           2   1.9113749387626877     
           2           3   1.0754151043838762     
           3           4   1.3820398242446603     
           4           5   1.4211947674383392     
           5           6  0.97995254019862732     
           6           7   1.7820663060210205     
           6           8   1.1113742495879817     
           7           8  0.16493010920200241     
           5           9   1.3244946120212371     
           9          10   1.0877961240522511     
          10          11   1.9032843255562439     
           9          12   1.3760453842754139     
           3          13   1.3281835307582430     
          12          13   1.4267494474696591     
          13          14  0.97221767063245834     
          14          15   1.7829772792607697     
          14          16   1.1118913284126866     
          15          16  0.16393193008649556     
           1          17  0.97577707963100047     
           1          18  0.97069193534760945     
           2          19  0.95945515086832023     
           4          20  0.96225329076206556     
           8          21  0.87093997358585762     
          10          22  0.95793527376736343     
          11          23  0.97270403400335470     
          11          24  0.97668849613392084     
          12          25  0.96039629728712672     
          16          26  0.87193429118893739     
