           1           2   1.8949289013374115     
           2           3   1.0949782240434172     
           3           4   1.3821035036891662     
           4           5   1.4023262862015027     
           5           6   1.0562393171018669     
           6           7   1.9321954326471773     
           5           8   1.3125063707314175     
           8           9   1.0865110744690851     
           9          10  0.97362646107683526     
           8          11   1.3039284185947377     
          11          12  0.97685028150642206     
           3          13   1.3092114937309236     
          11          13   1.3834477545082495     
          13          14  0.97468782612038696     
           1          15  0.97755142771762116     
           1          16  0.97246867491236300     
           2          17  0.96307823239141988     
           4          18  0.96025541474783660     
           6          19  0.95680212358326155     
           7          20  0.97473742465106639     
           7          21  0.97716672379375324     
          10          22  0.97617174367437809     
          10          23  0.97552125161687964     
          10          24  0.97609917174878236     
