           1           2   1.8620182920286514     
           2           3   1.1313322479027752     
           3           4   1.1261553335363219     
           4           5   1.1279727310420087     
           5           6   1.1382514811806137     
           6           7   1.8599554555537023     
           5           8   1.4800288775198427     
           8           9   1.0118712185327152     
           9          10  0.98482424562191073     
          10          11   1.0104814382197089     
          11          12   1.0060971863875310     
          12          13   1.0074019037189568     
          13          14   1.0199705629311810     
           3          15   1.4862449308150356     
           8          15   1.2650108842532184     
          15          16   1.0110722065365216     
          16          17  0.98618952971443985     
          17          18   1.0072127706055398     
          18          19   1.0062813144938132     
          19          20   1.0077004613318177     
          20          21   1.0200650360196672     
           1          22  0.97778234848000767     
           1          23  0.96959786838790762     
           2          24  0.96143949830777564     
           6          25  0.95367889352174950     
           7          26  0.97125671544460157     
           7          27  0.97854240017296923     
           9          28  0.96925543252604163     
           9          29  0.96658959665922928     
          10          30  0.97662022101025148     
          10          31  0.97093588759589255     
          11          32  0.97067380581579288     
          11          33  0.97707605269853814     
          12          34  0.97776142901734853     
          12          35  0.97796766433596116     
          13          36  0.97847681766625250     
          13          37  0.97611040925568471     
          14          38  0.98765259307732700     
          14          39  0.98749142090369557     
          14          40  0.98581795578601916     
          16          41  0.96634473020618716     
          16          42  0.96666421263071745     
          17          43  0.97346827302004990     
          17          44  0.97434466004025355     
          18          45  0.97668502754232456     
          18          46  0.97531960912344728     
          19          47  0.97766358060574743     
          19          48  0.97717060809796985     
          20          49  0.97643332106840408     
          20          50  0.97842858115741560     
          21          51  0.98608406539354176     
          21          52  0.98757809364517679     
          21          53  0.98770444535379265     
