   -0.08711948
   -0.03065023
    0.02406998
   -0.05951786
   -0.00879132
   -0.05622191
   -0.05345800
   -0.05756756
   -0.05883673
   -0.05311179
   -0.10235496
    0.01591140
   -0.03075896
   -0.08900995
   -0.05126883
    0.04009913
    0.04777818
    0.03886206
    0.03203249
    0.03411123
    0.03720602
    0.03336701
    0.03252060
    0.02842751
    0.03004082
    0.03075529
    0.03074484
    0.02907129
    0.03057767
    0.03266083
    0.03290534
    0.03317381
    0.04074182
    0.04573907
    0.03787120
