           1           2   1.8930950880830382     
           2           3   1.0980716347433361     
           3           4   1.3647583940180701     
           4           5   1.4804974557340898     
           5           6   1.3475601818673981     
           6           7   1.0938055727011478     
           7           8   1.7126368763012279     
           8           9   1.0090080652755862     
           8          10  0.97811023202828606     
           6          11   1.3645060414437113     
           3          12   1.3437838396448267     
          11          12   1.4808667994537701     
           1          13  0.97773331982349310     
           1          14  0.97262064904175660     
           2          15  0.96387601821778945     
           4          16  0.96467069131216621     
           5          17  0.96815170365560266     
           7          18  0.95755574148403388     
          12          19  0.96011299286062457     
