           1           2   1.9756080026180651     
           2           3   1.0227438586116664     
           3           4   1.3786037257170909     
           4           5   1.4473127445735146     
           3           6  0.10651030614336221     
           5           6   1.4043238719240105     
           6           7   1.0100327259361881     
           7           8   1.9821223524184215     
           4           9  0.11027303337579014     
           6           9   1.3596947357127442     
           9          10   1.0241134333587210     
           3          11   1.4089543463814209     
           9          11   1.4209132531089113     
           1          12  0.97631608757339727     
           1          13  0.97685417307562183     
           2          14  0.95267345298839334     
           4          15  0.96276729674709105     
           7          16  0.95139973764960506     
           8          17  0.97653928841049864     
           8          18  0.97584126267086158     
          10          19  0.98229688719907327     
          10          20  0.97211546709076213     
          10          21  0.97234433565966005     
          11          22  0.96793494786599110     
