           1           2   1.8645911397077459     
           2           3   1.1215334252283347     
           3           4   1.4707903712192916     
           4           5   1.3589918689869251     
           3           6  0.11211921875201317     
           5           6   1.4708066834999198     
           6           7   1.1214907385170989     
           7           8   1.8646639692706910     
           3           9   1.1074427893729777     
           6           9   1.1074133095329597     
           1          10  0.97872604889251380     
           1          11  0.97588255714183836     
           2          12  0.96306991655721719     
           4          13  0.97384552040789740     
           5          14  0.97385268978052653     
           7          15  0.96305927502869182     
           8          16  0.97589796216445990     
           8          17  0.97869919602621680     
