           1           2   1.9039627053525492     
           2           3   1.0822138340823464     
           3           4   1.3991308548535923     
           4           5   1.3603658328961830     
           5           6   1.0756823099481616     
           6           7  0.97915183136159145     
           5           8   1.3207581309296701     
           8           9   1.0589562066463611     
           9          10   1.9248921597028359     
           8          11   1.3553920808425781     
           3          12   1.3387149298287551     
          11          12   1.4809650574362556     
           1          13  0.97753270412850168     
           1          14  0.97254368390444745     
           2          15  0.96279023825568788     
           4          16  0.96196291414733026     
           7          17  0.97820562339401251     
           7          18  0.97335388473823103     
           7          19  0.97587638773021412     
           9          20  0.95678805168755443     
          10          21  0.97584009558358065     
          10          22  0.97778923747973656     
          11          23  0.96030733062856966     
