           1           2   1.8970409938241568     
           2           3   1.0937138471841057     
           3           4   1.3514561889472991     
           4           5   1.4788234897999322     
           5           6   1.3555376055101993     
           6           7   1.0456456032143069     
           7           8  0.96775889901416035     
           8           9  0.96616645159010728     
           9          10  0.98671837700757237     
          10          11   1.0084660863054662     
          11          12   1.0088628025254334     
          12          13  0.99986721623046215     
           9          14  0.98445112362720932     
          13          14  0.97899275487339799     
           6          15   1.3228608726286282     
          15          16   1.0600240643788865     
          16          17   1.9250913258336637     
           3          18   1.3876595081392953     
          15          18   1.4000061004669466     
           1          19  0.97838081304294899     
           1          20  0.97304280559061873     
           2          21  0.96457812899400064     
           4          22  0.96529330613663822     
           5          23  0.96483353087960777     
           8          24  0.96672975241501935     
           8          25  0.96499630211300880     
           9          26  0.95936451409359524     
          10          27  0.97728327013915806     
          10          28  0.97603414563237223     
          11          29  0.97717479919022887     
          11          30  0.97093797550865868     
          12          31  0.97719237702722916     
          12          32  0.97689312638570514     
          13          33  0.97134691739573953     
          13          34  0.96612901795613781     
          16          35  0.96063254587917679     
          17          36  0.97569582825466550     
          17          37  0.97754647957924545     
          18          38  0.96644997325271764     
