           1           2   1.8567408092701396     
           2           3   1.1427229980893543     
           3           4   1.4900194462687157     
           4           5   1.3405164935571816     
           5           6   1.4749079198780966     
           6           7   1.1708352862642513     
           7           8   1.4708615317673697     
           8           9   1.3453400399468518     
           9          10   1.4836912791384007     
          10          11   1.1485862444599817     
          11          12   1.6859992686662100     
          12          13  0.97958786330833614     
          12          14  0.97766661006643951     
           7          15   1.1331901187396940     
          10          15   1.1312920801395359     
           3          16   1.1356801649002957     
           6          16   1.1274426515878109     
           1          17  0.97798481303647877     
           1          18  0.97151870189794898     
           2          19  0.95799791348027352     
           4          20  0.96421632408312474     
           5          21  0.96122793944913665     
           8          22  0.96076641876213786     
           9          23  0.96123035413181712     
          11          24  0.95503442595912724     
