$coord
    5.43129736605291    0.43532705298624   -1.57972173057982      c
    4.62789310931101   -0.57956503712029    0.56946020246007      c
    5.91379564766094   -0.48063623389787    3.00481426364675      c
    5.10746019617168   -2.09339364892233    4.93816842746973      c
    6.29734986532041   -2.09371638600953    7.25269344099366      c
    8.31505094813903   -0.45728615396588    7.70166368397186      c
    9.48948148201209   -0.50900187434721   10.09631959748062      c
   10.41590593867487   -0.59961529915452   12.05453062447950      n
    9.13707423213341    1.22343656049704    5.80847729336544      c
   11.22822972558596    2.93962065784502    6.34224406789378      c
   11.79385566655141    5.01023826962355    5.04432204864332      c
    7.91483403460637    1.16064235027239    3.48500336371948      c
    4.35906395084806    0.25321990516884   -3.29856151223278      h
    7.18243107578708    1.46258909122518   -1.72938396356509      h
    2.87170972191457   -1.63144330132889    0.57706219440871      h
    3.54931602674585   -3.36856276936592    4.60117757052058      h
    5.68456516472553   -3.35392717810140    8.73762986266689      h
   12.34658629662536    2.44906480958641    7.98468185996425      h
   10.71370431399096    5.63457600235870    3.43615105246733      h
   13.36599863043751    6.18667023359706    5.57315751700198      h
    8.54518642636004    2.41878963043533    2.01242306794416      h
$periodic 0
$end
