           1           2   1.8984464012741447     
           2           3   1.0932517675884206     
           3           4   1.3556551322153148     
           4           5   1.4807239074814005     
           5           6   1.3672025500215077     
           6           7   1.0626829499462369     
           7           8   1.7572671500405694     
           8           9  0.97902886259374855     
           8          10  0.96820041015345704     
           6          11   1.3562164764565585     
          11          12   1.0295413556845285     
           3          13   1.3835803005840690     
          11          13   1.4262936844449559     
           1          14  0.97813540014083111     
           1          15  0.97281130417289474     
           2          16  0.96415732816129962     
           4          17  0.96512904921130349     
           5          18  0.96905937130103481     
           7          19  0.95036097764977823     
          12          20  0.97850946949696016     
          12          21  0.98117792303869100     
          12          22  0.96276303874329472     
          13          23  0.96555131681731998     
