           1           2   1.9808586134450918     
           2           3   1.0196400836403152     
           3           4   1.4038408497594823     
           4           5   1.3779717473822801     
           5           6   1.0683729975057852     
           3           7  0.10430297091321088     
           5           7   1.3652946311591427     
           4           8  0.10147469824664761     
           7           8   1.4190513059847665     
           8           9   1.0194754426418324     
           9          10   1.9812464534149465     
           3          11   1.4066721782067171     
           8          11   1.3936027230721486     
           1          12  0.97634833881300431     
           1          13  0.97676161460734112     
           2          14  0.95326138876889366     
           4          15  0.96603467200638693     
           6          16  0.88973350915912330     
           7          17  0.96792842045057681     
           9          18  0.95298042285310181     
          10          19  0.97671522333224536     
          10          20  0.97628679801664364     
          11          21  0.97025527592189809     
