$coord
    3.53622833414009   -0.72872975466776    2.02542379608813      c
    5.01808366144094    0.25126790662785    0.02472819463357      o
    6.17016743854139   -1.50906678054537   -1.52769668779873      c
    5.37610864189630   -1.60637846593645   -4.02825503450290      c
    6.47133494819155   -3.30168509169924   -5.68194211017927      c
    8.32970400749438   -4.92604574751738   -4.82621929312826      c
    9.16140445985012   -4.83470200487276   -2.34017744676462      c
   11.20238612003633   -6.60199659995803   -1.47569078937082      c
    8.10899065097808   -3.08357147609905   -0.66785908249165      c
    9.07057371734369   -2.85315788516336    1.98970881322540      c
    1.69933425474317    0.21392183180188    1.96292832245656      h
    4.42165601567271   -0.33596141820315    3.85197603227027      h
    3.25216228143746   -2.76295523409553    1.83512413738142      h
    3.90199732702487   -0.33477132458448   -4.63507300139819      h
    5.85840284392818   -3.37468123681624   -7.62676535299435      h
    9.16173102984129   -6.27906893085509   -6.10917618897884      h
   11.62207837062041   -7.98454819270090   -2.93561979597549      h
   10.63464708058525   -7.59950869850176    0.23172747672838      h
   12.93263113334144   -5.56458490755346   -1.05805412942191      h
   11.10821371059406   -3.11213869911891    2.04566102279766      h
    8.21539658607706   -4.27266712952754    3.21588712516177      h
    8.63857936619801   -0.99016060535133    2.73640696307558      h
$periodic 0
$end
