$coord
   -4.51495721263376    2.13264561387467    0.02367448097128      c
   -2.16317670631168    0.55846793140131    0.02088978921504      c
   -2.25439020232250   -2.06960654164244    0.00992537080596      c
   -0.00234477126604   -3.40057621145588    0.00780787972302      c
    2.25426986349500   -2.07739452306477    0.01664437459184      c
    2.17210683916852    0.55097816064463    0.02740387696959      c
    4.52929168485833    2.11702176116432    0.03748726379606      c
    0.00662560203108    1.81030249339799    0.02934622569122      n
   -6.19549941828926    0.95339580916727    0.01910528400499      h
   -4.53439040991941    3.35335690939627   -1.63099610623570      h
   -4.53672529607256    3.34415476591891    1.68503625921798      h
   -4.04686736641997   -3.04342360269908    0.00325463116823      h
   -0.00585965385991   -5.44351450824873   -0.00063365514139      h
    4.04338200738251   -3.05740189977462    0.01524473223115      h
    6.20576296182378    0.93198751542976    0.03421744423551      h
    4.55199462484915    3.32547501178093    1.70107992958295      h
    4.55616197133472    3.34061590325743   -1.61492855014672      h
$periodic 0
$end
