           1           2   1.9053427820383495     
           2           3   1.0866677553609991     
           3           4   1.3839958735176252     
           4           5   1.3833962746196165     
           5           6   1.0927532362234333     
           6           7   1.7316354399840630     
           7           8  0.98084844600769261     
           7           9  0.97671274668029773     
           5          10   1.3726786744082513     
          10          11   1.3998262285710232     
          11          12  0.99568044485885565     
          12          13   1.7255134056542090     
          12          14   1.1257346024686383     
          13          14  0.17102181082878204     
          14          15  0.93915555883155921     
          15          16   1.0118887899388957     
           3          17   1.3787923204410872     
          11          17   1.3948406366991073     
           1          18  0.97733148118820878     
           1          19  0.97139731749904157     
           2          20  0.96377573955266649     
           4          21  0.96063194992906098     
           6          22  0.95370783082849142     
          10          23  0.96405977626262862     
          15          24  0.96845865771901773     
          15          25  0.97250108824026760     
          16          26  0.98468471342169650     
          16          27  0.98348548900432964     
          16          28  0.98634154764254911     
          17          29  0.96268771752424842     
