           1           2   1.9209117095427999     
           2           3   1.0719377209012779     
           3           4   1.5059389758176467     
           4           5   1.2773848855168741     
           5           6   1.1010335269286700     
           6           7   1.7247150397204725     
           7           8  0.97913371433965335     
           7           9  0.97760411048301776     
           5          10   1.4146793931657815     
          10          11  0.95835167117243825     
          10          12   1.2591495886943715     
          12          13   1.2787812132228233     
          13          14   1.5515717880995756     
          14          15   1.3278833465422837     
          13          16  0.11649480062984946     
          15          16   1.5426093810909158     
           3          17   1.2213469699410862     
          12          17   1.2483229055158629     
          16          17   1.2989285520827507     
           1          18  0.97735301849193501     
           1          19  0.97398032335788676     
           2          20  0.95657549437910572     
           4          21  0.96251434124973523     
           6          22  0.95154632280370732     
          13          23  0.96730179876113676     
          14          24  0.97036908492566276     
          15          25  0.97064521203950915     
          16          26  0.96439874428302419     
