           1           2   1.8948113868215193     
           2           3   1.0961781402821924     
           3           4   1.3605462801030404     
           4           5   1.4779894245112910     
           5           6   1.3662600813320758     
           6           7   1.0941279651011058     
           7           8   1.7318603623848072     
           8           9  0.97816077822861092     
           8          10  0.96903635979287672     
           6          11   1.3340181302796765     
          11          12   1.0266156779317090     
           3          13   1.3686945226047673     
          11          13   1.4465643090798221     
           1          14  0.97815212450049183     
           1          15  0.97263827776882739     
           2          16  0.96425177310924581     
           4          17  0.96519862408518042     
           5          18  0.96765126780066080     
           7          19  0.94997855100894002     
          12          20  0.96810723101830065     
          12          21  0.98384625959419625     
          12          22  0.97310789711619650     
          13          23  0.96515712066757364     
