           1           2   1.9197098748079822     
           2           3   1.0715943512766009     
           3           4   1.3966837835209012     
           4           5   1.4239845634616541     
           5           6   1.0263018057172950     
           5           7   1.3676296100831491     
           7           8   1.4686683073880076     
           3           9   1.3100207073775829     
           8           9   1.3776074763278428     
           9          10   1.0857348424370727     
          10          11   1.8973260835556776     
           1          12  0.97796009165583442     
           1          13  0.97499870795583088     
           2          14  0.95803671786475686     
           4          15  0.96505670959611600     
           6          16  0.98283978305940700     
           6          17  0.97931681555103911     
           6          18  0.96641424231141759     
           7          19  0.96174019851713644     
          10          20  0.96309135456091910     
          11          21  0.97260062243998746     
          11          22  0.97847197409549769     
