           1           2   1.8854579358223087     
           2           3   1.1113902410388052     
           3           4   1.0941097837054654     
           4           5   1.1068485193607673     
           5           6   1.3782550231004691     
           6           7   1.4731504496436894     
           7           8   1.3827518594162882     
           6           9  0.10957765524846796     
           8           9   1.4948679649921102     
           5          10   1.2877655220318398     
           9          10   1.3328139560312786     
           3          11   1.5334862234545807     
          10          11   1.1589289546428061     
          11          12   1.0634190542789106     
          12          13   1.9242717028155842     
           1          14  0.97699394036438680     
           1          15  0.97489645612737141     
           2          16  0.96043166691511905     
           6          17  0.96879825640773620     
           7          18  0.97044483772998424     
           8          19  0.97102297131966886     
           9          20  0.96602970671892041     
          12          21  0.95626395232605810     
          13          22  0.97649499095095083     
          13          23  0.97726664670990393     
