           1           2   1.9243315628886877     
           2           3   1.0685778110879662     
           3           4   1.3897175409018865     
           4           5   1.4500958246521212     
           3           6  0.10164392583087828     
           5           6   1.4276815601406423     
           4           7  0.10378115240723421     
           6           7   1.4420122917807043     
           3           8   1.3424325642352546     
           5           8  0.10293144422339928     
           7           8   1.4045588595990346     
           8           9   1.0272851861084005     
           9          10   1.4045657706197201     
          10          11   1.4419883638185427     
           9          12  0.10294191876894182     
          11          12   1.4277234118378479     
          10          13  0.10378374407093643     
          12          13   1.4500387710689788     
           9          14   1.3424296228914567     
          11          14  0.10165704442784337     
          13          14   1.3897970808310161     
          14          15   1.0684858831429878     
          15          16   1.9244333430744209     
           1          17  0.97755933560354213     
           1          18  0.97387379579826605     
           2          19  0.96045863660540953     
           4          20  0.96909187923754425     
           5          21  0.97092009232208698     
           6          22  0.97085227115901507     
           7          23  0.96941624935250847     
          10          24  0.96941490631077787     
          11          25  0.97085207640508653     
          12          26  0.97092020280784952     
          13          27  0.96909585463409809     
          15          28  0.96045033865358498     
          16          29  0.97388437248877446     
          16          30  0.97755931343594282     
