           1           2   1.8805443864156759     
           2           3   1.1016292430157759     
           3           4   1.5321655383055468     
           4           5   1.2631169462626386     
           5           6   1.0176891388914240     
           6           7   1.6835905217950746     
           6           8   1.1510758195825328     
           7           8  0.17339482814166915     
           8           9  0.94043848579098921     
           9          10   1.0106216500300536     
           5          11   1.4273711877304778     
          11          12   1.1234813900654979     
          12          13   1.8607438066357997     
           3          14   1.0969918496969102     
          11          14   1.1140723928482588     
           1          15  0.97726573506800363     
           1          16  0.97398606209749883     
           2          17  0.96058039019781694     
           9          18  0.97195028765592673     
           9          19  0.96815149487541086     
          10          20  0.98608481879345111     
          10          21  0.98377043999090730     
          10          22  0.98493927153852523     
          12          23  0.96064457371678891     
          13          24  0.95804118326534304     
          13          25  0.97672948360422485     
