   -0.08910684
   -0.02974701
    0.00304997
   -0.03565246
   -0.06913987
    0.13571617
   -0.27542233
    0.06870443
    0.10506212
   -0.06851334
   -0.05288036
   -0.06703483
    0.07995931
   -0.32347297
   -0.00779636
   -0.02691641
   -0.08943753
   -0.04130758
    0.03475772
    0.03689928
    0.03252690
    0.03952268
    0.03817615
    0.05116076
    0.03735650
    0.04798966
    0.04288397
    0.04548011
    0.03599784
    0.03255281
    0.04669507
    0.03434538
    0.04826361
    0.01705387
    0.04726818
    0.03751899
    0.03537445
    0.04211196
