$coord
    7.00869253898421   -3.28111023939094    3.08696335778845      c
    6.24680027818489   -4.24140316126960    0.70429633038421      o
    4.86085851542014   -2.66253944642970   -0.73201637645895      c
    4.29837065619191   -0.56731156629955   -0.02867046863938      o
    4.14660306021379   -3.82108487063513   -3.18338680286550      c
    5.24405322960660   -6.10973325096609   -3.88469045090576      c
    4.68684343986736   -7.32904750858085   -6.13567659103506      c
    5.98013730651896   -9.77188980548252   -6.72103079247799      c
    2.93037813221100   -6.16922823579953   -7.74607510946016      c
    2.07279411844529   -7.16860623603307  -10.22819899691976      c
    0.75715916426783   -5.98071036639838  -11.66791713164855      o
    2.85473880344774   -9.52127660512697  -10.74668581358937      o
    2.03047260046287  -10.52721117693553  -13.09235883647467      c
    1.84665291738642   -3.87170539279797   -7.05103522563914      c
    2.40492546153699   -2.64957940481322   -4.80441099289424      c
    1.16220399319201   -0.19093551571605   -4.20254743434314      c
    7.86402919277424   -4.85369268565472    4.09483644533715      h
    5.37930801541048   -2.55165241706235    4.12238592020549      h
    8.37352746594952   -1.75238124445893    2.84199187437794      h
    6.59049240261644   -6.95923555872614   -2.61034708771889      h
    7.35079435726787  -10.21978602970919   -5.25712806102265      h
    6.94733974792738   -9.66890060395908   -8.53220600179212      h
    4.61171819977560  -11.30200547387202   -6.84068239651692      h
    2.86794134512640  -12.39728568161877  -13.24056360183709      h
    2.65306910060143   -9.32343621879031  -14.64925838638676      h
   -0.02961061078118  -10.64787713191805  -13.13792240967258      h
    0.51469548462085   -3.03710300520280   -8.35425211456046      h
   -0.21461633393367    0.29063599240387   -5.64849611643621      h
    2.56824217058426    1.30536271757121   -4.08083462554884      h
    0.22998650424922   -0.27535060810853   -2.37204247287579      h
$periodic 0
$end
