$coord
    1.89871338780870   -0.08970289432298   -0.17059015343302      c
    4.71071980035957   -0.04106334915355   -0.09448110715782      c
    6.29222905608782    2.02432813036511   -0.01893215479385      c
    8.68909880236856    1.15260529248354    0.05334787353357      n
   11.03195835632532    2.58815930856687   -0.01884272405300      c
   10.67880977671154    5.12172720532966    1.32721409697387      c
   13.07261366905788    1.03921582838704    1.31703268684387      c
   11.75568809905134    3.00987412903408   -2.79356676068212      c
    8.73970790787025   -1.36320228702549   -0.00872483946261      n
    6.36505815998712   -2.13221316254369   -0.08460181305141      c
    5.68222158384247   -4.85754278872819   -0.13923617968306      c
    1.14699781205709    1.82303751043990   -0.17641472444265      h
    1.14787307190442   -1.09026604568610    1.46619319388054      h
    1.23951874991340   -1.06481182274254   -1.86127621578937      h
    5.84247012689973    3.99693973293555   -0.00252742263773      h
    9.87699352548367    4.83561812919529    3.19819517542239      h
    9.44750028007320    6.37294500949117    0.26023780633817      h
   12.50138964182158    6.04619563018312    1.53239787466588      h
   12.58263244306073    0.77745289674367    3.29506703867995      h
   14.88252768011380    2.00220555979897    1.19673654333981      h
   13.22221932497520   -0.80998473592674    0.44086690604916      h
   10.28267298167843    4.06342446375320   -3.76752016001879      h
   11.99313588998316    1.19830704109417   -3.73278327695348      h
   13.51457081649046    4.06201560907094   -2.92129445783913      h
    7.39046101031682   -5.99498865484300   -0.12529584910389      h
    4.59221847509288   -5.29079637002575   -1.83179693190693      h
    4.53338505514387   -5.34172211228625    1.49990182211560      h
$periodic 0
$end
