           1           2   1.8598499045037014     
           2           3   1.1398696204878247     
           3           4   1.5030638023840968     
           4           5   1.3020456421647055     
           5           6   1.0102759020415475     
           6           7  0.98695775180601264     
           7           8   1.0072604727316379     
           8           9   1.0055236384012232     
           9          10   1.0087363508161833     
          10          11   1.0064482012115286     
          11          12   1.0088042576196521     
          12          13   1.0190231598299164     
           5          14   1.4701829065433842     
          14          15   1.1441382652402192     
          15          16   1.8562427237763202     
           3          17   1.1360679759260408     
          14          17   1.1288505301643146     
           1          18  0.97842535583278134     
           1          19  0.97221086284035585     
           2          20  0.95884484950869953     
           4          21  0.96413793307488493     
           6          22  0.97350226502384130     
           6          23  0.96854673105276046     
           7          24  0.97528752594914070     
           7          25  0.97799895652790059     
           8          26  0.97712486178118352     
           8          27  0.97694424920494027     
           9          28  0.97615813069499413     
           9          29  0.97646414804070991     
          10          30  0.97680500994278319     
          10          31  0.97604659424382523     
          11          32  0.97723602973850721     
          11          33  0.97708713805816882     
          12          34  0.97837152729538301     
          12          35  0.97735564265084796     
          13          36  0.98788696023943745     
          13          37  0.98762651563807979     
          13          38  0.98810404032132471     
          15          39  0.95538027026999894     
          16          40  0.97177668211205659     
          16          41  0.97860318737053797     
