           1           2   1.0289053241218848     
           2           3   1.4131513214818037     
           3           4   1.4432417184893869     
           2           5  0.10354743042159786     
           4           5   1.4061087576423446     
           5           6   1.0330546553892934     
           5           7   1.3743131913519187     
           7           8  0.71437953908929053     
           7           9  0.10674455155997720     
           8           9   1.6034059189289871     
           7          10  0.10692229555816321     
           8          10   1.6042816273023031     
           9          10  0.11997029681271024     
           8          11  0.80998121102735188     
           2          12   1.3893717833690629     
           4          12  0.10812896183389131     
           7          12   1.4460095554701033     
           1          13  0.98437620245457114     
           1          14  0.96910401315344952     
           1          15  0.96896332313290778     
           3          16  0.96695888087339943     
           4          17  0.96600904871263193     
           6          18  0.98179057800723668     
           6          19  0.96196596667311740     
           6          20  0.96002391279928823     
          12          21  0.96153801998339228     
