           1           2   1.8971445893635157     
           2           3   1.0936302136161826     
           3           4   1.3576679401183920     
           4           5   1.4767630744135136     
           5           6   1.3689303636698669     
           6           7   1.0779313203543506     
           7           8   1.9076677906972475     
           6           9   1.3347103180035389     
           9          10  0.98061940199213316     
          10          11   1.7772061455249737     
          10          12   1.1049341316649193     
          11          12  0.16066575689578499     
           3          13   1.3767387589063633     
           9          13   1.4197096371055082     
           1          14  0.97769923347909127     
           1          15  0.97238261281949423     
           2          16  0.96384703848905795     
           4          17  0.96463249365866099     
           5          18  0.96793263049841705     
           7          19  0.96011139908363763     
           8          20  0.97146827859385909     
           8          21  0.97650619216091761     
          12          22  0.87208291429626572     
          13          23  0.96436763087816635     
