   -0.08757067
   -0.02987618
    0.00609767
   -0.03984642
   -0.05879855
    0.05583321
    0.03276854
   -0.04335120
   -0.16169713
    0.03219634
   -0.04347048
    0.00578444
   -0.02998480
   -0.08757519
   -0.04080574
   -0.05726460
    0.05770369
   -0.08106731
    0.00331943
   -0.06220080
   -0.05918668
   -0.05800081
   -0.05158673
   -0.10229303
    0.03622433
    0.03991059
    0.03284478
    0.03381404
    0.03162014
    0.04849643
    0.04806356
    0.03269549
    0.03979437
    0.03604415
    0.03307894
    0.03466535
    0.04923817
    0.03449407
    0.04491958
    0.03701627
    0.04026352
    0.02925964
    0.03231329
    0.02585652
    0.02771884
    0.03090467
    0.03364830
    0.03224750
    0.03574048
