$coord
    3.65402863548217    0.83818614355892    2.21461808215904      c
    4.68401893054650    0.34519746903257   -0.01326927704983      c
    5.99223953350944   -1.98899591161017   -0.65931371834399      c
    7.62082461784063   -3.31193073954991    0.85526359501590      c
    8.73198599502148   -2.70126469981185    3.27176755969681      c
    9.37027724500490   -0.42149298347486    4.09164088056982      c
    9.08141037063557    1.75828848601161    2.89085078901093      f
   10.43440070821281   -0.00458352060892    6.33077788033432      f
    8.59109047583975   -6.18205251274924   -0.49687473383041      s
    6.82614999848243   -5.57715051353540   -3.19756051819073      c
    6.62809982243660   -7.11102962893432   -5.31261635753712      c
    5.11801688704841   -6.31350617211422   -7.28137739422647      c
    3.81932021813037   -4.02484381122126   -7.13739126069372      c
    4.00942719438765   -2.50731246826719   -5.03280798274208      c
    5.53972836953218   -3.25787254474605   -3.01725905435322      c
    2.65932881056965    2.57579315974852    2.56487921439399      h
    3.75500611427743   -0.48094180947669    3.76280996745065      h
    4.49242602969068    1.68227957083068   -1.54811169994826      h
    9.22977339222243   -4.27073550863059    4.47913513058918      h
    7.63421513104995   -8.88193574359411   -5.39927784895822      h
    4.93538252710890   -7.47430162907439   -8.94852785892441      h
    2.64484973710604   -3.44200852932935   -8.70067523877363      h
    2.98627984259857   -0.74591245807215   -4.93236391348758      h
$periodic 0
$end
