           1           2   1.9165664935136326     
           2           3   1.0716438313279126     
           3           4   1.2369005512179003     
           4           5   1.6305907969262028     
           5           6   1.1899586131985045     
           3           7   1.4793703413567298     
           6           7   1.1367678824251362     
           7           8   1.1177511784151004     
           8           9   1.8794802670075959     
           1          10  0.97754111101737529     
           1          11  0.97597849596705621     
           2          12  0.96036297663776726     
           4          13  0.96456449182267956     
           5          14  0.97002573635976075     
           8          15  0.96141009525768062     
           9          16  0.97482375109407970     
           9          17  0.97724674347995577     
