           1           2   1.9126856277144120     
           2           3   1.0818456399469365     
           3           4   1.4752286407104371     
           4           5   1.1649154596420885     
           4           6  0.12577156136650477     
           5           6   1.2344066393753617     
           6           7   1.1334498812200120     
           3           8   1.2466788036717449     
           6           8   1.3717913297114348     
           8           9   1.0961308151319324     
           9          10   1.8997285049944992     
           1          11  0.97821990684122817     
           1          12  0.97439828218287095     
           2          13  0.96098759252261523     
           5          14  0.94248745146673107     
           7          15  0.95284312707529562     
           7          16  0.94747206812195239     
           9          17  0.95923517101131495     
          10          18  0.97574131929420116     
          10          19  0.97896346431246539     
