           1           2   1.9010612275494829     
           2           3   1.0904485432915887     
           3           4   1.3525299698237037     
           4           5   1.4762855035028590     
           5           6   1.3591143680168418     
           6           7   1.0562586085110104     
           7           8  0.97484994063134356     
           6           9   1.3149157588516660     
           9          10   1.0689641773896830     
          10          11   1.7491082709233401     
          11          12  0.97726938811083186     
          11          13  0.97009389934016299     
           3          14   1.3901688621256272     
           9          14   1.3956404541993239     
           1          15  0.97799161809199087     
           1          16  0.97262512778555144     
           2          17  0.96404768194834600     
           4          18  0.96764637031023304     
           5          19  0.96641217302998250     
           8          20  0.97678176331815181     
           8          21  0.97847254482336510     
           8          22  0.97684047101582139     
          10          23  0.95029519002881113     
          14          24  0.96301207102635911     
