           1           2   1.9065531494929189     
           2           3   1.0850974696858973     
           3           4   1.3808892117383573     
           4           5   1.3975081892713976     
           5           6   1.0875987115945858     
           6           7   1.9037667242876231     
           5           8   1.3614993312732990     
           8           9   1.4328598714522753     
           9          10  0.98217014632873378     
          10          11  0.99996361297852809     
          10          12  0.98748473050056118     
          10          13  0.98787908124730039     
           3          14   1.3821887903478840     
           9          14   1.4076240509468023     
           1          15  0.97839577138023126     
           1          16  0.97332524870216741     
           2          17  0.96414515257491706     
           4          18  0.96389114192945669     
           6          19  0.96445941994180573     
           7          20  0.97249850098987711     
           7          21  0.97835693272421076     
           8          22  0.95974458418778807     
          11          23  0.98448655573502231     
          11          24  0.98474170306034647     
          11          25  0.98438539774510958     
          12          26  0.98682417728531413     
          12          27  0.98457956846801387     
          12          28  0.98365396510768277     
          13          29  0.98689870733926577     
          13          30  0.98340217883529568     
          13          31  0.98458434542610196     
          14          32  0.96276503149521919     
