           1           2   1.0239005064251465     
           2           3   1.4105758034034186     
           3           4   1.4420302520579020     
           2           5  0.10619652992635814     
           4           5   1.4420428406088748     
           3           6  0.10619685676149436     
           5           6   1.4105640814882989     
           6           7   1.0239013319400221     
           2           8   1.4175851089419713     
           4           8  0.11074315628523765     
           6           8   1.4175955304322403     
           1           9  0.98614578880382353     
           1          10  0.97366585315176601     
           1          11  0.97371031548241160     
           3          12  0.96947071668312201     
           4          13  0.97128613027035127     
           5          14  0.96947061586605376     
           7          15  0.98614546596526576     
           7          16  0.97363667608203786     
           7          17  0.97373914653172888     
           8          18  0.96918354456203715     
