           1           2   1.0053807121499012     
           2           3  0.99387006705530567     
           3           4   1.1415881214595418     
           4           5   1.2575473732372506     
           5           6   1.3679669165567303     
           6           7   1.4722710649361839     
           7           8   1.3964099158548520     
           4           9   1.3558295151555340     
           6           9  0.10696299117567214     
           8           9   1.4692274234074942     
           3          10   1.1640534811992993     
           5          11   1.1459870351702603     
          10          11   1.2407249859390634     
          11          12   1.3912272603713507     
          12          13   1.3918365877634475     
          13          14   1.1025438308538700     
          14          15   1.7255332848215101     
          15          16  0.97291690264357289     
          15          17  0.96609908055754978     
          13          18   1.3271012948602003     
          10          19   1.3392550705375612     
          18          19   1.4948737387813256     
           1          20  0.98485104817711744     
           1          21  0.98680394806668548     
           1          22  0.98689500534653352     
           2          23  0.96883297276995561     
           2          24  0.96902442461405736     
           6          25  0.96913596292969728     
           7          26  0.97163351615106675     
           8          27  0.97190073966895041     
           9          28  0.96648003875921595     
          12          29  0.96636955924426160     
          14          30  0.95450815948618728     
          18          31  0.96813987486413455     
          19          32  0.96584342875903806     
