$coord
    4.81101056166288   -1.90867489486609   -0.55146392652427      f
    4.89055297180466    0.57867790802630   -0.08569639843480      c
    6.65523881808237    1.54125450460132   -1.64969451520746      f
    2.66887727602140    1.52813960811901   -0.87960893452785      f
    5.41570227802598    1.20463987369354    2.62991986106372      c
    6.07964866779052   -0.67996684562417    4.32295405090501      c
    6.53249386738803   -0.07747226102021    6.84388248978342      c
    7.15905270087657   -1.94124809680535    8.61492011639835      n
    9.32816253222004   -1.39394268958659   10.06090234269665      c
    9.58109156524659    0.96546983863621   11.19969292830498      c
    7.19262413213506    3.27732401707470   10.72761232857303      s
   11.68929422156278    1.54906555299066   12.63736996706375      c
   13.58545563372987   -0.22485717761723   12.93227335930635      c
   13.40531161784821   -2.53961491290388   11.72109625859287      c
   11.30797454437208   -3.11307165845074   10.27125846598246      c
    5.65894063911841   -4.07193084728590    9.04674872882321      c
    6.26497991754761   -5.79588589976769   10.94707217863816      c
    4.74785110373609   -7.87115373558664   11.40163784461212      c
    2.56526369566235   -8.30365407655063   10.01537610595643      c
    0.91342744106182  -10.54761564759742   10.51519635658319      c
    1.91576291010959   -6.53276741068223    8.19015085838886      c
    3.41280915025264   -4.45062295032393    7.71541239342088      c
    6.45999451209484    2.46130677084763    7.57307265226164      c
    5.81705885536174    4.33816725406121    5.86040326862076      c
    5.25533809684739    3.71590300533710    3.38925229699535      c
    6.23552962556532   -2.61668069560228    3.70433114098476      h
   11.81625838048137    3.38210499071991   13.52082513313144      h
   15.21581349320610    0.21453542268803   14.07467822516242      h
   14.91105744743600   -3.90436393566893   11.89361045601117      h
   11.18216523545328   -4.89863431271325    9.29316143738491      h
    7.90485440552267   -5.50363699412041   12.12116780176802      h
    5.28009576315050   -9.17398704998546   12.88159337417136      h
    1.93072576659895  -11.98731357713524   11.57036351626563      h
    0.24105285608362  -11.36386812323678    8.75157210371001      h
   -0.73410445050026   -9.98426893582920   11.61779689540719      h
    0.19389289917929   -6.77531564071166    7.11995595952643      h
    2.78932592898027   -3.09323029891886    6.32870191448145      h
    5.73844716971678    6.27504626391845    6.48899629666477      h
    4.72023800856697    5.15580775750959    2.05017146221993      h
$periodic 0
$end
