$coord
    4.18134626310688   -0.42614462822679   -2.08469544769051      c
    4.09059887876237    0.45799777772725    0.41234768899585      o
    5.72912322365995    2.16615889630444    1.42404259909285      c
    7.80260375331728    3.43773846095793    0.39736346140099      c
    8.82688968312065    3.23791050102553   -2.25430875403753      c
    9.13576894989183    5.10898206044800    1.94904926309152      c
    8.55297135562267    5.60162856649882    4.44147343233979      c
   10.02610962257416    7.40521472403793    6.04488570130742      c
    6.48337134799397    4.32144105420098    5.43934151168697      c
    5.80623561255753    4.71152526017615    7.86326782465752      f
    5.12190434788640    2.65946414723745    3.96954121465537      c
    3.12704684601127    1.44292640418816    4.97556868586187      f
    2.60330223683935   -1.74495780537327   -2.22413262234569      h
    5.93355452426867   -1.44855826462132   -2.48370400243756      h
    3.89583047413075    1.09298727857743   -3.45774696921924      h
    7.81252855800118    1.95034767805629   -3.46813038360790      h
   10.79146413963904    2.62502419205335   -2.17249819226217      h
    8.79495975715909    5.10150433160103   -3.13058158487898      h
   10.73359857008499    6.07633512746119    1.12478201663948      h
   11.56888613139805    8.23575456868385    4.97637085526970      h
   10.79356036885785    6.43176010899079    7.68773585623975      h
    8.80016000489808    8.90769765762279    6.73416687116849      h
$periodic 0
$end
