$coord
    4.90769485110158    1.51501450137522   -1.56802266441240      c
    4.45611244091942   -0.63671901447552   -0.36179022389608      c
    6.13557311703514   -1.90763000746167    1.41726356193179      c
    5.57636250291299   -4.42517801179156    2.14079021247005      c
    7.06908842758079   -5.75437939733787    3.80094336432013      c
    6.62074279509032   -8.33770153052305    4.62797265489571      c
    4.76109009248000   -9.84062008115757    3.86640450767149      c
    9.21329063431805   -4.50416448378761    4.79830203440748      c
   10.93546625291332   -5.31367297481031    6.41064536219225      n
   12.55176004380218   -3.37403618425688    6.73377322449750      c
   11.84789109264854   -1.31756863402957    5.31647801265402      c
    9.71300889323466   -2.02134928270767    4.06710515314052      n
    8.22562808666966   -0.75110069085170    2.42807964661917      c
    3.54717271180360    2.30641969091665   -2.85584718085243      h
    6.63527607530164    2.56545274170809   -1.34332001411715      h
    2.69525670820387   -1.61932066065330   -0.70876547924077      h
    3.92067536471613   -5.30496396869716    1.34114960021583      h
    7.99411843582837   -8.99961552346459    5.98811469884905      h
    3.35864577552850   -9.26484174451986    2.50852727150151      h
    4.57642510217894  -11.73318527344689    4.58665910700199      h
   14.14524158367410   -3.55215912770132    7.97315879701350      h
   12.67513206187538    0.51708110763759    5.11169777544339      h
    8.75830741107051    1.17016356540820    2.00311206388561      h
$periodic 0
$end
