$coord
        1.60810931463973       -6.45194073732743        0.00192599609879      c
        0.58785971513440       -4.30282172411295       -0.79125907837399      c
        1.50901386599955       -1.79683730733532       -0.14506414955966      c
        3.93619060296899       -1.28952526983180        0.56454558183056      c
        4.45602152998721        1.85454290323425        1.14752601588922      s
        1.37819006270702        2.55507519669424        0.45049510044445      c
        0.00327378009898        0.46773029278741       -0.21285988203687      c
       -2.65553417174675        0.46806391361322       -0.85063951726438      c
       -4.14413124069776        2.47122669379681       -1.06428505366860      c
       -3.51459313367417        4.88031432948659       -0.74234766034872      f
       -6.58567905041475        2.32784275642142       -1.65565500134366      f
        0.85499064519700       -8.25541008144480       -0.55983400721548      h
        3.21125162447248       -6.49183047584742        1.25327551299073      h
       -1.04571360698822       -4.36452130050187       -2.01894889511739      h
        5.47670840055723       -2.59241497782922        0.73093944900607      h
        0.75223348649971        4.47480716113673        0.58152155973578      h
       -3.54727816895734       -1.33347692700378       -1.18498052827471      h
$end
