           1           2   1.9215721451069290     
           2           3   1.0687955697143467     
           3           4   1.5719471229967181     
           4           5   1.1947054832297808     
           4           6  0.10284016126493123     
           5           6   1.2057944435978265     
           3           7   1.1842901057679558     
           6           7   1.5650623885765982     
           7           8   1.0665310450262213     
           8           9   1.7486192488566108     
           9          10  0.98329940044699737     
           9          11  0.97242440135439889     
           1          12  0.97683759074669485     
           1          13  0.97579566444725085     
           2          14  0.96054240090730381     
           4          15  0.97016783396164630     
           6          16  0.97015541242090864     
           8          17  0.95256356671776155     
