           1           2   1.0255715129448588     
           2           3   1.3850093127185741     
           3           4   1.4558365985129647     
           2           5  0.10368745257519560     
           4           5   1.3996347979311583     
           5           6  0.97712441324968347     
           6           7   1.2309975409052567     
           6           8   1.6951620480132870     
           7           8  0.19877371461287927     
           3           9  0.10496127851314371     
           5           9   1.3540102039744188     
           9          10   1.0217294862337443     
           2          11   1.4069342071188451     
           9          11   1.4224702429086626     
           1          12  0.98590098252373704     
           1          13  0.96551722334960044     
           1          14  0.96819058757247534     
           3          15  0.96776247119829173     
           4          16  0.96715063498304510     
           7          17  0.94698465091988737     
           7          18  0.94268169524955914     
          10          19  0.97964412780602372     
          10          20  0.97688885491261945     
          10          21  0.96266507381167177     
