           1           2  0.95332817899752076     
           2           3  0.94111964245942414     
           2           4  0.94233506002053025     
           2           5  0.95161803462109384     
           5           6   1.4171912117711669     
           6           7   1.3769235201878851     
           7           8   1.0501651639272160     
           8           9   1.0241485980115117     
           9          10   1.3556592855844225     
          10          11   1.0099479302708323     
          10          12   1.4027671116303213     
          12          13   1.4421854172374413     
          13          14   1.4259167904186540     
           9          15   1.3790949747348191     
          12          15  0.10465919460051699     
          14          15   1.4450719330514328     
           8          16   1.0937658672169772     
          16          17   1.3500751317061241     
          17          18   1.4621308549493270     
          18          19   1.3926872833394153     
          19          20   1.0131077704935936     
          20          21   1.8019056463269385     
          21          22  0.97788256391059480     
          21          23  0.97224598876232382     
          17          24  0.10207554260346673     
          19          24   1.3917310886081606     
          16          25   1.3485468477598539     
          18          25  0.10219058889802084     
          24          25   1.4633927940675859     
           7          26   1.3370587505057139     
          11          26   1.0401795925562374     
          26          27   1.3968295906833077     
           5          28   1.3921390031849581     
          27          28   1.4478099305470207     
           6          29  0.96110236070498622     
          12          30  0.96723968499293278     
          13          31  0.96887686783011029     
          14          32  0.96940020545760552     
          15          33  0.96541264884697786     
          17          34  0.96130124217139468     
          18          35  0.96969923442239625     
          20          36  0.94740717383867457     
          24          37  0.96979801429818324     
          25          38  0.96186587339087359     
          27          39  0.96561274984936030     
          28          40  0.96608216332764907     
