           1           2   1.8637247538565171     
           2           3   1.1330935758882812     
           3           4   1.1358747839445817     
           4           5   1.1813606407369894     
           5           6   1.5969726014133490     
           6           7   1.0227871192913125     
           3           8   1.4695717138726132     
           6           8   1.2147127248334526     
           8           9   1.0761988574192172     
           9          10   1.9104679522346433     
           1          11  0.97755325999341158     
           1          12  0.97182943870851557     
           2          13  0.96142117551952699     
           5          14  0.96960745424527972     
           7          15  0.98278291274040075     
           7          16  0.97534335496024560     
           7          17  0.96778249507545655     
           9          18  0.95474793160780036     
          10          19  0.97496258609069553     
          10          20  0.97791891920454699     
