           1           2   1.8946453061055823     
           2           3   1.0968660606544658     
           3           4   1.3617319705061470     
           4           5   1.4328221058285959     
           5           6  0.96340430362920237     
           5           7   1.3194772602039437     
           7           8   1.0998461597453559     
           8           9   1.8897861237888771     
           7          10   1.3202218240612338     
          10          11  0.96427777981273088     
           3          12   1.3631622408226554     
          10          12   1.4326723741480574     
           1          13  0.97745616740777763     
           1          14  0.97233971376950357     
           2          15  0.96357944124658268     
           4          16  0.96356472822932293     
           8          17  0.96175666154142725     
           9          18  0.97311823766824734     
           9          19  0.97770683445661200     
          12          20  0.96058209576830922     
