$coord
    5.48345630773194    0.01074973722675    0.00806823621896      c
    2.65091558999805   -0.02038590508597    0.00460993772229      c
    1.30781325460420   -2.27035844312406    0.00245226672202      c
   -1.30862480016601   -2.27194195653913   -0.00029509187288      c
   -2.65443983588886   -0.02358591472566   -0.00097525331733      c
   -5.48701208975136    0.00411383301244   -0.00372970225219      c
   -1.30793462256763    2.23259178186870    0.00100143712639      c
    1.30168434657374    2.23416656455901    0.00376145265923      c
    6.24157171512884   -1.89858304530806    0.00589381653939      h
    6.18837332648461    0.99521171764931    1.67331948957442      h
    6.19254545544031    1.00078233249487   -1.65206962564766      h
    2.31438845995013   -4.04802621597918    0.00294785775602      h
   -2.31303979055081   -4.05082481407597   -0.00190286997481      h
   -6.24280819938508   -1.90613929280582   -0.00389547059284      h
   -6.19363753098937    0.99000590858250   -1.66739646402925      h
   -6.19680946946839    0.99100270921781    1.65799702489307      h
   -2.32156162448769    4.00627929745349    0.00040919451714      h
    2.31318313880038    4.00906800760596    0.00533061180404      h
$periodic 0
$end
