           1           2   1.0242151084083355     
           2           3   1.4204716193383613     
           3           4   1.4381153112128433     
           2           5  0.10607107623267807     
           4           5   1.4204696389840947     
           5           6   1.0242160444107236     
           3           7  0.10882968954344263     
           5           7   1.3999644273753413     
           2           8   1.3999632388381817     
           4           8  0.10883079345886200     
           7           8   1.4619975242028749     
           1           9  0.98615759765273481     
           1          10  0.97373412858806718     
           1          11  0.97378175633755426     
           3          12  0.96918829151176256     
           4          13  0.96918853992604270     
           6          14  0.98615749325805402     
           6          15  0.97374872873231333     
           6          16  0.97376651267714065     
           7          17  0.97025859771163514     
           8          18  0.97025874063067941     
