           1           2   1.8959253389853996     
           2           3   1.0952133761920138     
           3           4   1.3643051492677383     
           4           5   1.4727615111513304     
           5           6   1.3729340946355688     
           6           7   1.0791943386654170     
           7           8   1.9139790704817257     
           6           9   1.3428702477367120     
           9          10  0.97830958011521163     
          10          11   1.0439011293545093     
          11          12   2.8459314304453196     
           3          13   1.3666470130957924     
           9          13   1.4493484491410871     
           1          14  0.97814931693147378     
           1          15  0.97267195223773262     
           2          16  0.96428688020833864     
           4          17  0.96786859546655657     
           5          18  0.96683715265841974     
           7          19  0.95753642916922010     
           8          20  0.97450637320325573     
           8          21  0.97783693243458980     
          10          22  0.93150625673052057     
          10          23  0.94317178654178757     
          13          24  0.96217341006825341     
