           1           2  0.98149162950518853     
           2           3  0.98389190320358866     
           3           4   1.3656739838078971     
           4           5   1.0246305753480245     
           4           6   1.4300626017188913     
           6           7   1.3536349893378545     
           7           8   1.1437289322485822     
           7           9   1.3537873517990477     
           3          10   1.3656869986277753     
           9          10   1.4300105858219407     
          10          11   1.0245671638655434     
           1          12  0.98061223215059501     
           1          13  0.97902253057072142     
           1          14  0.97856593398562453     
           5          15  0.98077744369607855     
           5          16  0.96858299645269508     
           5          17  0.98085979766236098     
           6          18  0.96677295786694550     
           8          19  0.95630136220612538     
           8          20  0.95627317439317761     
           9          21  0.96684251771985497     
          11          22  0.98034129169449580     
          11          23  0.96890985907847371     
          11          24  0.98109661363178025     
