$coord
    4.79725668781467    0.95689261681923   -0.00047872890477      c
    2.03620155814565    0.46360857860609   -0.00533513161266      c
    1.24581650447245   -1.94699561273368   -0.01002852594733      o
   -1.31558300651435   -2.00461230380350   -0.01391032195458      n
   -2.11163660001063    0.33375245620151   -0.01168037695932      c
   -4.83944416415574    0.97936231517267   -0.01481814920043      c
   -0.02391501399198    2.01741322700580   -0.00612377715218      c
    5.80660578237630   -0.83084021239993   -0.00231973418557      h
    5.32829880107639    2.03492615083317    1.66914957551015      h
    5.33306498257927    2.04110504356659   -1.66456458549134      h
   -5.95423768189038   -0.74333105823865   -0.01844278249453      h
   -5.29974167639801    2.09553789666861   -1.68111878283330      h
   -5.30451652925136    2.09166551513633    1.65273725668957      h
   -0.06553236879527    4.03827676009377   -0.00323695830771      h
$periodic 0
$end
