           1           2   1.0275089901921928     
           2           3   1.1568489512344318     
           2           4  0.15629740642598111     
           3           4   1.0830924041027830     
           4           5   1.5762579804443111     
           5           6   1.0307467339429985     
           2           7   1.5617775648188510     
           5           7   1.2688739242689624     
           1           8  0.98153568621306209     
           1           9  0.96812211741453480     
           1          10  0.96813772087540861     
           6          11  0.98280940389187099     
           6          12  0.96993805199166716     
           6          13  0.96995010927182634     
           7          14  0.97514207571590272     
