$coord
    2.78659247368089   -2.94634068287062    4.57269792650960      c
    5.42489841977155   -2.67372808218474    4.16820322651909      o
    6.17693063114865   -0.86152818568081    2.54856640859396      c
    4.72221172695851    0.52783579668187    1.47470282240749      o
    8.96361159825314   -0.81176897791359    2.29518274018903      c
   10.40616649628439   -2.82107601579698    3.20588389944483      c
   13.01241727280321   -2.79407818915447    2.96047887432168      c
   14.63463896008999   -4.91379372486985    3.89091851124260      c
   14.05758831852082   -0.68750182029367    1.77682301625094      c
   12.72246944161158    1.22825669914040    0.91423985216667      n
   10.22550974499661    1.22023695956163    1.13754053312996      c
    8.89878800039109    3.47690115996863    0.09828591841117      c
    2.50369316699688   -3.25775832606911    6.58736802758193      h
    2.09973422828756   -4.57319277336319    3.50496659061589      h
    1.79816843230537   -1.24480656200817    3.95351345813965      h
    9.47032179342606   -4.40187521841971    4.09431740595471      h
   13.50967450905480   -6.30560998679228    4.89941282507026      h
   16.09656350094846   -4.19985548649262    5.15024985664281      h
   15.56735698357122   -5.84275073862056    2.30795238822488      h
   16.08151558201982   -0.53717508768400    1.50928378680344      h
   10.29424334179698    4.85576489636787   -0.50531707712304      h
    7.64776687903885    4.30221786142999    1.50380257480870      h
    7.72885359199905    2.92989983452943   -1.50197069153359      h
$periodic 0
$end
