   -0.19166042
    0.31302057
   -0.18526127
   -0.08226711
    0.02046393
   -0.03180769
   -0.03893171
    0.06906946
   -0.04981632
    0.13475310
    0.00354868
   -0.02643606
   -0.02652167
   -0.02751179
   -0.02857650
   -0.03194825
   -0.28685226
    0.03388541
    0.06731715
   -0.04102960
   -0.03835826
   -0.03604705
   -0.05075436
   -0.04016361
   -0.03438438
    0.08137691
    0.04484479
    0.04380444
    0.05376239
    0.03834524
    0.03580187
    0.03368432
    0.02747111
    0.04564331
    0.03348046
    0.03251873
    0.02722538
    0.05003860
    0.05827245
