           1           2   1.9036874446386509     
           2           3   1.0887103135488290     
           3           4   1.3863071077931324     
           4           5   1.3917780523331063     
           5           6   1.0892104718705475     
           6           7   1.9030740651354578     
           5           8   1.3646547956747863     
           8           9   1.4251442457467307     
           9          10  0.94919159933571839     
          10          11  0.95133971611186374     
          10          12  0.93926092351646417     
          10          13  0.94135116788044559     
           3          14   1.3718232370720189     
           9          14   1.4151902043762532     
           1          15  0.97728725205365208     
           1          16  0.97191598045888650     
           2          17  0.96375726348449187     
           4          18  0.96497593257561975     
           6          19  0.96378655974651428     
           7          20  0.97177218381733665     
           7          21  0.97728909935432196     
           8          22  0.96175906431944314     
          14          23  0.96299278256819498     
