   -0.08815907
   -0.02958294
    0.00593133
   -0.03846698
   -0.05641789
    0.05860987
    0.03089230
   -0.04568695
   -0.16057639
    0.03417683
   -0.04380812
    0.00582771
   -0.03010132
   -0.08738946
   -0.04004931
   -0.05852057
    0.05770778
   -0.07429515
    0.00134714
   -0.06227873
   -0.05685373
   -0.05642547
   -0.05220755
   -0.10066153
    0.03595286
    0.03691992
    0.03458307
    0.03793294
    0.03397860
    0.04253048
    0.04740608
    0.03273325
    0.03995252
    0.03620430
    0.03331567
    0.03122571
    0.03269614
    0.05301910
    0.03661779
    0.03518475
    0.04250337
    0.03057274
    0.02464563
    0.03007274
    0.02905308
    0.02707798
    0.04051461
    0.03109656
    0.03119830
