           1           2   1.8910844586135860     
           2           3   1.0976755306302104     
           3           4   1.3617439244187683     
           4           5   1.4674375632034129     
           5           6   1.3477825769224321     
           6           7   1.3192969842470021     
           3           8   1.3582681089305784     
           7           8   1.4340274588295439     
           7           9   1.0132965733433881     
           9          10   1.0138767316708674     
          10          11   1.4382190566147428     
          11          12   1.3555746639227593     
          12          13   1.0974612470691836     
          13          14   1.8913591980124358     
          12          15   1.3648699556111206     
          15          16   1.4615254793173427     
          10          17   1.3155452617408350     
          16          17   1.3511570675952220     
           6          18   1.0943679176504166     
          17          18   1.0947349599596539     
          18          19  0.98688711219774927     
          19          20  0.99397062351286669     
          20          21   1.0073671409733707     
          21          22   1.0093362333030691     
          22          23   1.0064403782235103     
          23          24   1.0203712124527815     
           1          25  0.97846764723224888     
           1          26  0.97326497101771769     
           2          27  0.96463313368437775     
           4          28  0.96545957974667451     
           5          29  0.96350796792125681     
           8          30  0.96548705050123862     
          11          31  0.96244769336724889     
          13          32  0.96442760039536202     
          14          33  0.97304440971785555     
          14          34  0.97847599244099581     
          15          35  0.96820759750178031     
          16          36  0.96351109372701571     
          19          37  0.96478304820837135     
          19          38  0.96512304127576265     
          20          39  0.97530937876045309     
          20          40  0.97486934827066740     
          21          41  0.97195281077535500     
          21          42  0.97642806528727544     
          22          43  0.97802528551247725     
          22          44  0.97374470159191362     
          23          45  0.97816174267398226     
          23          46  0.97885758105607024     
          24          47  0.98424654856644223     
          24          48  0.98743765311364795     
          24          49  0.98710674641252072     
