           1           2  0.98678732150615855     
           2           3   1.0578050050792271     
           3           4   1.3723123362621967     
           4           5   1.4447045587096152     
           5           6   1.3798332433089104     
           6           7   1.0487397931367255     
           7           8   1.1033256368365825     
           8           9   1.3379447849970141     
           9          10   1.4896156180470073     
          10          11   1.3506893169074157     
          11          12   1.1083504297097386     
          12          13   1.7182482159098464     
          13          14  0.97376174207825861     
          13          15  0.96665980307466426     
          11          16   1.3499684150366169     
           8          17   1.3378301123765219     
          16          17   1.4888252210328059     
           7          18   1.0475381324758541     
          18          19   1.3801111286532648     
          19          20   1.4448752053495744     
          20          21   1.3720924066952445     
          21          22   1.0584165317176162     
          22          23  0.98658429394541369     
          19          24  0.10440397014794760     
          21          24   1.3420126859006611     
          18          25   1.3535503480464706     
          24          25   1.4825600519210977     
           6          26   1.3530247990772217     
           3          27   1.3420064296440997     
           5          27  0.10439534672087609     
          26          27   1.4827720456407447     
           1          28  0.97962789759908020     
           1          29  0.97653111409932603     
           1          30  0.97661107148900661     
           4          31  0.96594315222101279     
           5          32  0.96799593819809160     
           9          33  0.96678567241751812     
          10          34  0.96737627390480241     
          12          35  0.95472223694203662     
          16          36  0.96828860986372456     
          17          37  0.96686025490836514     
          19          38  0.96796632974365271     
          20          39  0.96590180085632482     
          23          40  0.97963217038431716     
          23          41  0.97653284652861305     
          23          42  0.97660434164887333     
          24          43  0.96771365656477315     
          25          44  0.96744064721850775     
          26          45  0.96742198794848844     
          27          46  0.96771750399558021     
