           1           2   1.9163456219534614     
           2           3   1.0760295500280568     
           3           4   1.3950860358928021     
           4           5   1.4339758723205174     
           5           6   1.4347538895020109     
           6           7   1.3945408077717478     
           7           8   1.0760209858989485     
           8           9   1.9086179884003407     
           3          10   1.3011077464376315     
           7          10   1.3022966098249007     
          10          11   1.1714815012625521     
           1          12  0.97851111139904101     
           1          13  0.97515510245286496     
           2          14  0.95261906495412196     
           4          15  0.96819276394039810     
           5          16  0.97059643321274613     
           6          17  0.96974293228958564     
           8          18  0.96125387221818603     
           9          19  0.97295336486047657     
           9          20  0.97804323969438145     
          11          21  0.94117518534974820     
          11          22  0.94388774495862937     
