           1           2   1.0276547369607731     
           2           3   1.4352152857632818     
           3           4   1.4040075050239580     
           4           5   1.4362316735786660     
           5           6   1.2942351727236461     
           2           7   1.3677359193681340     
           6           7   1.4517598335480586     
           6           8   1.0067319857203345     
           8           9   1.8085147664703480     
           8          10   1.0080640709116275     
          10          11   1.4377994322875614     
          11          12   1.3818454210398357     
          12          13   1.0269726636162055     
          12          14   1.4218471581510022     
          14          15   1.4178909766297161     
           5          16   1.0565547494452563     
          10          16   1.3031152905276358     
          15          16   1.4255628333648720     
           1          17  0.98553849862618748     
           1          18  0.97081009562036158     
           1          19  0.97083373063962530     
           3          20  0.96870050383285788     
           4          21  0.96845509689233245     
           7          22  0.96620979152899356     
          11          23  0.96522199511094431     
          13          24  0.98549365984259196     
          13          25  0.97134167295162688     
          13          26  0.97136178543190133     
          14          27  0.96977973135363016     
          15          28  0.96839959815776200     
