           1           2   1.9048739748171266     
           2           3   1.0854767688126719     
           3           4   1.5667770922485940     
           4           5   1.1985079201456692     
           5           6   1.2148010362325126     
           3           7   1.1746524917242296     
           6           7   1.5453837830423434     
           7           8   1.1037765085704629     
           8           9   1.7206103720758497     
           9          10  0.97707275604344690     
           9          11  0.97427624713293293     
           1          12  0.97796478828896483     
           1          13  0.97539943330852419     
           2          14  0.95739054211764474     
           4          15  0.96866764126997906     
           6          16  0.96781136587526528     
           8          17  0.94956110580052322     
