           1           2   1.9099171612757857     
           2           3   1.0741917055208903     
           3           4   1.4436604450772219     
           4           5   1.3349254366015912     
           5           6   1.1958687039798730     
           6           7   1.6144572427141981     
           6           8  0.12225935661096397     
           7           8   1.2094915112957709     
           5           9   1.2536779080861180     
           8           9   1.1648247710417283     
           9          10   1.2973895782597857     
          10          11   1.0794876415573817     
          11          12   1.9076033857535413     
           3          13   1.2598269339775405     
          10          13   1.3370700213235933     
          13          14   1.1687234123605337     
           1          15  0.97787800810021697     
           1          16  0.97297227167753020     
           2          17  0.96120474026250535     
           4          18  0.96632361543683631     
           7          19  0.96413505976446234     
           8          20  0.93955156284970698     
          11          21  0.95264407098405735     
          12          22  0.97433362325578721     
          12          23  0.97862455269172377     
          14          24  0.94465565608231661     
          14          25  0.94026425513750311     
