           1           2   1.8599221029159194     
           2           3   1.1397499329732070     
           3           4   1.5029329889972614     
           4           5   1.3009487661973429     
           5           6   1.0110078843043073     
           6           7  0.98760307485423815     
           7           8   1.0096784044589211     
           8           9   1.0189913162546393     
           5          10   1.4709328069975536     
          10          11   1.1438272558680378     
          11          12   1.8565200897841447     
           3          13   1.1360125171153133     
          10          13   1.1289306123350766     
           1          14  0.97843302739479299     
           1          15  0.97223351866685004     
           2          16  0.95886036480088743     
           4          17  0.96397415182792812     
           6          18  0.97387594407571831     
           6          19  0.96777538897464432     
           7          20  0.97663704139098795     
           7          21  0.97662650509067517     
           8          22  0.97674664350942764     
           8          23  0.97828769938061377     
           9          24  0.98799891872447088     
           9          25  0.98743427340412537     
           9          26  0.98787711688541391     
          11          27  0.95552494444307157     
          12          28  0.97173302169666753     
          12          29  0.97861430370665714     
