           1           2   1.8989790828207496     
           2           3   1.0963273966075595     
           3           4   1.5195330294661586     
           4           5   1.2192408888189556     
           5           6  0.86906131579143253     
           6           7  0.83777705675634750     
           7           8   1.0214997120638969     
           7           9   1.0201704023165796     
           6          10  0.83701861678653056     
          10          11   1.0205703002538815     
          10          12   1.0217232885190066     
           6          13  0.84573664434907370     
          13          14   1.0191123684909709     
          13          15   1.0195504102635407     
           4          16  0.11119345221909362     
           5          16   1.2145621772398194     
           3          17   1.1926076071383014     
          16          17   1.5204629152442213     
          17          18   1.0979538723313638     
          18          19   1.8982333887077516     
           1          20  0.97925596099756962     
           1          21  0.97710809876615357     
           2          22  0.95956967594173581     
           4          23  0.96454881665498038     
           7          24  0.97147544621878934     
           8          25  0.98743470396720501     
           8          26  0.98703594509383197     
           8          27  0.98389388103708786     
           9          28  0.98700838567955895     
           9          29  0.98363137026786374     
           9          30  0.98838907130639742     
          10          31  0.97253409199765040     
          11          32  0.98658854251740158     
          11          33  0.98715130701346587     
          11          34  0.98369894142505832     
          12          35  0.98783190162752132     
          12          36  0.98396306044385762     
          12          37  0.98717276944155963     
          13          38  0.97373501566094400     
          14          39  0.98607189454514221     
          14          40  0.98415668496120423     
          14          41  0.98293580708880923     
          15          42  0.98546375012178933     
          15          43  0.98300917745328487     
          15          44  0.98415631906860557     
          16          45  0.97235020593078025     
          18          46  0.96305567332373099     
          19          47  0.97350480744557788     
          19          48  0.97897286810676787     
