           1           2   1.9143888974112511     
           2           3   1.0774133163457373     
           3           4   1.3816783357497522     
           4           5   1.4386043361806951     
           5           6   1.0098225710876376     
           6           7   1.0017170471225294     
           5           8   1.3468400193640102     
           8           9   1.0744479997956464     
           9          10   1.9170534067247529     
           8          11   1.3802965643438410     
           3          12   1.3421453056543426     
          11          12   1.4393064227847385     
          12          13   1.0131654791199165     
          13          14   1.0025488376422387     
           1          15  0.97852741295652412     
           1          16  0.97487081101747997     
           2          17  0.95666124979285683     
           4          18  0.96468171560951865     
           6          19  0.97362673289168689     
           6          20  0.97293035311670240     
           7          21  0.98835318957365736     
           7          22  0.98654531321865069     
           7          23  0.98691296571017795     
           9          24  0.95905694849686474     
          10          25  0.97470395933712650     
          10          26  0.97840991034947666     
          11          27  0.96424842932628319     
          13          28  0.97611978798924126     
          13          29  0.96504517219234143     
          14          30  0.98883209403166705     
          14          31  0.98673780315133752     
          14          32  0.98554073372019124     
