           1           2   1.8993502812129426     
           2           3   1.0924189482407667     
           3           4   1.3585799077599501     
           4           5   1.4756781942758619     
           5           6   1.3714766244909973     
           6           7   1.0625612342102355     
           7           8   1.7573798055378840     
           8           9  0.97908084016330854     
           8          10  0.96821655855513200     
           6          11   1.3523829356797867     
          11          12   1.0292995705482826     
           3          13   1.3812873010001605     
          11          13   1.4310542111752671     
           1          14  0.97810353275783668     
           1          15  0.97269543010048121     
           2          16  0.96417576388507531     
           4          17  0.96784681857671140     
           5          18  0.96906088928861889     
           7          19  0.95036482799804467     
          12          20  0.97855313458398174     
          12          21  0.98114834389271655     
          12          22  0.96291312466122736     
          13          23  0.96277287157631164     
