$coord
    1.76642720988620   -0.01844873220654    0.07297834476093      c
    4.58485246602212    0.06399324655723    0.07143890952055      c
    5.95592191770709    2.25982440197105    0.07168254553322      c
    4.75021869002996    4.50102749102578    0.07341162306400      f
    8.63411425157748    2.31869381840155    0.07017700148158      c
    9.74017203017597    4.61071404903068    0.07060791222370      f
   10.10034756863215    0.18523141734384    0.06833826394727      c
   12.91967282141696    0.22671860301636    0.06670932591056      c
    8.75225706478973   -2.12021964403432    0.06805535003072      c
    9.74421859028180   -4.43516728286433    0.06643181630460      n
    7.48741640452809   -6.46378172750884    0.06679205416948      s
    5.14366623372739   -4.53629393633202    0.06901740480862      n
    6.03294661581790   -2.17999193316921    0.06958437673744      c
    0.98035404406920    1.87767347646562    0.07429731415852      h
    1.10159699412791   -1.03850844895166    1.73134488129222      h
    1.09974783749573   -1.03696576148012   -1.58559528252873      h
   13.62166642239255    2.15555260208235    0.06717089294705      h
   13.62860157104897   -0.76157718314145   -1.59262623137464      h
   13.63054843889377   -0.76307992810394    1.72431446968490      h
$periodic 0
$end
