           1           2   1.8909084058979124     
           2           3   1.0994009208199869     
           3           4   1.3595794162306230     
           4           5   1.4086296833572340     
           5           6   1.0687102335231660     
           6           7  0.98383113260857502     
           5           8   1.2750060795536522     
           8           9   1.1083192528420232     
           9          10   1.8821042224969673     
           8          11   1.3809795524952133     
           3          12   1.3267976801375039     
          11          12   1.4218078999661001     
          12          13  0.95068589027388184     
           1          14  0.97804372827791541     
           1          15  0.97261398490861350     
           2          16  0.96336686591027609     
           4          17  0.95801612185948637     
           7          18  0.97877222462942137     
           7          19  0.97572185129424260     
           7          20  0.97558243139472589     
           9          21  0.96332116715113381     
          10          22  0.96970217510408763     
          10          23  0.97792214410797218     
          11          24  0.96350501822603951     
