           1           2   1.0256113668923938     
           2           3   1.4082565499694266     
           3           4   1.4082958555485035     
           4           5   1.0256047194930895     
           2           6  0.10138798577705950     
           4           6   1.4191453132603740     
           6           7   1.3648536773128619     
           7           8   1.0935890600416998     
           8           9   2.8032786193492480     
           2          10   1.4191862580794941     
           4          10  0.10137650624698429     
           7          10   1.3649742463967440     
           1          11  0.98543990190444486     
           1          12  0.97165122862274522     
           1          13  0.97150713903040264     
           3          14  0.96645082457793918     
           5          15  0.98543891825076990     
           5          16  0.97140965926739953     
           5          17  0.97174648617436388     
           6          18  0.96949571566371995     
          10          19  0.96950124208412569     
