           1           2   1.8815135704445871     
           2           3   1.1062715047692020     
           3           4   1.4509977495703323     
           4           5   1.3753968562206480     
           5           6   1.4509689442709908     
           6           7   1.1063372189768810     
           7           8   1.8814476450123627     
           6           9   1.2116322198222254     
           9          10   1.3030941439072525     
          10          11   1.5499946529880839     
          11          12   1.2881856638213913     
          12          13   1.5500059819883554     
           3          14   1.2116475165993892     
           9          14   1.2308048027316565     
          13          14   1.3030841754362277     
           1          15  0.97796071481763935     
           1          16  0.97259267715765496     
           2          17  0.95942835949165883     
           4          18  0.96464029184884381     
           5          19  0.96463864189948134     
           7          20  0.95942389691174568     
           8          21  0.97258675496183900     
           8          22  0.97795880953573655     
          11          23  0.96243440592366081     
          12          24  0.96243348556522434     
