           1           2   1.8908240315474538     
           2           3   1.0978705091717409     
           3           4   1.3685013007018805     
           4           5   1.4561304334669711     
           5           6   1.3486656794843852     
           6           7   1.3098703257350968     
           3           8   1.3514596320624224     
           7           8   1.4412935452533364     
           7           9   1.0168830390349819     
           9          10   1.0165672045053764     
          10          11   1.4415668411628928     
          11          12   1.3512677885730604     
          12          13   1.0980680879470803     
          13          14   1.8905742544310535     
          12          15   1.3685261071113126     
          15          16   1.4563215216225156     
          10          17   1.3099279382217808     
          16          17   1.3490275035861361     
           6          18   1.1030236426691400     
          17          18   1.1030409181759595     
          18          19  0.99448396359844737     
          19          20  0.98141893118310275     
          20          21   1.0081010815970990     
          21          22   1.0071214533613881     
          22          23   1.0070097989717754     
          23          24   1.0201405825142766     
           1          25  0.97854066703735298     
           1          26  0.97311634179803042     
           2          27  0.96449298606514078     
           4          28  0.96845619364256175     
           5          29  0.96064768456738014     
           8          30  0.96219011666602161     
          11          31  0.96213334410158780     
          13          32  0.96452477615864918     
          14          33  0.97306485368651463     
          14          34  0.97853944967219131     
          15          35  0.96844277104380849     
          16          36  0.96081613285489631     
          19          37  0.96996425898162253     
          19          38  0.96997341384310620     
          20          39  0.97804803220483150     
          20          40  0.97798202333985218     
          21          41  0.97038716265979397     
          21          42  0.97339675058170450     
          22          43  0.97754380636245763     
          22          44  0.97705546567981627     
          23          45  0.97823108676063508     
          23          46  0.97848968386146362     
          24          47  0.98606391061275833     
          24          48  0.98742737701575667     
          24          49  0.98756621488940333     
