           1           2   1.0228034983114627     
           2           3   1.4524280877941083     
           3           4   1.3614306716599094     
           4           5   1.1462798032706809     
           5           6   1.3615964156441116     
           6           7   1.4522893817467859     
           7           8   1.0227989459168982     
           7           9   1.3639421761010335     
           6          10  0.10386195210226865     
           9          10   1.4779964177670732     
           5          11   1.2633761246624928     
          10          11   1.3534626667031193     
          11          12   1.1225210247527786     
          12          13   1.0377604088239032     
          13          14   1.3832265689265442     
          14          15   1.4500495908061515     
          15          16   1.4098179125366086     
          16          17   1.0259522487021817     
          14          18  0.10679807682803878     
          16          18   1.4015264064040023     
          13          19   1.3768138323612880     
          15          19  0.10520802333324182     
          18          19   1.4588875040997027     
           4          20   1.2635754438508588     
          12          20   1.1223037606067641     
           3          21  0.10388313857992949     
          20          21   1.3534346366295997     
           2          22   1.3638216870868027     
          21          22   1.4781280839207165     
           1          23  0.98627853107176378     
           1          24  0.97399775201901551     
           1          25  0.97536631839787569     
           3          26  0.96696504426993857     
           6          27  0.96696192179033424     
           8          28  0.98627295804517645     
           8          29  0.97396132269431646     
           8          30  0.97541486477053574     
           9          31  0.97070877219560348     
          10          32  0.96651787016740409     
          14          33  0.96806708985218126     
          15          34  0.96875057150670063     
          17          35  0.98476855239868155     
          17          36  0.96862900453404999     
          17          37  0.97769284074373708     
          18          38  0.96945668440833588     
          19          39  0.96803560112477438     
          21          40  0.96645322429111735     
          22          41  0.97070483242012706     
