$coord
    5.27189791100271   -2.43255004166060    0.02703874362307      c
    4.30773859039050   -0.25043033401151   -0.77410238816602      c
    5.71494660954219    2.00273771411894   -1.40783221792763      c
    8.20941036939410    2.34658663502159   -1.08549216203229      c
    9.47805936398457    4.64989135517929   -1.76057987870804      c
   11.93874282089315    5.02353083023800   -1.43132410640130      c
   13.55512026063881    3.36799703833391   -0.45504183902809      f
   13.15878976087239    7.13510036212946   -2.03735464906401      f
    4.07647555889188   -4.02201112648688    0.45466715767576      h
    7.27078991819324   -2.72017083968419    0.27220827158666      h
    2.28046123537382   -0.09588557029233   -1.00727809717113      h
    4.61630131303746    3.53767281429915   -2.19790086736142      h
    9.37263560757847    0.87710140912989   -0.27901373980426      h
    8.39779534763846    6.17387645621247   -2.57992604190133      h
$periodic 0
$end
