$coord
   12.93906818530045   -5.76427569312616   -3.86369438464032      c
   14.18370266641216   -3.44587660574090   -2.69162137016473      c
   12.32133017307768   -1.74959201411928   -1.27189022690553      c
   10.24378269904694   -0.57801179854015   -2.90966482400433      c
   11.18718902410263    1.09909866981072   -5.06424450929061      c
   12.63399856329088    3.42249414740500   -4.12036292286344      c
   13.08356575853881    5.16951731012140   -6.17606378806065      n
   12.60096867660982    7.74079445692685   -5.86786377152236      c
   12.74386954428422    8.91810429648504   -3.51693866313669      c
   12.21363937327777   11.46476206369813   -3.24482862350555      c
   11.58081517938060   12.95037149386551   -5.30774290167177      c
   11.03479586160278   15.71551922510572   -5.04097247722827      c
   11.50067428473562   11.80609348639675   -7.66974691152166      c
   11.98096342054036    9.25446378010563   -7.94122591030376      c
   11.72245002154010    7.89026271974534  -10.99093454594130      s
   14.04323994757118    5.49715864478627  -10.64756118570251      c
   15.38627440992891    4.74808762007136  -12.75990601451126      c
   17.15083219818593    2.81271582520449  -12.61766290224967      c
   18.54067278093125    1.94316681741584  -14.92564108008947      c
   17.55590294054856    1.68872729051402  -10.28292872268345      c
   16.24783185227753    2.46458589512406   -8.15843391696134      c
   14.43687725251104    4.37284849487329   -8.29306317285666      c
   14.36240543134374   -6.99576003142747   -4.69201137065627      h
   11.62128370333959   -5.22753553145294   -5.34518151751701      h
   11.91442783027889   -6.82919056284809   -2.43334879725632      h
   15.13937406323807   -2.36816483555258   -4.16745440915094      h
   15.62978099073307   -4.06850168977767   -1.35361873946956      h
   13.37615282971837   -0.24666578558550   -0.32838620841007      h
   11.40993578921914   -2.87074999304383    0.20464677107738      h
    9.01405633948553    0.54232879210961   -1.68372109047671      h
    9.08972324930771   -2.08479037239424   -3.71677349217132      h
    9.55601955881759    1.76607789924883   -6.14134449404044      h
   12.36171130825230    0.00404227603777   -6.35348330806390      h
   14.40097765535121    2.86580809254930   -3.19116023393180      h
   11.45369230649159    4.38553357817022   -2.73019576170234      h
   13.28560637459223    7.84196928175813   -1.87172477709535      h
   12.31690865451898   12.30374927095365   -1.38631101792304      h
   10.81280474789904   16.23138419319118   -3.06499812344385      h
    9.31741098197611   16.21585454602337   -6.05666421903705      h
   12.57993142282707   16.82459262505259   -5.83284874044408      h
   11.01747151459037   12.89600159150249   -9.32586213866104      h
   15.00722629074868    5.67206361532172  -14.53931675776756      h
   18.66843862550029    3.45325396561360  -16.31324974398962      h
   17.54880003074350    0.35857344312202  -15.79436486248223      h
   20.43804556549371    1.31632667252093  -14.44177160466607      h
   18.92965947963709    0.18775012653227  -10.11056429181881      h
   16.65810358661519    1.57852077337031   -6.36973806269156      h
$periodic 0
$end
