           1           2   1.8936532344966110     
           2           3   1.0976502325027153     
           3           4   1.3569109168648015     
           4           5   1.4856594768181863     
           5           6   1.3543126449272469     
           6           7   1.1015847097272939     
           7           8   1.8891203171833313     
           6           9   1.3269988316476566     
           9          10  0.95460481124147123     
           3          11   1.3676870341922318     
           9          11   1.4304483457557802     
           1          12  0.97800551580307693     
           1          13  0.97259222057925721     
           2          14  0.96427820155762578     
           4          15  0.96492769114844912     
           5          16  0.96739389198872539     
           7          17  0.96347880612715764     
           8          18  0.97289896261017483     
           8          19  0.97819646762484158     
          11          20  0.96461523571127017     
