           1           2   1.8547204371451969     
           2           3   1.1441424222304708     
           3           4   1.4905963153735486     
           4           5   1.3400523759961367     
           5           6   1.4731462433843652     
           6           7   1.1743354223441600     
           7           8   1.4655322592488598     
           8           9   1.3512084423400188     
           9          10   1.4604907781307848     
          10          11   1.1721353356092374     
          11          12   1.4586063850532232     
          12          13   1.3499020656604124     
          13          14   1.4828489914921703     
          14          15   1.1412386999711714     
          15          16   1.8512598449226738     
          11          17   1.1413774431587538     
          14          17   1.1388561649699485     
           7          18   1.1234548082015743     
          10          18   1.1313288826538839     
           3          19   1.1303374635372956     
           6          19   1.1254100259900710     
           1          20  0.97826140731532507     
           1          21  0.97181565154497185     
           2          22  0.95822640977620666     
           4          23  0.96436703929195222     
           5          24  0.96139754914945319     
           8          25  0.96117095897540894     
           9          26  0.96329605727873413     
          12          27  0.96377924338763699     
          13          28  0.96247866595067078     
          15          29  0.96418839501476927     
          16          30  0.97535126915583970     
          16          31  0.97791206077880222     
