           1           2   1.9134002095171485     
           2           3   1.0796469942886839     
           3           4   1.3896261590938737     
           4           5   1.4288523940157527     
           5           6   1.0251764239429542     
           5           7   1.3527855070614818     
           7           8   1.0717280683221742     
           8           9   1.9194132384674489     
           7          10   1.3735633891021974     
           3          11   1.3348895236522074     
          10          11   1.4467098423124700     
          11          12   1.0246375235860974     
           1          13  0.97851219074329210     
           1          14  0.97464275741234718     
           2          15  0.95997916814965689     
           4          16  0.96479144297338704     
           6          17  0.98132339612082808     
           6          18  0.97804363942985573     
           6          19  0.96763302550558328     
           8          20  0.96046767925961940     
           9          21  0.97468562521883551     
           9          22  0.97796936038530236     
          10          23  0.96633232539728786     
          12          24  0.98489706555389434     
          12          25  0.96945217216346247     
          12          26  0.97500821821815631     
