           1           2   1.8975464484163544     
           2           3   1.0931125850120598     
           3           4   1.3551159618537649     
           4           5   1.4550824126595696     
           5           6   1.3641212517684507     
           6           7   1.0917513643299073     
           7           8  0.97751474519723403     
           6           9   1.2785073235815001     
           9          10   1.0539521816168653     
          10          11   1.9295465896911834     
           3          12   1.3679944374811899     
           9          12   1.4274572456867243     
           1          13  0.97815387243622287     
           1          14  0.97309490028218959     
           2          15  0.96433282405579335     
           4          16  0.96022164023112710     
           8          17  0.97706120993067769     
           8          18  0.97489924158160779     
           8          19  0.97271312691925893     
          10          20  0.95711929840834742     
          11          21  0.97559199512607342     
          11          22  0.97767265044881047     
          12          23  0.96238861218851657     
