           1           2   1.9082445943656239     
           2           3   1.0820549561339190     
           3           4   1.3626333094749055     
           4           5   1.4881007308724989     
           5           6   1.3245628552755302     
           6           7   1.0720283451333832     
           7           8  0.98256385785174605     
           6           9   1.3866750932180212     
           3          10   1.3316285193477353     
           9          10   1.3785270723468712     
          10          11   1.0835047790349344     
          11          12   1.7430871882320338     
          12          13  0.97324870382890261     
          12          14  0.96945249565046232     
           1          15  0.97730029459189094     
           1          16  0.97279095852048048     
           2          17  0.95969091615529944     
           4          18  0.96795792219701549     
           5          19  0.96728258163777014     
           8          20  0.97946771616218886     
           8          21  0.97627784644464100     
           8          22  0.97632832335779196     
           9          23  0.96268945938552686     
          11          24  0.94656478309867020     
