$coord
    4.95652092167254    0.86986384454362    1.89268257340887      c
    4.25080977303720   -0.00388060719822   -0.35255839462053      c
    5.74707247207389   -1.56073927752258   -2.06112234583107      c
    8.05272316318238   -2.63813111077914   -1.36541249744539      c
    9.45324732065686   -4.11696156003152   -3.01764031814730      c
    8.53021012377966   -4.53513192553948   -5.42288002304052      c
    6.20428701345260   -3.46570281687123   -6.14840352695123      c
    4.81935301046321   -2.00334744824847   -4.50618056088153      c
    5.62574077180461   -4.20178317396679   -8.79898073225157      c
    3.79700877458820   -3.63192297350964  -10.04390303622158      o
    7.80701389354419   -5.79823999491376   -9.57070324341136      c
    8.25674611903660   -6.98719083534764  -11.83728841256349      c
   10.46791147842858   -8.42120751346185  -12.13715495792569      c
   10.89870633970408   -9.67657576967012  -14.54957337528630      c
   12.73234073242854  -11.30209638002282  -15.09456156166997      c
   12.15942028244375   -8.57927530825984  -10.11845354172715      c
   11.71275423944665   -7.37816004516805   -7.83025024799191      c
    9.52522248634079   -5.98292358343398   -7.54743832024403      c
    3.70837252401415    2.01795198295983    3.01563907274097      h
    6.78743704475766    0.49987588409057    2.69976466376944      h
    2.38991628853157    0.47464987628872   -1.05907851876591      h
    8.76844515867036   -2.33085020068541    0.51931184363228      h
   11.22856711561244   -4.92539528834214   -2.41808306683961      h
    3.03824593508801   -1.20303834123743   -5.10227190871384      h
    6.91138347878256   -6.82127032218110  -13.36396156953868      h
    9.53133179475066   -9.20833577828228  -15.99934731496690      h
   14.14083476634212  -11.87764526576830  -13.74389133368300      h
   12.88414922035274  -12.13643222497539  -16.94329018063251      h
   13.87643966459548   -9.65733991507928  -10.33779691580743      h
   13.06170174660641   -7.53762103776025   -6.30715275964573      h
$periodic 0
$end
