$coord
   -0.34027073906397    2.93864979754889    4.53612116992870      c
   -0.44956221538790    1.31540775048828    2.21830483869526      c
   -1.86450197579379   -0.88825807755878    2.18348211177225      c
   -1.95898566093265   -2.39125866510050    0.02800912201466      c
   -3.37512191990214   -4.63231878410670    0.03862850728184      n
   -5.14272142690172   -5.33238623425464   -1.74632202172681      c
   -6.14229059989111   -7.72751669888990   -1.10939421850480      c
   -7.98965650501683   -8.82188241955935   -2.61832314367884      c
   -8.82336875805000   -7.51788489863790   -4.71798807882361      c
   -7.85823680248895   -5.13969900362020   -5.30631461021409      c
   -6.01973308256294   -4.01191262291680   -3.83532224903163      c
   -3.20398618625628   -6.53329101464022    1.81600836224354      c
   -4.89237734131445   -8.50171450624528    1.17094597880740      c
   -5.03699424594315  -10.65064712411451    2.67044565668598      c
   -3.49756045903640  -10.81678390717910    4.76962799824151      c
   -1.80978202777440   -8.88604436648979    5.36671937272230      c
   -1.63109700855937   -6.73029349262116    3.90501965024196      c
   -0.63770566701609   -1.67168527517549   -2.12612509314458      c
    0.75415085147742    0.54053419916699   -2.10425141386265      c
    0.85625609754821    2.01880469877358    0.04777032904681      c
   -1.28366769454152    2.03148911378918    6.11918695569024      h
   -1.25379207621415    4.74993761427891    4.18200607838091      h
    1.61497267376454    3.31439274872265    5.05622489505808      h
   -2.92806175220476   -1.44723198895383    3.83420509511595      h
   -8.75740390733531  -10.65249255480479   -2.14662282510069      h
  -10.25560682236121   -8.33730530701858   -5.91894921900134      h
   -8.56821880023941   -4.15283772263858   -6.94607429380458      h
   -5.30476511827630   -2.15529777135166   -4.28805112874353      h
   -6.32389489043482  -12.15955301546323    2.19079431070094      h
   -3.58264734146969  -12.47051646194198    5.96248738617310      h
   -0.60843787183826   -9.08243364653208    7.00535848846131      h
   -0.29357153661423   -5.25935469439691    4.36342860597554      h
   -0.68381352219884   -2.85726932632168   -3.78556551261057      h
    1.78289489609313    1.10220786217825   -3.77510302502356      h
    1.95643736983798    3.73826257988820    0.05169290569379      h
$periodic 0
$end
