           1           2   1.0257631250824975     
           2           3   1.4250794142923831     
           3           4   1.3831897373827495     
           4           5   1.0340393818338429     
           5           6   1.1256286677435461     
           6           7   1.2609776665838264     
           7           8   1.3657609642803994     
           8           9   1.4732037082034368     
           9          10   1.3955549718977696     
           6          11   1.3582052511283009     
           8          11  0.10682680633688733     
          10          11   1.4693192392047612     
           5          12   1.1251590324758691     
           7          13   1.1457019594813276     
          12          13   1.2608824691511764     
          13          14   1.3658216186883583     
          14          15   1.4731233770230394     
          15          16   1.3956204420713916     
          12          17   1.3582926036943133     
          14          17  0.10678818478989634     
          16          17   1.4691869323795363     
           2          18  0.10492074517977536     
           4          18   1.3864580825740815     
           3          19  0.10453222018147526     
          18          19   1.4400535197922077     
           2          20   1.3993366494638499     
           4          20  0.10116717944831811     
          19          20   1.4473449230485540     
           1          21  0.98556277520207325     
           1          22  0.97026211627981385     
           1          23  0.97434356347826967     
           3          24  0.96599562171836539     
           8          25  0.96925713354853982     
           9          26  0.97174501482574693     
          10          27  0.97193223056639733     
          11          28  0.96677132673162502     
          14          29  0.96925117704418062     
          15          30  0.97174717468466032     
          16          31  0.97194585597127969     
          17          32  0.96656453487367500     
          18          33  0.96848187637525596     
          19          34  0.97050790657349439     
          20          35  0.97017970487345317     
