           1           2   1.9045157366542800     
           2           3   1.0797676999853365     
           3           4   1.3569649367971177     
           4           5   1.4474624662935685     
           5           6   1.4493167116192112     
           6           7   1.3583715534983849     
           7           8   1.0415798005068511     
           8           9   1.3583667224947364     
           9          10   1.4493197000389277     
          10          11   1.4474605814267936     
          11          12   1.3569655339245594     
          12          13   1.0797735998946887     
          13          14   1.9045097735000021     
           8          15   1.4057900500468554     
          12          15   1.3872879024131335     
           3          16   1.3872936464680197     
           7          16   1.4057846364407645     
           1          17  0.97820255010632351     
           1          18  0.97274289230480082     
           2          19  0.96596271198105488     
           4          20  0.96916331146004886     
           5          21  0.96943217376698709     
           6          22  0.96583768335848186     
           9          23  0.96583636027761288     
          10          24  0.96943200523620621     
          11          25  0.96916291231662521     
          13          26  0.96596334492941016     
          14          27  0.97274328054780690     
          14          28  0.97820261443244638     
