   -0.08944221
   -0.03102852
    0.01500988
   -0.06358542
    0.01454158
   -0.03135964
   -0.08946911
   -0.01556870
   -0.05563679
   -0.05474035
   -0.05841949
   -0.05621360
   -0.05257095
   -0.10156587
   -0.01512525
   -0.05671772
   -0.05421807
   -0.05602567
   -0.05791214
   -0.05213833
   -0.10148151
    0.03632857
    0.04511909
    0.03903553
    0.03894735
    0.04518666
    0.03641615
    0.03185121
    0.04317775
    0.03139785
    0.03199119
    0.03450579
    0.02865618
    0.02933980
    0.02775638
    0.02780033
    0.02913179
    0.03249845
    0.03232742
    0.03207438
    0.03258557
    0.04347308
    0.03218621
    0.02709176
    0.02609788
    0.03649282
    0.03005086
    0.02607082
    0.02787854
    0.02850396
    0.03425204
    0.03110108
    0.03434139
