           1           2   1.9049072959365410     
           2           3   1.0875045072103551     
           3           4   1.3534441170818949     
           4           5   1.4442107357206011     
           5           6   1.4538153452657636     
           6           7   1.3449964633136375     
           7           8   1.0943189404613822     
           8           9   1.7293882003630638     
           9          10  0.98184860745490743     
           9          11  0.97834312973769932     
           3          12   1.3911528525873542     
           7          12   1.3913895044966864     
           1          13  0.97736517971362635     
           1          14  0.97190729112688179     
           2          15  0.96377999716644103     
           4          16  0.96153239372910937     
           6          17  0.96142097174803176     
           8          18  0.95403536038745407     
          12          19  0.96134054069698083     
