$coord
    2.16996597608015   -0.95686040428802    0.88714369716608      c
    4.18018266242548    0.36054626419463    0.16419349321921      c
    5.71424577192383    2.02056993156540    1.73537835549652      c
    5.29667851992100    2.38099597125329    4.29649910819911      c
    6.77851605442453    3.99532888615066    5.74947535570452      c
    6.29579772869628    4.25754549605379    8.49030687215244      c
    7.04074177016804    5.99924141176630    9.77917585466651      o
    4.97097795028429    2.40743753243235    9.61367451623169      o
    8.74503528759774    5.41140987436320    4.58766427501386      c
   10.07716088349759    7.04393513931678    6.00231232180889      n
    9.28227598734779    5.02377350567764    1.97111223475275      c
   11.36777338190110    6.38943420421262    0.78669421544592      c
   12.18917889292895    6.28083789335509   -1.58604360115169      c
    7.74639432045601    3.34275821305516    0.66530925951887      c
    8.16854515044876    2.93553612536964   -1.81336503641305      f
    1.16504478090024   -2.13299806527496   -0.43184766198865      h
    1.42813783360352   -0.92755950309671    2.78173917616045      h
    4.78759544016220    0.22978058674525   -1.78268224020332      h
    3.70465007715447    1.41379812014320    5.13148914289910      h
    4.58677726069945    1.02883877129601    8.48147865548847      h
    9.50018656895526    7.31859344090378    7.80652289009273      h
   11.46348271154412    8.10653237922823    5.27372297951719      h
   12.38599582979340    7.65261549820638    2.03029611038632      h
   11.37947151110523    5.11302651868965   -3.03198931960743      h
   13.77677257625224    7.41936573731977   -2.15949034042853      h
$periodic 0
$end
