           1           2   1.8923122265692567     
           2           3   1.0964534387851885     
           3           4   1.3882734342739007     
           4           5   1.3971797208407610     
           5           6   1.0408231442921720     
           6           7   1.6900937953399833     
           6           8   1.1213155658341771     
           7           8  0.14723021063722280     
           5           9   1.2517005607480547     
           9          10   1.3018899008604883     
           9          11   1.2334819509564008     
          11          12   1.1028568990501442     
          12          13   1.8852968614479566     
           3          14   1.2966098977932636     
          11          14   1.3918826782561664     
          14          15  0.96667981232796241     
           1          16  0.97799401687641452     
           1          17  0.97270271617433224     
           2          18  0.96354748683928904     
           4          19  0.94967712010760663     
           8          20  0.86062789094432235     
          10          21  0.89011041056882134     
          10          22  0.93160262508758485     
          12          23  0.95095210353720028     
          13          24  0.97241101821742637     
          13          25  0.97811550559063698     
