           1           2   1.9185489778905398     
           2           3   1.0745522921243027     
           3           4   1.4019050318691633     
           4           5   1.4330913663817197     
           5           6   1.3987735679113125     
           6           7  0.91332187129963305     
           7           8   1.0739015004291717     
           8           9  0.91907458839158440     
           8          10  0.91801451125021016     
           8          11  0.94947190008116045     
           4          12  0.10125861428481325     
           6          12   1.3928753532924663     
           3          13   1.3173645141293016     
          12          13   1.4037879101617607     
          13          14   1.0737272188083280     
          14          15   1.9195961273837803     
           1          16  0.97737930430282416     
           1          17  0.97396431994249033     
           2          18  0.95925836861238101     
           4          19  0.96549274245220296     
           5          20  0.96556235547854763     
          12          21  0.96159144432417953     
          14          22  0.95889243990077033     
          15          23  0.97371802829966625     
          15          24  0.97719489176731777     
