           1           2   1.0217386072369310     
           2           3   1.3934961307931100     
           3           4   1.4449798329348187     
           2           5  0.10534955820557156     
           4           5   1.4197924290187811     
           5           6   1.0242497033879703     
           3           7  0.10813551401654672     
           5           7   1.3608693964386380     
           7           8   1.0210997386705916     
           2           9   1.4092227829793296     
           7           9   1.4198842253235067     
           1          10  0.98665487262297469     
           1          11  0.96941153825153181     
           1          12  0.96978047869629891     
           3          13  0.96908701086919669     
           4          14  0.96779560636731266     
           6          15  0.98450553724077494     
           6          16  0.97230359929544230     
           6          17  0.97235913178424471     
           8          18  0.98392623195929385     
           8          19  0.96923740760559884     
           8          20  0.96911703044262532     
