           1           2   1.8959520852128244     
           2           3   1.0888926483711434     
           3           4   1.3480446545088294     
           4           5   1.4856647025888223     
           5           6   1.3580696083049353     
           6           7   1.1034823567402705     
           7           8   1.7194182797573481     
           8           9  0.98475604920468707     
           8          10  0.97753875923847577     
           6          11   1.3420732883516051     
           3          12   1.3624579042713396     
          11          12   1.4848550610899109     
           1          13  0.97724596911501538     
           1          14  0.97225803825606594     
           2          15  0.96222048477325828     
           4          16  0.96505359128421553     
           5          17  0.96727789236223560     
           7          18  0.95406360575753191     
          11          19  0.95984614882447417     
