           1           2   1.9270517502885005     
           2           3   1.0689018629037832     
           3           4   1.3904855493197112     
           4           5   1.4390054128428527     
           5           6   1.4461483542647604     
           6           7   1.3795993805992797     
           7           8   1.0497788866295310     
           8           9   1.7652557903710302     
           9          10  0.97927020597683245     
           9          11  0.96845706878074789     
           3          12   1.3546152658682327     
           7          12   1.3771356830037806     
          12          13   1.0318167366913271     
           1          14  0.97782456343732704     
           1          15  0.97473261362277264     
           2          16  0.95445752978144793     
           4          17  0.96762815306551786     
           5          18  0.96958739399226823     
           6          19  0.96961481340758804     
           8          20  0.95102823371926881     
          13          21  0.98073476101317669     
          13          22  0.96468205497275472     
          13          23  0.96951057784397299     
