           1           2   1.9599739101989868     
           2           3   1.0384168544423988     
           3           4   1.4028979486555673     
           4           5   1.4405748862142438     
           5           6   1.3871693533605638     
           6           7  0.97821613182285105     
           6           8   1.3508843828237516     
           8           9  0.98090661153897174     
           3          10   1.3401155550724133     
           8          10   1.3469113052421984     
          10          11   1.0684926506887653     
          11          12   1.7457591931986565     
          12          13  0.99838654998686771     
          12          14  0.98113828574577999     
           1          15  0.97538632540352999     
           1          16  0.97405126760154537     
           2          17  0.95333395596969250     
           4          18  0.96713338167951235     
           5          19  0.96422122907811780     
          11          20  0.94704975028506277     
