           1           2   1.8562002985810857     
           2           3   1.1381206178123191     
           3           4   1.4908966751556527     
           4           5   1.3411515881274834     
           5           6   1.4909072466139537     
           6           7   1.1380481083911989     
           7           8   1.8562717391005623     
           3           9   1.1453805582185181     
           6           9   1.1454267554071984     
           1          10  0.97798460870744108     
           1          11  0.97539420389118481     
           2          12  0.96449894834416594     
           4          13  0.96304633478051571     
           5          14  0.96304609940622543     
           7          15  0.96450572850209926     
           8          16  0.97538500064573830     
           8          17  0.97798247209915179     
