           1           2   1.9157956427918588     
           2           3   1.0756979434122340     
           3           4   1.4112018035653806     
           4           5   1.3774988806818862     
           5           6  0.89886439474971558     
           6           7   1.0829381709535990     
           7           8  0.91509448193379483     
           7           9  0.91540326476294198     
           7          10  0.94665664209508693     
           5          11   1.4149881108969864     
          11          12   1.3763930090676970     
          12          13   1.0778110672875698     
          13          14   1.9080706640585117     
           3          15   1.2858892180308936     
          12          15   1.3096497508672991     
          15          16   1.1812770295998811     
           1          17  0.97767068699228887     
           1          18  0.97417706225546352     
           2          19  0.95746713230378022     
           4          20  0.96235565571655135     
          11          21  0.96423985323313499     
          13          22  0.95996961049264184     
          14          23  0.97220081363825794     
          14          24  0.97736998894760252     
          16          25  0.93851461510902889     
          16          26  0.94661544978773893     
