           1           2   1.9048497412047494     
           2           3   1.0872885237495169     
           3           4   1.3859550814693651     
           4           5   1.3798616342559908     
           5           6   1.0930548958972774     
           6           7   1.7316422431468015     
           7           8  0.98074952801829984     
           7           9  0.97754120478906148     
           5          10   1.3764735864861417     
          10          11   1.3949703288821269     
          11          12  0.99544071479747442     
          12          13   1.7243218822848401     
          12          14   1.1270370401569927     
          13          14  0.17102679523942374     
          14          15  0.93904803425503358     
          15          16   1.0118960339302836     
           3          17   1.3762816441131280     
          11          17   1.4001190975444140     
           1          18  0.97748748422320486     
           1          19  0.97193546264421271     
           2          20  0.96367105168775069     
           4          21  0.96405484235696315     
           6          22  0.95330992361425637     
          10          23  0.96274685251889891     
          15          24  0.96848960864447808     
          15          25  0.97251167868720578     
          16          26  0.98464776902945206     
          16          27  0.98348257647820947     
          16          28  0.98633205723563622     
          17          29  0.96052940898864703     
