$coord
    4.17062023609735    1.94805683641812    0.29659611202184      c
    4.90219067563886   -0.43936878992774    0.00249340522041      c
    6.20784729938255   -1.41218684417092   -2.17476770011852      c
    6.96110493802607   -0.21516966157553   -4.35696576502490      c
    8.15033688308895   -1.65477725240200   -6.06349429464819      n
    8.38907149484204   -3.98170715880450   -5.34286139830257      c
    9.58468736780797   -5.91392975703158   -6.82282446505983      c
    9.83651373940110   -8.30965929489167   -6.10938963060726      c
    7.08499108526144   -4.57185356158573   -2.33980633775847      s
    3.19551581799102    2.54976840620841    1.97533216334401      h
    4.51856645442702    3.37078222333843   -1.11446181599974      h
    4.51747180539389   -1.81279377289367    1.46809136729490      h
    6.66396791509089    1.74952050691585   -4.77590413601789      h
   10.28803286339352   -5.25752012099684   -8.62543472536823      h
    9.13573489634542   -8.96596108256885   -4.31362082971933      h
   10.74716437705363   -9.68603285366666   -7.29501551471920      h
$periodic 0
$end
