           1           2   1.9054226091319422     
           2           3   1.0866846365986806     
           3           4   1.3848135916750510     
           4           5   1.3819644627027179     
           5           6   1.0935796267228997     
           6           7   1.7276486314556205     
           7           8  0.98903922971061364     
           7           9  0.97631436318936893     
           5          10   1.3741980251812711     
          10          11   1.3987816994984112     
          11          12  0.99407581442306425     
          12          13   1.7292165130802652     
          12          14   1.1248242921418867     
          13          14  0.17144505248412717     
          14          15  0.93928467412009153     
          15          16   1.0119172339749638     
           3          17   1.3781242386032313     
          11          17   1.3973813917741333     
           1          18  0.97748192723907501     
           1          19  0.97217367056853388     
           2          20  0.96385687048998647     
           4          21  0.96230697686724176     
           6          22  0.95425763426856014     
          10          23  0.96109995604033072     
          15          24  0.97258018552129266     
          15          25  0.96847122037475641     
          16          26  0.98639765808030888     
          16          27  0.98351984622434740     
          16          28  0.98452087824170420     
          17          29  0.96378733615841217     
