           1           2   1.8718305240144937     
           2           3   1.1187777182519312     
           3           4   1.2427232900647518     
           3           5  0.13471068707330014     
           4           5   1.1985954965900603     
           5           6   1.4529779910813843     
           6           7   1.0882161701339976     
           7           8   1.1637093804914347     
           8           9  0.97551133543562629     
           7          10  0.16478644117009766     
           8          10   1.7540035383610095     
           3          11   1.3619563716966525     
           6          11   1.2492144614571794     
          11          12   1.1081644478589325     
          12          13   1.8871517003709444     
           1          14  0.97832881213273115     
           1          15  0.97488003411825963     
           2          16  0.96126397791369655     
           4          17  0.93705588723493205     
           7          18  0.92739070377876653     
           9          19  0.97138653320598733     
           9          20  0.98357862475085034     
           9          21  0.97156989185913134     
          12          22  0.95989329919929367     
          13          23  0.97203444136844075     
          13          24  0.97863485292010011     
