           1           2   1.8713074091835686     
           2           3   1.1150592884975037     
           3           4   1.5110447503412761     
           4           5   1.2832675317957720     
           5           6   1.0370275464303300     
           6           7   1.6953265920560683     
           6           8   1.1152371933297578     
           7           8  0.16380850632844107     
           8           9  0.94408207174546044     
           9          10   1.0113970952531923     
           5          11   1.4053852713602479     
          11          12   1.1252244148488253     
          12          13   1.8583078634874068     
           3          14   1.0925673055209446     
          11          14   1.1326100210583623     
           1          15  0.97849870426591923     
           1          16  0.97520820919991291     
           2          17  0.96387099092236339     
           4          18  0.97192481403256326     
           9          19  0.97255628630039648     
           9          20  0.96830886286494200     
          10          21  0.98649466489289361     
          10          22  0.98397862849571205     
          10          23  0.98479769517132532     
          12          24  0.96057323860561894     
          13          25  0.95866895564670296     
          13          26  0.97725888217494927     
