$coord
    3.88749288265395   -2.27952759672337   -0.17786121793200      c
    4.76727672525001    0.22836468646618    0.09602169109947      o
    5.82205344366645    1.38661806156385   -1.98134928999848      c
    4.80474987290068    3.73037178983555   -2.61350331743831      c
    5.71208591274776    5.15719280631761   -4.60900590472566      c
    4.64060445847691    7.68468293948941   -5.28560855282946      c
    7.68898199281276    4.11668978934794   -5.98797943944290      c
    8.63225386324316    5.41473422425033   -7.98361354925817      f
    8.75078653246670    1.81518808286480   -5.38564244376879      c
    7.85876484550092    0.41068875249578   -3.35504699764634      c
    9.15098888406092   -2.01900304974340   -2.67383198338974      c
    2.26677355347008   -2.45847367813986    1.08374191937983      h
    5.31612262064826   -3.66553237046337    0.37912296829964      h
    3.27911545248033   -2.66146995246962   -2.11429880278037      h
    3.26365209361921    4.43183835725896   -1.47649050769888      h
    3.01889022916428    8.12785656326632   -4.10829258071051      h
    4.06987237230142    7.71244435476602   -7.26282367826346      h
    6.06835841324030    9.14690445997256   -5.03442383528648      h
   10.31361662353141    1.12674245736742   -6.50098215246110      h
   11.01004271725579   -2.09259192694992   -3.54536254962068      h
    8.07561086942460   -3.64842948416769   -3.33021552421766      h
    9.37779948807431   -2.16168323485538   -0.63534849458385      h
$periodic 0
$end
