           1           2   1.9564414129007281     
           2           3   1.0362848843391685     
           3           4   1.4044212838553718     
           4           5   1.4166368149106447     
           5           6   1.0128146760085406     
           6           7  0.99363734003321436     
           7           8   1.0084878865381688     
           8           9   1.0071737936788430     
           9          10   1.0093454054735544     
          10          11   1.0187600627236637     
           5          12   1.3559118964765913     
          12          13   1.0551624914884341     
          13          14   1.9341894900244845     
           4          15  0.10029716991479024     
          12          15   1.3855955843996197     
           3          16   1.3544411236376548     
          15          16   1.4307055736056575     
          16          17   1.0110639513917419     
          17          18  0.98884673911267218     
          18          19   1.0063325924012516     
          19          20   1.0073462398843678     
          20          21   1.0079330463877940     
          21          22   1.0200028244663457     
           1          23  0.97713923641864620     
           1          24  0.97457820819852570     
           2          25  0.95665204384402303     
           4          26  0.96502597351712571     
           6          27  0.96961749742725478     
           6          28  0.96377022256118172     
           7          29  0.97733212400436309     
           7          30  0.97153169969517927     
           8          31  0.97701325573626652     
           8          32  0.97694393841419935     
           9          33  0.97006313921032750     
           9          34  0.97687874781747230     
          10          35  0.97880818221666721     
          10          36  0.97249063304443462     
          11          37  0.98802885886522440     
          11          38  0.98755426101073263     
          11          39  0.98744241781891207     
          13          40  0.95916452595784485     
          14          41  0.97557919904857604     
          14          42  0.97757626983695167     
          15          43  0.96682997985485963     
          17          44  0.97205319833501158     
          17          45  0.96807303040049664     
          18          46  0.97622767834889312     
          18          47  0.97544487703329830     
          19          48  0.97722735180147791     
          19          49  0.97498389453103840     
          20          50  0.97597382841768476     
          20          51  0.97718452902088127     
          21          52  0.97582134081535921     
          21          53  0.97858433822333879     
          22          54  0.98623033894145906     
          22          55  0.98767779991321469     
          22          56  0.98778576856377587     
