           1           2   1.9268969948811898     
           2           3   1.0682395565134484     
           3           4   1.3883992365104314     
           4           5   1.4395243605285457     
           5           6   1.4468732159932258     
           6           7   1.3770939195957708     
           7           8   1.0598378477628101     
           8           9   1.7592151314320872     
           9          10  0.97863464849421566     
           9          11  0.96918178719738302     
           3          12   1.3597456234602110     
           7          12   1.3732877059107487     
          12          13   1.0283150790009430     
           1          14  0.97787206814220962     
           1          15  0.97478283608428762     
           2          16  0.95752921884325737     
           4          17  0.96762788142883305     
           5          18  0.96955829281069716     
           6          19  0.96942705580590394     
           8          20  0.94768010067024977     
          13          21  0.97909293659212815     
          13          22  0.96519260119809402     
          13          23  0.97322353125031147     
