           1           2   1.8608658402159333     
           2           3   1.1386229413011291     
           3           4   1.1237258656914795     
           4           5   1.1266027259310625     
           5           6   1.1030500755684183     
           6           7   1.8890870632757923     
           5           8   1.5051312749489780     
           8           9   1.0104236049300026     
           9          10  0.98748461201581872     
          10          11   1.0088966959470043     
          11          12   1.0075187834366910     
          12          13   1.0078400759200619     
          13          14   1.0199201783838414     
           3          15   1.4896120233310108     
           8          15   1.2545944862654530     
          15          16   1.0102667517626052     
          16          17  0.98741046151634804     
          17          18   1.0087465285878539     
          18          19   1.0068261664654070     
          19          20   1.0077343867130371     
          20          21   1.0191294521020215     
           1          22  0.97865043358365944     
           1          23  0.97166113398586329     
           2          24  0.95500829224367156     
           6          25  0.95894257012934592     
           7          26  0.97343967511848639     
           7          27  0.97724575542625969     
           9          28  0.96809284178976585     
           9          29  0.96365915818898784     
          10          30  0.97309417057408332     
          10          31  0.97460971760316806     
          11          32  0.97517106985102142     
          11          33  0.97531083949993624     
          12          34  0.97711534614166751     
          12          35  0.97204646673345141     
          13          36  0.97849723277070422     
          13          37  0.97577177516122593     
          14          38  0.98773420319329397     
          14          39  0.98767020711408826     
          14          40  0.98626518681083097     
          16          41  0.96628384828183100     
          16          42  0.96895204187264350     
          17          43  0.97514758706646942     
          17          44  0.97704789908740297     
          18          45  0.97661507188783692     
          18          46  0.97532349574954225     
          19          47  0.97738969328392444     
          19          48  0.97753965554878330     
          20          49  0.97871157550669829     
          20          50  0.97860029369365409     
          21          51  0.98801153916070295     
          21          52  0.98751139975500291     
          21          53  0.98797600225917748     
