$coord
    4.73422234017283    1.89137067854654    0.38500649817859      c
    2.24530276273081    0.61101977837126   -0.02881553329787      c
   -0.01552003425589    1.89685845758923    0.27012697830093      c
   -2.32684909723548    0.70953573840508   -0.10899049376816      c
   -4.76419783828166    2.10425053041477    0.23934752925252      c
   -2.35058356843847   -1.81941539376977   -0.79571969700252      c
   -0.09133090774029   -3.10731129986902   -1.09532944154799      c
   -0.35969735261143   -5.66801449014792   -1.79852464152058      o
    1.63402338583031   -7.08569107805992   -2.19509772163935      c
    3.15457959930528   -6.27357466937503   -4.06778620629956      f
    3.15678260557613   -7.36948781805395   -0.17432726603780      f
    0.87772550246642   -9.39554311178875   -2.84121785219705      f
    2.20538608418606   -1.92753172189108   -0.72457703589407      c
    4.47632539468000    3.87683739226579    0.83934107670704      h
    5.90383127286772    1.74435459289944   -1.30110618977146      h
    5.74872617431060    0.98851372158324    1.93142624666420      h
    0.01888617873007    3.86620374599023    0.80707265994435      h
   -4.44821176269165    4.13170056042113    0.31437370958913      h
   -5.66268780110514    1.52228893041470    1.99865997552665      h
   -6.06333947133859    1.68624359277237   -1.29774174349991      h
   -4.10018560809397   -2.81419754800860   -1.10722173901109      h
    3.97456484671090   -2.91098581577168   -0.95903949172426      h
$periodic 0
$end
