$coord
    1.98175379753225   -0.13235671917423    0.03753675093526      c
    4.82256792581858   -0.14228668664303    0.06883955389362      c
    6.12170092220016    2.11484112380800    0.10987630875450      c
    8.74621764015315    2.06445620724547    0.11988707754021      c
   10.46997024130906    4.00609782500591    0.16084924807818      n
   12.66237008401612    2.92827039624899    0.13949398738205      c
   12.54895072051367    0.34897943749393    0.08758160853206      n
   10.02822547188007   -0.27543469567492    0.07394759392089      c
    8.76928605186950   -2.57682097748893    0.03718600217285      c
   10.15981499091487   -5.05438427111098   -0.02437304997627      c
    6.13110894164702   -2.47606266937693    0.04801125262251      c
    4.75799404334625   -4.71190193088789   -0.10670348159552      n
    1.28582638740712    1.79783979443640   -0.03178965583074      h
    1.21292617918858   -1.02369753440465    1.73238648815847      h
    1.26593704513132   -1.14242750676153   -1.60813328335694      h
    5.13389275579058    3.89660902537478    0.13105635426854      h
   14.42800977087418    3.92601988422193    0.16238783857768      h
   14.02437189931604   -0.84707017664359    0.05667022583382      h
   12.19021535130514   -4.75273260790105   -0.09457290097499      h
    9.61535707464590   -6.14978467393376   -1.68165624122554      h
    9.74818542259377   -6.17856834379381    1.65680750717539      h
    5.67801523034300   -6.26390575902283    0.50028321143062      h
    2.97159893941380   -4.60430754957644    0.54035374911239      h
$periodic 0
$end
