$coord
    9.56278167706732   -2.96715219073124    1.37512955688542      c
    8.92209781796604   -0.37007366202216    2.44415597245453      c
   10.04241176276036    1.79959996014668    0.89859534672512      c
    8.85529936729132    2.05010451175507   -1.72161598900426      c
    9.65181928074977    4.45434819701920   -3.11393124981747      c
   12.44900631742611    4.45498350244798   -3.81425757705239      c
   13.27311786370220    6.71315638400604   -5.32117124668182      c
   11.70640696364832    8.74393407592437   -6.11225579176381      c
   12.93849246751599   10.54856163517831   -7.45452443661760      c
   11.91575723209755   12.91719313157378   -8.56967409123257      c
   16.11316277946852    9.79170165698953   -7.78855463632701      s
   15.71559392370788    7.01616202075998   -6.08693959296857      c
   17.89194720786865    5.29742038123842   -5.61647373034769      c
    8.82603144043719   -4.44445046261806    2.59989008780089      h
   11.60029554679209   -3.20235178675887    1.23201627049111      h
    8.74500976678716   -3.21927115909650   -0.49172035011283      h
    9.64864238477367   -0.24828504750498    4.37361573676651      h
    6.87076012186746   -0.15398972593027    2.53677930487877      h
   12.07668462232812    1.50597996014454    0.72408526637329      h
    9.74738097636684    3.56546620677509    1.92914815693258      h
    6.79999855102528    2.06631958514916   -1.51244741550574      h
    9.35447504866406    0.41451371394738   -2.87509964260157      h
    9.23761824326648    6.09543282869637   -1.93199370875527      h
    8.52984093868227    4.60866926881791   -4.84017328224294      h
   12.87268544625782    2.74478010478070   -4.90135469504821      h
   13.59312550700883    4.37372084061826   -2.09488669740947      h
    9.72168671517453    8.86580245990869   -5.69647344819111      h
    9.90136299954887   13.05884468229735   -8.18853893248174      h
   12.21038564446766   12.95011125882842  -10.60785980829767      h
   12.85973591419179   14.56491333748501   -7.77149844699043      h
   19.60323863097270    6.05385370983957   -6.46309862771193      h
   17.52773827030531    3.43225835253542   -6.41560366059693      h
   18.20413432343942    5.06395908748152   -3.59189054717761      h
$periodic 0
$end
