$coord
       -6.56364631247284        4.56327492412648        0.69024947381366      c
       -5.14568522979436        3.40232465859722       -1.00150208960288      c
       -3.41572446387038        1.29953415805985       -0.38458671453035      c
       -4.26235094579466       -1.18403109940257       -0.49028149462417      c
       -2.66656157169544       -3.18257222049663        0.07874175524986      c
       -3.57411555303040       -5.86206036094750       -0.03337626634789      c
       -0.18372891068052       -2.66685986666510        0.76117841863240      c
        0.68892582232915       -0.19844360477449        0.87312325512323      c
        3.32910478482242        0.32420706217015        1.62871550286186      c
        5.20818158067687        0.44809430522732        0.00434758471566      c
        5.02754077193673        0.13014715335814       -2.47915956167828      f
        7.60649544771933        0.91174106489814        0.61382228951271      f
       -0.93143567253049        1.78437289510869        0.30044455555723      c
       -7.81300651985825        6.08942961895825        0.19123935219793      h
       -6.52637539221061        4.02584473128112        2.65428559260815      h
       -5.19685370272498        3.95604610132613       -2.97207022782446      h
       -6.19997693921681       -1.54975168272809       -1.02205604927946      h
       -5.55816230434323       -5.94612143007367       -0.55624543187543      h
       -3.33389899335740       -6.77708587002619        1.79442364507165      h
       -2.48302708442924       -6.92702658618721       -1.41593249692671      h
        1.08340603529364       -4.20483399925701        1.20568928272421      h
        3.74097714948732        0.62061063702239        3.60441323417641      h
       -0.25830288838682        3.70919581277259        0.38632172835169      h
$end
