           1           2  0.99651029895804855     
           2           3   1.1170481218146568     
           3           4   1.4432343659522351     
           4           5   1.3620515254764676     
           5           6   1.4679332142225894     
           6           7   1.0692700692520289     
           7           8   1.7492767057511849     
           8           9  0.97518502686065534     
           8          10  0.96431624202293242     
           3          11   1.2054949902077641     
           6          12   1.2229754777215160     
          11          12   1.2656272602233676     
          12          13   1.2934051322935880     
          13          14   1.5433323123198015     
          14          15   1.3343824790204000     
          11          16   1.2982229228908877     
          13          16  0.11663775937269411     
          15          16   1.5393807561844635     
           2          17   1.0133277174286617     
           1          18  0.97965271148946531     
           1          19  0.98056488217320648     
           1          20  0.97418585730397922     
           4          21  0.96586857485486732     
           5          22  0.96889770150495702     
           7          23  0.95139412859671491     
          13          24  0.96679791864624964     
          14          25  0.97086879627566458     
          15          26  0.97082564880929501     
          16          27  0.96552324203837125     
          17          28  0.97976615508385123     
          17          29  0.98168753961754618     
          17          30  0.97193515713924272     
