    0.03923874
   -0.27326077
    0.13921239
   -0.07593524
   -0.03551652
   -0.07820008
    0.04682615
   -0.02422976
   -0.02433690
   -0.03550928
   -0.07588889
    0.13952619
   -0.27251569
    0.03911364
   -0.07813140
    0.04684870
   -0.03764232
    0.06710655
   -0.04253809
   -0.03299935
    0.01766235
   -0.08181861
    0.31033600
   -0.18776811
   -0.19587505
   -0.03437923
   -0.04182985
    0.06007072
    0.03908565
    0.03927756
    0.03369881
    0.03538115
    0.04532943
    0.03532745
    0.03380708
    0.06045632
    0.03930444
    0.03912099
    0.04617458
    0.04814430
    0.04229368
    0.07938474
    0.05592800
    0.04971954
