           1           2   1.9141056496033990     
           2           3   1.0775896522738491     
           3           4   1.3674267042236654     
           4           5   1.4603284667096310     
           5           6   1.4160492438272485     
           6           7   1.3883854879637916     
           7           8   1.0592443324415557     
           8           9  0.98781767145872901     
           3          10   1.3562894436102249     
           7          10   1.3020989549374564     
          10          11   1.0722261896318885     
          11          12   1.9203479663611880     
           1          13  0.97745123401278922     
           1          14  0.97207634921221198     
           2          15  0.96066814144697799     
           4          16  0.96906843529198039     
           5          17  0.97073333718667931     
           6          18  0.96537439038000716     
           9          19  0.97926399334084080     
           9          20  0.97565457790173649     
           9          21  0.97625983283530515     
          11          22  0.95534787177040703     
          12          23  0.97511918846695866     
          12          24  0.97796648372647965     
