$coord
    4.23210250570061   -0.12069863489246   -2.31825515734458      c
    1.75292889816249   -0.03041287112198   -0.94746855395060      c
    0.73414878830632   -2.17008573642330    0.21074822558716      c
    2.03387984629712   -4.64906895648717    0.14702580961774      c
    4.17716911507693   -5.13878016028810    1.60440000808713      c
    5.29068692626843   -3.17388000364737    3.31681449717853      c
    5.28646121755968   -7.51512470428759    1.46509036465743      c
    4.30208601876298   -9.38393253902140   -0.07194237385562      c
    2.15834693622878   -8.90183641742678   -1.49221220361447      c
    1.03317042009481   -6.54837303982368   -1.37087749969450      c
   -1.59894224776490   -2.01040572160429    1.41219704666023      c
   -2.90329792607379    0.24955021347800    1.51521635565567      c
   -1.88402045186391    2.38215807148264    0.39356591728364      c
    0.41815318078779    2.22831571244929   -0.83110324636161      c
    4.76988380272672   -2.05541739984922   -2.75141351934658      h
    5.71546392214367    0.72447798270609   -1.16456493065593      h
    4.11695002790117    0.94898875282105   -4.07162948575056      h
    3.95202686520385   -1.65721964388117    3.67406127219309      h
    6.98224769749118   -2.36211316584349    2.46531443824428      h
    5.83706922030917   -4.01900915191615    5.11093046908877      h
    6.94791358350864   -7.89921150078011    2.59041944313361      h
    5.19708128193611  -11.21686189870562   -0.15236546761588      h
    1.36452236584353  -10.35511745397763   -2.68538728432134      h
   -0.63896145009769   -6.15010955378849   -2.47450200423623      h
   -2.37556884463733   -3.68635739325821    2.28422705336752      h
   -4.70893307905029    0.34638740908203    2.46172381398090      h
   -2.88759643842001    4.15844714708501    0.46227213339777      h
    1.20314564564150    3.88907536723572   -1.72559489248398      h
$periodic 0
$end
