           1           2   1.0247114710637446     
           2           3   1.3782397321787729     
           3           4   1.0131902223723108     
           4           5   1.3782668495286410     
           5           6   1.0247136101296155     
           5           7   1.4122614432011058     
           4           8  0.10646215637025325     
           7           8   1.4483924955828926     
           5           9  0.10727746818785477     
           8           9   1.4303531183431457     
           4          10   1.4009383756639811     
           7          10  0.10904569148037403     
           9          10   1.4473874388061252     
           3          11   1.4009768066561916     
           2          12  0.10729341039322364     
          11          12   1.4473715415379182     
           3          13  0.10645547706077634     
          12          13   1.4303521220917226     
           2          14   1.4122616675190538     
          11          14  0.10903578208635281     
          13          14   1.4484053098893388     
           1          15  0.98193058176337167     
           1          16  0.96809021333473955     
           1          17  0.97843641053780328     
           6          18  0.98193566781319663     
           6          19  0.96810008227038524     
           6          20  0.97841890748385996     
           7          21  0.96933607529011168     
           8          22  0.97140989384058551     
           9          23  0.97088137343437175     
          10          24  0.97043877824663705     
          11          25  0.97043836016571228     
          12          26  0.97088436040315540     
          13          27  0.97140787060542799     
          14          28  0.96933319832330866     
