           1           2   1.8609677433013274     
           2           3   1.1324479387384661     
           3           4   1.5164032979828561     
           4           5   1.2853630412889383     
           5           6  0.99506639917836270     
           6           7  0.99737290358748609     
           7           8   1.0088993092549794     
           8           9   1.0087950425754915     
           9          10   1.0091636325278304     
           6          11  0.98145328744759674     
          10          11   1.0098830380917405     
           5          12   1.4935616192310570     
          12          13   1.1211866828909307     
          13          14   1.8721031555497671     
           3          15   1.1379630061963950     
          12          15   1.1227669445933619     
           1          16  0.97805946611727324     
           1          17  0.97536113851439055     
           2          18  0.96461945572440921     
           4          19  0.95898409451051858     
           6          20  0.95331128971884560     
           7          21  0.96936798686968750     
           7          22  0.97524936743775614     
           8          23  0.96934641758868456     
           8          24  0.97742125561403204     
           9          25  0.97787877680503488     
           9          26  0.97734209601573330     
          10          27  0.97642481281437488     
          10          28  0.97727833756258964     
          11          29  0.97277080179882713     
          11          30  0.97577180159319388     
          13          31  0.94860602592571597     
          14          32  0.97088310134781408     
          14          33  0.97826329068627860     
