           1           2   1.9307255455846644     
           2           3   1.0642010876965682     
           3           4   1.3943403972152328     
           4           5   1.4479515907076601     
           5           6   1.3610578079611344     
           6           7   1.0660192422552450     
           7           8  0.98433539470660214     
           4           9  0.10069960848785074     
           6           9   1.3543484038498814     
           3          10   1.3234668939976246     
           9          10   1.4200054203009951     
          10          11   1.0546497715622480     
          11          12   1.7635034176199282     
          12          13  0.98063453385805421     
          12          14  0.97128521402455970     
           1          15  0.97710435640127702     
           1          16  0.97577150472540430     
           2          17  0.95894322614987804     
           4          18  0.96870957802389190     
           5          19  0.96564913644750106     
           8          20  0.97951448388238083     
           8          21  0.97661211455448060     
           8          22  0.97659947334519792     
           9          23  0.96597785990267204     
          11          24  0.95126349122638287     
