           1           2   1.0246824035839905     
           2           3   1.4126647416747293     
           3           4   1.4094921834740453     
           4           5   1.0250454010270409     
           2           6  0.10326384194892534     
           4           6   1.4181037182387344     
           6           7   1.3777208270376418     
           7           8   1.0166310577152622     
           8           9   1.0306637776485648     
           9          10   1.3685287076331221     
          10          11   1.4552235225760140     
          11          12   1.4313590429426519     
          10          13  0.10814505508768402     
          12          13   1.4361257157893987     
           9          14   1.3749378989855270     
          11          14  0.10715164780217445     
          13          14   1.4483221472206256     
           2          15   1.4138775752779684     
           4          15  0.10270696193241653     
           7          15   1.3813892860506400     
           1          16  0.98588478884943309     
           1          17  0.97292280401661346     
           1          18  0.97307665667801280     
           3          19  0.96683995606276496     
           5          20  0.98587414579042643     
           5          21  0.97245756068235356     
           5          22  0.97301590598384635     
           6          23  0.96765856114296900     
          10          24  0.96866146346037640     
          11          25  0.97079500487808401     
          12          26  0.97144731351966462     
          13          27  0.97096759153899959     
          14          28  0.96695374928738809     
          15          29  0.96608045384852703     
