$coord
    1.83179488085305    0.54302018701191   -0.00741521819767      c
    4.55939469791564   -0.05467495203831   -0.02017999893980      c
    6.34072993558981    1.58411274558960   -0.03087717998168      n
    8.65187258993089    0.60993022529394   -0.04117847498130      n
    8.72264180158747   -1.80954901598470   -0.03869067188004      c
   11.05508750543452   -3.34473697119454   -0.04840475322952      c
    5.69034632100526   -3.18756393401140   -0.02210056362250      s
    1.59350174331643    2.58233042838734   -0.00862016771123      h
    0.93331901128115   -0.25304251186146    1.66462954739162      h
    0.91685819157398   -0.25693643295080   -1.66864088669801      h
   12.68126271643091   -2.09132836248831   -0.05792686041803      h
   11.10873659044962   -4.55299501850049   -1.71392129106479      h
   11.12522062996225   -4.54905789967978    1.61934975396696      h
$periodic 0
$end
