           1           2   1.9148810120481055     
           2           3   1.0743422737292743     
           3           4   1.3847845135151473     
           4           5   1.4047023624563066     
           5           6  0.97531517611000951     
           5           7   1.4082109569753480     
           7           8   1.3796207808673124     
           8           9   1.0688648429666825     
           9          10   1.7472960400145634     
          10          11  0.99872402688533701     
          10          12  0.97222160353690001     
           3          13   1.3324370920615520     
           8          13   1.3424709358061060     
          13          14   1.0271810523486795     
          14          15  0.94397450723097598     
          15          16   1.0166049081002886     
           1          17  0.97712910471708714     
           1          18  0.97189543652815946     
           2          19  0.96098269238652623     
           4          20  0.96461291390462145     
           7          21  0.96518569187195180     
           9          22  0.95107242376347212     
          15          23  0.97140569346850281     
          15          24  0.96917781253882440     
          16          25  0.98490017912593841     
          16          26  0.98388776526541877     
          16          27  0.98518024240701207     
