$coord
    5.73149649946112    0.79843754576096    0.00043733654301      c
    2.98209547420136    0.11456406222790   -0.00222460841524      c
    2.19098966297210   -2.38279049544406    0.00217902331679      c
   -0.35802719431571   -2.95695987154836    0.00218688327167      c
   -2.19110610948505   -1.07988302029688   -0.00251091463444      c
   -4.93395785549373   -1.80445730178687    0.00038418472448      c
   -1.41467294345209    1.44203873228062   -0.00884245224185      c
   -3.24365278680618    3.61293314423022   -0.01654664986255      c
    1.15083501034285    1.99080159828773   -0.00834409951049      c
    6.90699355854629   -0.88642090903455    0.00205920137074      h
    6.19114972679901    1.92113850652169    1.66393844369435      h
    6.19514828579775    1.92103710385198   -1.66193352168472      h
    3.56925646329848   -3.88984509559502    0.00595643920670      h
   -0.93662670812377   -4.91644342957071    0.00616225473403      h
   -5.13113834509427   -3.84980742076903    0.00472236962068      h
   -5.88997194127894   -1.06918987733736   -1.66837967933427      h
   -5.88729923895374   -1.06245965822661    1.66779668743720      h
   -5.19520016929468    2.98758433626163   -0.01304501653198      h
   -2.93831872391227    4.78279911054984   -1.68347133861590      h
   -2.93667738787957    4.79657528575683    1.64025687435957      h
    1.73807990454106    3.94890486852601   -0.01260655105180      h
$periodic 0
$end
