$coord
    1.94189581314470   -0.15447448199766   -0.13983514652009      c
    4.76427370838999   -0.00168478411372   -0.12621839041001      c
    6.02016049611671    2.35919924188799   -0.12248927083180      c
    8.61087822508693    2.48120262681268   -0.10995093780677      c
   10.07408373430534    4.88536326674131   -0.10522531953264      c
    9.90303914508766    0.15619280637059   -0.10126926633586      c
   12.34410704746022   -0.38050001074557   -0.08880045499202      n
   12.48654965846738   -2.91618301427895   -0.08553660572990      c
   10.12123329320458   -4.00309379216606   -0.09597476657783      c
    8.47204801157179   -2.05055583461012   -0.10601518122895      n
    5.97363803955922   -2.15508563688692   -0.11811558695247      n
    1.10833640969851    1.72096946847656   -0.14602338408122      h
    1.28869516680073   -1.18251096353069    1.51645650376809      h
    1.30489107816695   -1.18626976612653   -1.80008966768657      h
    4.91195660655792    4.07121094019729   -0.12965081648103      h
    8.82205722721293    6.51328934123940   -0.11344879785506      h
   11.30308884096941    4.94864543816501   -1.75300583928721      h
   11.28620243216519    4.95241505142369    1.55487331552940      h
   14.28647585645345   -3.84711383993743   -0.07580132640522      h
    9.51401994601840   -5.93004797450388   -0.09698376239782      h
$periodic 0
$end
