           1           2   1.9129156578345685     
           2           3   1.0873750193202576     
           3           4   1.2575549096580201     
           4           5   1.6046342020631623     
           5           6   1.1410421349323414     
           3           7   1.4473729883213156     
           5           7  0.12249630774156320     
           6           7   1.0944216504702349     
           7           8   1.1129149211358196     
           8           9   1.7106451156998146     
           9          10  0.98600327804815535     
           9          11  0.97640070246221988     
           1          12  0.97715815065478295     
           1          13  0.97657592097777035     
           2          14  0.96019800666852961     
           4          15  0.97369483230070408     
           5          16  0.96501408100966291     
           8          17  0.94989660086532246     
