$coord
    5.29947581564280   -0.38978143029828   -2.09872951115182      c
    4.52610037966888    0.01575127012804    0.25261069739415      c
    5.80014577522575    1.73034218856974    1.99416546197248      c
    4.86215969538718    2.12063831682979    4.43525155424866      c
    6.20853835186465    3.65534541013931    6.05908245634095      c
    8.41863372267006    4.81437361177776    5.22863184762183      c
    9.91503084624761    6.29870347724472    7.10460227742642      c
   12.36572067441477    5.56506114301465    7.30078680898256      n
    9.00084527526813    7.91038182013645    8.45005818561729      o
    9.11623874234573    4.46594126682946    2.68886295640931      c
   11.20251494781495    5.80983164735319    1.46408568709660      c
   11.95081358328022    8.13054067340697    2.04113893082285      c
    7.86000450977156    2.91184424804192    1.17887164839264      n
    4.32770604624773   -1.66516138688239   -3.34998030398929      h
    6.94193426074001    0.56884336083083   -2.81957254117123      h
    2.87399036560559   -0.93024131803408    0.99847498410137      h
    3.14028221266038    1.20936691678706    5.03812348279478      h
    5.59232298444878    3.95989907734544    7.98139049171797      h
   13.14865948493081    4.35661662304301    6.06423373967425      h
   13.50172652621316    6.51210922366500    8.49733552311520      h
   12.01482092772175    4.81274193613184   -0.12470809093293      h
   11.08959171908382    9.20876030805191    3.53828533426116      h
   13.44102298057045    9.05229687746706    1.00628487202611      h
$periodic 0
$end
