           1           2   1.8953198613900830     
           2           3   1.0953059390194519     
           3           4   1.3279655475119418     
           4           5   1.4911993282208940     
           5           6   1.3620769162463786     
           6           7   1.0976497462702932     
           7           8   1.8826187288403280     
           6           9   1.3056821441705613     
           9          10   1.0016106718515430     
          10          11   1.7258852400979625     
          10          12   1.1127711824896089     
          11          12  0.16853436684338224     
          12          13  0.96002735883817991     
           3          14   1.3858753428405315     
           9          14   1.4153590720097844     
           1          15  0.97768336639517295     
           1          16  0.97299274638685163     
           2          17  0.96357034688352283     
           4          18  0.95741171888732834     
           7          19  0.95835237910393567     
           8          20  0.97161824271167108     
           8          21  0.97781145412140724     
          13          22  0.98176167140920823     
          13          23  0.97656379932031279     
          13          24  0.97634149812067617     
          14          25  0.96327879989736886     
