$coord
    5.34072642641312    0.02931758075475    2.31729837769542      c
    4.84597851009801   -0.14862168102942   -0.13657238156606      c
    6.04576853870397   -1.99360121092792   -1.78773790712073      c
    5.43160471626855   -2.10949328263789   -4.35319152700695      c
    6.57906747104154   -3.90085950782405   -5.88572641112705      c
    5.68434099145204   -4.06155313529388   -8.56626057130779      c
    5.41203390881545   -2.24795164107996   -9.89329870322414      o
    5.04324207144471   -6.39040818451897   -9.36995296235706      o
    8.41050356185493   -5.50791431605869   -4.83514095275242      c
    9.92479721641869   -7.30357082087816   -6.27926205302520      c
   10.67011481695351   -6.96682745913164   -8.65159259814060      c
    8.84955209096593   -5.23756005692507   -2.23827423761980      c
    7.72421318503087   -3.58345453646012   -0.77822673310968      n
    4.43076228856754    1.40924287756840    3.50198419047151      h
    6.68507292753214   -1.22364782399433    3.18946368015873      h
    3.50209269334794    1.09884080077077   -1.03964829361603      h
    4.04659835009030   -0.84595737755666   -5.15656204052120      h
    5.44115866470252   -7.68773621338690   -8.14707166158487      h
   10.56452994348254   -8.93838610468201   -5.22632638225035      h
   10.15837733310022   -5.31505438151604   -9.72779182623369      h
   11.85106965113239   -8.32678187795418   -9.59584093610807      h
   10.22063396103009   -6.44132978371989   -1.30983887093918      h
$periodic 0
$end
