$coord
    2.62820498051039    0.95774651532117    1.24722349601279      c
    4.96310082664616    1.10490249937624    0.34802977314844      c
    5.90612451213168   -0.14939333889836   -1.92709747666986      c
    8.33284738515444   -1.17281971951167   -1.84663966671548      c
    9.32189094916504   -2.48659909847982   -3.87176856064866      c
    7.89824140733650   -2.77072399988247   -6.05163393365627      c
    5.51268894431402   -1.72320075083423   -6.19188863565822      c
    4.48036632026720   -0.40702452347409   -4.15434413655812      c
    2.02538490143683    0.82668849258290   -4.38462606455562      c
    0.11044414381554    0.07171832953257   -5.80284412612039      c
   -0.02831531410652   -2.00507139672152   -7.21090016701520      f
   -2.06997284428613    1.32365219862310   -5.97907391150732      f
    2.09711164119265    1.89403449754214    2.97424191220133      h
    1.17893527815814   -0.14343696334749    0.33643177581982      h
    6.38212398650226    2.13594684826530    1.40474680830999      h
    9.43486913498744   -0.95555711692250   -0.14089636300466      h
   11.19847560902375   -3.27951678551977   -3.75793839494919      h
    8.65784787067798   -3.78490467554482   -7.65028880279305      h
    4.44443828949843   -1.89475623031814   -7.91944582740541      h
    1.72701009802823    2.53389027221258   -3.30617572233474      h
$periodic 0
$end
