           1           2   1.8552537666802049     
           2           3   1.1382332745266686     
           3           4   1.4967774360047799     
           4           5   1.3114394559544855     
           5           6   1.0216993897305087     
           5           7   1.4634415086996182     
           7           8   1.1449472990472493     
           8           9   1.8556761379311759     
           3          10   1.1404030314385663     
           7          10   1.1338390659906166     
           1          11  0.97809280300719459     
           1          12  0.97546548122666166     
           2          13  0.96439823173043404     
           4          14  0.96212321867978901     
           6          15  0.98484272210183788     
           6          16  0.97169426117226532     
           6          17  0.97354448890499468     
           8          18  0.95734779366249245     
           9          19  0.97193080373894047     
           9          20  0.97859243008895469     
