           1           2   1.9037747947253296     
           2           3   1.0798053127260556     
           3           4   1.3562368767866009     
           4           5   1.4514980620782409     
           5           6   1.4449849226252449     
           4           7  0.10046891295416265     
           6           7   1.3628435297246397     
           7           8   1.0282587191165218     
           8           9   1.3675133339511401     
           9          10   1.4431779986905431     
           8          11  0.10167011465521918     
          10          11   1.4520378764957114     
           9          12  0.10087581453558521     
          11          12   1.3613750438135772     
          12          13   1.0432342932394969     
          13          14   1.3605310753122144     
          14          15   1.4462785653449308     
          15          16   1.4507264337701786     
          16          17   1.3560838228272776     
          17          18   1.0794703813172983     
          18          19   1.9065657590348994     
          13          20   1.4022449490129767     
          17          20   1.3878353660912102     
           8          21   1.4076720326034624     
          12          21   1.3986119211368842     
           3          22   1.3872554836383508     
           7          22   1.4152613914773167     
           1          23  0.97821222768360694     
           1          24  0.97144766081740896     
           2          25  0.96609653087789016     
           4          26  0.96913208224479974     
           5          27  0.96958779384362148     
           6          28  0.96815155888831894     
           9          29  0.96799608877196996     
          10          30  0.96919051166357328     
          11          31  0.96557493773877845     
          14          32  0.96458514117708549     
          15          33  0.96935316623689693     
          16          34  0.96617562933736045     
          18          35  0.96327566416347543     
          19          36  0.97247741517987829     
          19          37  0.97758660121604068     
