           1           2   1.8843736013731260     
           2           3   1.1017732354955712     
           3           4   1.2246492072636714     
           4           5   1.6472936242601677     
           5           6   1.1785549505427038     
           3           7   1.4673396359390103     
           6           7   1.1325898620500159     
           7           8   1.1145703833224143     
           8           9   1.1294493862712436     
           9          10   1.1868789334909402     
          10          11   1.6342484103405026     
           8          12   1.4761709799742604     
          11          12   1.2347462896673118     
          12          13   1.0805415641003409     
          13          14   1.9074212565022561     
           1          15  0.97844779970135820     
           1          16  0.97436420787893130     
           2          17  0.96074155101531256     
           4          18  0.96121351587501058     
           5          19  0.96934062227821949     
          10          20  0.96937692432424472     
          11          21  0.96409186692397997     
          13          22  0.96057707316786478     
          14          23  0.97483755018783080     
          14          24  0.97778038907870202     
