           1           2   1.8570441831709625     
           2           3   1.1365436296605651     
           3           4   1.5044743827777962     
           4           5   1.3030501994358930     
           5           6   1.0118360167428866     
           6           7  0.98583256405565178     
           7           8   1.0091118245202704     
           8           9   1.0071807477808141     
           9          10   1.0060750675157164     
          10          11   1.0077891862759751     
          11          12   1.0077726104462508     
          12          13   1.0060951225080914     
          13          14   1.0087302784256327     
          14          15   1.0064151208962961     
          15          16   1.0087714635324820     
          16          17   1.0190075996779178     
           5          18   1.4684578041149412     
          18          19   1.1421079352243935     
          19          20   1.8578685697929678     
           3          21   1.1379849840161049     
          18          21   1.1305411367211600     
           1          22  0.97810568026814326     
           1          23  0.97544857624953540     
           2          24  0.96450662695106493     
           4          25  0.96227013080440804     
           6          26  0.97006756554185214     
           6          27  0.97050317816302112     
           7          28  0.97749987463545085     
           7          29  0.97620030515564005     
           8          30  0.97422789099574758     
           8          31  0.97504029809968584     
           9          32  0.97718744508448341     
           9          33  0.97759122564313894     
          10          34  0.97760682753548445     
          10          35  0.97684858208695768     
          11          36  0.97713773044211560     
          11          37  0.97360549652707773     
          12          38  0.97726262478708581     
          12          39  0.97711570872652631     
          13          40  0.97681201595454059     
          13          41  0.97616172930845790     
          14          42  0.97577144520926817     
          14          43  0.97682738536176139     
          15          44  0.97714803059966771     
          15          45  0.97725785215994077     
          16          46  0.97731053321350414     
          16          47  0.97839083881074296     
          17          48  0.98811581647799684     
          17          49  0.98765412017441934     
          17          50  0.98789756436901577     
          19          51  0.95386797290463377     
          20          52  0.97159219946566178     
          20          53  0.97851786481969061     
