   -0.08797718
   -0.02436021
   -0.00705398
   -0.06711468
    0.13130375
   -0.28735891
    0.08076368
   -0.06558676
   -0.05515599
   -0.05882916
   -0.05723108
   -0.05738637
   -0.05659779
   -0.05778662
   -0.05184096
   -0.09819739
   -0.00877406
   -0.02629764
   -0.08968050
   -0.07600207
    0.13346187
   -0.26722965
    0.08546324
   -0.06301518
   -0.05710171
   -0.06260030
   -0.05758204
   -0.05584000
   -0.05517782
   -0.05825319
   -0.05230554
   -0.09964006
    0.03169283
    0.05830561
    0.02802848
    0.03729669
    0.03192812
    0.03743478
    0.03352008
    0.04285769
    0.02962906
    0.03809034
    0.03383552
    0.02631006
    0.02497470
    0.03379573
    0.02675572
    0.03038747
    0.02788253
    0.02671076
    0.02947143
    0.03548423
    0.02707070
    0.02972547
    0.03246896
    0.02977475
    0.02760199
    0.05168242
    0.03312629
    0.03423777
    0.04030157
    0.02581744
    0.02887516
    0.05048918
    0.03486702
    0.02938777
    0.03558758
    0.05711980
    0.02630810
    0.03050266
    0.02505993
    0.02673527
    0.02575252
    0.02394219
    0.03024240
    0.03370948
    0.02788465
    0.02615815
    0.02668800
    0.03098079
    0.03231626
    0.03217817
