           1           2   1.8915982570415559     
           2           3   1.0973118763229659     
           3           4   1.3633242248937190     
           4           5   1.4651203181952854     
           5           6   1.3494754668949935     
           6           7   1.3185055992851931     
           3           8   1.3577896557110920     
           7           8   1.4354589520837144     
           7           9   1.0129015657687759     
           9          10   1.0114687698711717     
          10          11   1.4400579610798259     
          11          12   1.3551905501511381     
          12          13   1.0974084692706063     
          13          14   1.8915497019378258     
          12          15   1.3658764040308013     
          15          16   1.4603879785610254     
          10          17   1.3166884138356010     
          16          17   1.3526996289126032     
           6          18   1.0931935691574084     
          17          18   1.0907042778373248     
          18          19  0.98836679194414123     
          19          20  0.99600036386333968     
          20          21   1.0088463004098782     
          21          22   1.0073171207972240     
          22          23   1.0076548554654778     
          23          24   1.0200296600774066     
           1          25  0.97842933934871790     
           1          26  0.97322317030013772     
           2          27  0.96461695943951198     
           4          28  0.96538416653046066     
           5          29  0.96436010972943942     
           8          30  0.96553245437537583     
          11          31  0.96256110469805378     
          13          32  0.96445644376294348     
          14          33  0.97302428148593134     
          14          34  0.97847853504402715     
          15          35  0.96818233183731339     
          16          36  0.96410313646663792     
          19          37  0.96816714661215075     
          19          38  0.96441476705770701     
          20          39  0.97351061859273513     
          20          40  0.97189252333964571     
          21          41  0.97457560338451066     
          21          42  0.97580090658493202     
          22          43  0.97746949205774503     
          22          44  0.97699266993365563     
          23          45  0.97697946091257570     
          23          46  0.97841193293081186     
          24          47  0.98621721290921061     
          24          48  0.98758745467976106     
          24          49  0.98763934997055181     
