           1           2  0.96863741356647115     
           2           3  0.97544004955962860     
           2           4   1.7197326219221554     
           4           5   1.1065567939784986     
           5           6   1.3525877953981764     
           6           7   1.4853469711745027     
           7           8   1.3438696900804576     
           8           9   1.0915179216007660     
           9          10   1.0542149539064010     
          10          11   1.3698773259004551     
          11          12   1.4554402186505733     
          12          13   1.4304689110740318     
          11          14  0.10578137154497511     
          13          14   1.4308621276199720     
          10          15   1.3706029870950676     
          12          15  0.10574290695773439     
          14          15   1.4552479689407010     
           9          16   1.0553520873744426     
          16          17   1.3701821807365697     
          17          18   1.4554308894096835     
          18          19   1.4307420158812352     
          17          20  0.10564424711924042     
          19          20   1.4302785875413893     
          16          21   1.3693420225041473     
          18          21  0.10570002039374785     
          20          21   1.4556907762326516     
           8          22   1.3442321561343773     
           5          23   1.3536438192332885     
          22          23   1.4857078195596074     
           4          24  0.95461408685765181     
           6          25  0.96819336996999095     
           7          26  0.96694694545485582     
          11          27  0.96802716631123786     
          12          28  0.97076554032574858     
          13          29  0.97153732996187914     
          14          30  0.97083228581672221     
          15          31  0.96815158182539440     
          17          32  0.96813760040468388     
          18          33  0.97083981660654783     
          19          34  0.97156144948239265     
          20          35  0.97079967415678203     
          21          36  0.96803933824193800     
          22          37  0.96689467030662002     
          23          38  0.96723425101172622     
