           1           2   1.9105551091929287     
           2           3   1.0764236439107904     
           3           4   1.3818291178984510     
           4           5   1.4212375723347224     
           5           6  0.98054874770899580     
           6           7   1.7814527535291027     
           6           8   1.1112461245171192     
           7           8  0.16482407382944902     
           5           9   1.3239471758253227     
           9          10   1.0890058716488897     
          10          11   1.9018876534274358     
           9          12   1.3752697499892785     
           3          13   1.3275644499331738     
          12          13   1.4276435343571281     
          13          14  0.97176357101663313     
          14          15   1.7832633753626066     
          14          16   1.1116638214538088     
          15          16  0.16395317271912310     
           1          17  0.97578412613727739     
           1          18  0.97046122291292813     
           2          19  0.95955632704653049     
           4          20  0.96209686771385217     
           8          21  0.87083980833596730     
          10          22  0.95798761378800401     
          11          23  0.97253185638955886     
          11          24  0.97670046643420405     
          12          25  0.96027899100929126     
          16          26  0.87223144058792001     
