           1           2   1.8631248797813491     
           2           3   1.1371133709503509     
           3           4   1.5157180945786426     
           4           5   1.2854573356299177     
           5           6   1.0110538740139976     
           6           7  0.99312976164288402     
           7           8   1.0075122194075272     
           8           9   1.0088875726688129     
           9          10   1.0068003744994651     
          10          11   1.0072455813699575     
          11          12   1.0077420045484482     
          12          13   1.0076395615452902     
          13          14   1.0076215847417496     
          14          15   1.0199657538145670     
           5          16   1.4931523335940902     
          16          17   1.1151541988747280     
          17          18   1.8784143920649170     
           3          19   1.1323385177096530     
          16          19   1.1261044843551453     
           1          20  0.97843386092753115     
           1          21  0.97221540865737666     
           2          22  0.95882875216194374     
           4          23  0.96278204551893998     
           6          24  0.96150866199245755     
           6          25  0.96858674323724148     
           7          26  0.97704339268188545     
           7          27  0.97709314725685092     
           8          28  0.97357606536459873     
           8          29  0.97665687646543087     
           9          30  0.97688192676256014     
           9          31  0.97234434117579938     
          10          32  0.97758384129153053     
          10          33  0.97584734043555088     
          11          34  0.97631359646042759     
          11          35  0.97532617041386260     
          12          36  0.97203448678454418     
          12          37  0.97565890111526687     
          13          38  0.97557334280558428     
          13          39  0.97670251618666648     
          14          40  0.97599632960825911     
          14          41  0.97869955748406701     
          15          42  0.98619006389119057     
          15          43  0.98775309747785900     
          15          44  0.98774159032574271     
          17          45  0.95872172599422034     
          18          46  0.97344120880229079     
          18          47  0.97744171608921437     
