           1           2   1.9101447067559385     
           2           3   1.0768311499128465     
           3           4   1.3787205026080485     
           4           5   1.4239727362921339     
           5           6  0.96726684528046358     
           6           7   1.7930085945536813     
           6           8   1.1059244958046415     
           7           8  0.16516526484002186     
           5           9   1.3310612348679534     
           9          10   1.0797133655817526     
          10          11   1.9134412142937378     
           9          12   1.3797216395320542     
           3          13   1.3312709368977018     
          12          13   1.4240446502457003     
          13          14  0.97255326688415245     
          14          15   1.7824465244992209     
          14          16   1.1120510562509847     
          15          16  0.16389058102862092     
           1          17  0.97578107744517173     
           1          18  0.97050131968275455     
           2          19  0.95963288637727684     
           4          20  0.96459537566813247     
           8          21  0.87451321760053990     
          10          22  0.95772188752133380     
          11          23  0.97109825681848738     
          11          24  0.97551729775318008     
          12          25  0.96342095162013619     
          16          26  0.87219755059038118     
