$coord
    2.69311112013578   -0.31349002519928    1.47087214373168      c
    4.71268752282272   -0.24324540454502   -0.25170757578336      o
    5.80494195572971    2.03565849909746   -0.79247507716805      c
    5.07170895558524    4.33243447954394    0.28689500797414      c
    6.25314545087927    6.56228169566480   -0.38641264076064      c
    7.76171748004896    1.94047188951706   -2.54922084594013      c
    8.96333618948412    4.17104630485701   -3.18393277072101      c
    8.20416140517161    6.50934101253116   -2.13155293067531      c
    9.77663387695352    8.40950168551117   -3.25913638224479      c
    9.97215856518261   11.01424132186636   -2.98506994289095      c
   11.76347536040982   12.29352090844691   -4.36803116948750      c
   13.40365063309483   11.01543989172734   -6.01462856604530      c
   15.10422609269684   12.52092110963385   -7.24128895914408      o
   16.81251559268500   11.38929093907715   -8.92872265021960      c
   13.24641583894450    8.41623098827556   -6.31549305171012      c
   11.40382002225038    7.14199697765180   -4.94923027736342      c
   10.89638932902936    4.58351033407477   -4.88668667268511      n
   12.13189275606698    2.72158753960993   -6.31107859857140      c
   12.40187497167188    2.99770088815379   -8.91129545912832      c
   13.64483805269002    1.16915786581235  -10.30179300202709      c
   14.62193945285567   -0.97685027195158   -9.14884638454873      c
   15.92653245967770   -2.98265088969737  -10.66237576928523      c
   14.32658543309895   -1.24454284683820   -6.55175911991274      c
   13.10901183994677    0.58011793324330   -5.13799204637742      c
    2.11707290080814   -2.28698539832313    1.57094206418493      h
    1.09495459540306    0.82973850905892    0.82158067088963      h
    3.27163281205577    0.32243699798674    3.35362041160256      h
    3.55999931540102    4.39378282134018    1.65170838073272      h
    5.65270165474760    8.32775875780624    0.44005085895797      h
    8.26679931013043    0.14830659536936   -3.37512408501548      h
    8.74040809124292   12.01580734723927   -1.70503029867384      h
   11.97089306550181   14.31454462751691   -4.21304631553224      h
   17.95510340516347   12.92641372304448   -9.68176918928810      h
   15.83153578737986   10.44291891384153  -10.48645762608595      h
   18.04437099314029   10.02949113326509   -7.97089613305246      h
   14.51253176110607    7.39024914430046   -7.53781098607941      h
   11.61100046511266    4.63561182415650   -9.83640009304140      h
   13.84501848732668    1.40797525191445  -12.32026324991168      h
   16.57920167703101   -2.23933625182769  -12.46313904023221      h
   14.62667136105927   -4.53593255689289  -11.04225656511863      h
   17.53432475955405   -3.74478603234020   -9.63204422213322      h
   15.07737480006600   -2.90061810464387   -5.62232004210699      h
   12.92713641863871    0.37063009940661   -3.11699129665976      h
$periodic 0
$end
