$coord
    2.11088468927377   -0.35855114574988    0.05228785284321      c
    4.81828795235062   -0.26360581884389    0.05521015579148      n
    6.27016558267876    1.87109760071318    0.05551222452802      c
    8.77070343033336    1.26226803978776    0.05952623203192      c
    6.39325800633272   -2.31204557024667    0.05918069695408      c
    8.91615938294064   -1.41996407162085    0.06204195676020      c
   10.90681149622758   -3.14834288292238    0.06672489950638      c
   10.38196635949234   -5.70041395269766    0.06841803042105      c
   12.46631283716223   -7.62457287916170    0.07388819350362      c
    7.86395703721090   -6.53686917089834    0.06517236242831      c
    5.85612125407977   -4.88316568256094    0.06056117282553      c
    1.35947481708627    1.55699442347253    0.05040166746946      h
    1.41377455136358   -1.34567831153838    1.72873639309520      h
    1.41735777342813   -1.34758622644384   -1.62451833169457      h
    5.39290041877863    3.70194253595100    0.05277310967036      h
   10.32883577253183    2.55650722105940    0.06059424549098      h
   12.83720564523981   -2.48154879921470    0.06907092965803      h
   14.30743288518873   -6.71307188849327    0.07602759796196      h
   12.33518995493350   -8.83300433763361   -1.58855454434648      h
   12.32959113054805   -8.82944579829251    1.73847064829363      h
    7.50650991308197   -8.54783803417088    0.06641157712042      h
    3.93285573162879   -5.56753701765239    0.05814581843220      h
$periodic 0
$end
