$coord
    3.80810905690220   -2.66685662005154    0.20433075132460      c
    4.97986981998173   -0.19347381936567    0.31624293986494      n
    6.22658604741071    0.67196604267720   -1.83613961987870      c
    5.51297400147378    2.84981428348285   -3.08444005034153      c
    6.79216730094161    3.66769430087930   -5.23390319041635      c
    8.80723659784884    2.34483816985158   -6.21477411448716      c
   10.06920172634891    3.39197821303243   -8.44338404684217      c
   12.52844846343829    3.72585033773497   -8.72366248864224      c
   14.34103645137254    3.15534702565693   -7.08169961846783      f
   13.57533048233340    4.76739271099756  -10.77093759411138      f
    8.37697395191512   -0.69177459431074   -2.73731754656849      c
    9.59527038986829    0.07894671887634   -5.00426148434670      c
   11.52528853352235   -1.47298433803129   -5.99437055909220      c
   12.37657793459079   -3.54337191050284   -4.70799504791647      c
   11.36957265813333   -4.13148916457085   -2.33254141781399      c
    9.39868714362642   -2.75344182233327   -1.38908322661728      c
    3.48090295256944    1.58530073418319    1.74035768984127      c
    4.72957393711960   -3.84099038190928   -1.20466150880618      h
    1.79973502343353   -2.50787218354161   -0.29862942679899      h
    3.93828009209248   -3.58757990101927    2.04764118922462      h
    3.91593011140146    3.93740820903972   -2.43614850193200      h
    6.18039584225533    5.38697787035648   -6.15142730627799      h
    8.88652825847504    4.11045533668351   -9.94530471066124      h
   12.32300037165078   -1.02221944508464   -7.81516381049024      h
   13.85512049647765   -4.70712886694995   -5.49785782040707      h
   12.14181772934976   -5.68953982378159   -1.26350104710189      h
    8.63575575836030   -3.20086358689502    0.44689288706304      h
    3.16075381199508    0.79278516334450    3.61686716724659      h
    1.62815975103817    1.96867994816214    0.88224026188530      h
    4.51267836613034    3.35217745596078    1.94393308792922      h
$periodic 0
$end
