   -0.08897537
   -0.02916699
    0.02466800
   -0.05486999
   -0.00369462
   -0.05872602
   -0.05529320
   -0.05745858
   -0.05740933
   -0.05631999
   -0.05715106
   -0.05243787
   -0.10179281
    0.01608614
   -0.02762569
   -0.09022795
   -0.06251271
    0.04084680
    0.03975158
    0.04104073
    0.03771597
    0.03781374
    0.04084470
    0.03976392
    0.02759057
    0.02517375
    0.03482417
    0.02725838
    0.02815236
    0.03071994
    0.02754072
    0.02676538
    0.03348862
    0.02742647
    0.02680630
    0.03235695
    0.02928676
    0.03547607
    0.04139680
    0.04149910
    0.03936826
