   -0.08569400
   -0.02939449
    0.01465006
   -0.05212875
    0.01217031
   -0.02913085
   -0.08670526
   -0.07338987
    0.14058412
   -0.27729807
    0.08687665
   -0.06397365
   -0.06194389
   -0.06018655
   -0.05408129
   -0.10308333
    0.35741383
   -0.36333361
   -0.37504324
   -0.05968519
    0.03843358
    0.04178342
    0.03577748
    0.03359948
    0.03570673
    0.03563956
    0.03678896
    0.03330242
    0.02510783
    0.02451277
    0.03810668
    0.05229140
    0.03885826
    0.05470890
    0.04047379
    0.03429698
    0.03017261
    0.04789735
    0.06856881
    0.04724464
    0.31967501
    0.05043042
