           1           2   1.9005485607215622     
           2           3   1.0878521583535554     
           3           4   1.3262116029526325     
           4           5  0.99036373901292007     
           4           6   1.3445367621926951     
           6           7  0.99140893741826930     
           6           8   1.3536664685762745     
           8           9  0.98931225564742376     
           8          10   1.3173200413768325     
          10          11   1.0880455358078287     
          11          12   1.9000054890668066     
           3          13   1.3363129144424084     
          10          13   1.3455690022589653     
          13          14  0.98066287889893522     
           1          15  0.97626304400012864     
           1          16  0.97230876319393689     
           2          17  0.95942913119426565     
          11          18  0.95968244018783977     
          12          19  0.97236451769997556     
          12          20  0.97622063940123549     
