           1           2   1.9081911488702596     
           2           3   1.0821272134651154     
           3           4   1.3625473503821204     
           4           5   1.4881580825091139     
           5           6   1.3245876628911459     
           6           7   1.0720384065631781     
           7           8  0.98256590397812216     
           6           9   1.3866063907145676     
           3          10   1.3317769921090887     
           9          10   1.3786850897622103     
          10          11   1.0830862478616647     
          11          12   1.7434013641763990     
          12          13  0.97326584797628812     
          12          14  0.96945804168080218     
           1          15  0.97729892306455690     
           1          16  0.97275794904066848     
           2          17  0.95969874424473023     
           4          18  0.96795851341633865     
           5          19  0.96728482989319464     
           8          20  0.97946920502488077     
           8          21  0.97631762923780163     
           8          22  0.97629238862851342     
           9          23  0.96272013864398331     
          11          24  0.94656264938314272     
