           1           2   1.9119668242061183     
           2           3   1.0856934937053990     
           3           4   1.3569780580506543     
           4           5   1.4270570205185591     
           5           6   1.0585274898232400     
           6           7   1.6757678506489437     
           6           8   1.1033103804013833     
           7           8  0.15977398436296270     
           8           9  0.96221109530117133     
           5          10   1.1971028075078491     
           3          11   1.3468240537970464     
          10          11   1.2386282757053875     
          11          12   1.1108380263853115     
          12          13   1.8803821515532104     
           1          14  0.97804687836003035     
           1          15  0.97545914400419109     
           2          16  0.96152845531544417     
           4          17  0.97233743901100744     
           9          18  0.98195218007039797     
           9          19  0.97684518950460553     
           9          20  0.97684911623339943     
          10          21  0.93410815565799665     
          12          22  0.96084758545547322     
          13          23  0.97345686562296463     
          13          24  0.97808281979364753     
