           1           2   1.8938213415137941     
           2           3   1.0963330782330871     
           3           4   1.2632916036378714     
           4           5   1.5836859343688450     
           5           6   1.2620355651879855     
           6           7   1.3062468928711701     
           7           8   1.4715044075082033     
           8           9   1.0921543431944023     
           9          10   1.8985102253805555     
           8          11   1.2679669046894819     
           7          12  0.10598431861981657     
          11          12   1.5769553731137740     
           6          13   1.2387927974638984     
          12          13   1.2666093245631946     
           3          14   1.4730235516220165     
           5          14  0.10395238496296069     
          13          14   1.3020847186213311     
           1          15  0.97838601815886861     
           1          16  0.97245374542802865     
           2          17  0.96441031543903111     
           4          18  0.96521520533883209     
           5          19  0.96802314594162031     
           7          20  0.96346604831203353     
           9          21  0.96420906059415490     
          10          22  0.97331464298111303     
          10          23  0.97833837861116324     
          11          24  0.96833328621172843     
          12          25  0.96805335462375730     
          14          26  0.96583851059412607     
