           1           2   1.9108793561944839     
           2           3   1.0775516420310041     
           3           4   1.5419967378951553     
           4           5   1.2090776322089360     
           5           6   1.1285066381755779     
           6           7   1.0510311203673188     
           7           8   1.7243577281359737     
           7           9   1.1049588429099615     
           8           9  0.15378246642927923     
           3          10   1.2012677244624650     
           6          10   1.4729979454825326     
          10          11   1.0869583537170711     
          11          12   1.9009000161223542     
           1          13  0.97758420303343185     
           1          14  0.97546136246435489     
           2          15  0.95557277553890818     
           4          16  0.96719775307224320     
           9          17  0.86881939289560162     
          11          18  0.94924650087773310     
          12          19  0.97229920397328884     
          12          20  0.97636343422841387     
