           1           2   1.0305769030638099     
           2           3   1.4221767364674307     
           3           4   1.4342064144833371     
           4           5   1.4333021684346112     
           5           6   1.4230250223863092     
           6           7   1.0305786961494756     
           2           8   1.3335351431779230     
           6           8   1.3326559631179651     
           8           9   1.1007705184378322     
           9          10   2.7928515111436472     
           1          11  0.98477299126062423     
           1          12  0.96656016207860140     
           1          13  0.97083255266094892     
           3          14  0.96763835679099486     
           4          15  0.97074261261167150     
           5          16  0.96760078137057115     
           7          17  0.98502741697146601     
           7          18  0.96857024694220628     
           7          19  0.96868087778936551     
