   -0.08690557
   -0.02907071
    0.01178279
   -0.05236730
    0.01435266
   -0.02942199
   -0.08583574
   -0.05959099
    0.14086890
   -0.27560004
    0.08637052
   -0.06287136
   -0.06393927
   -0.05963602
   -0.05354214
   -0.10439502
    0.36088658
   -0.36859932
   -0.37402394
   -0.07346331
    0.03586636
    0.03545945
    0.03490601
    0.03279189
    0.03509434
    0.04216685
    0.03795222
    0.05099828
    0.02648000
    0.02326142
    0.03691616
    0.05132999
    0.04950406
    0.05409325
    0.03693728
    0.03710183
    0.02506893
    0.04288868
    0.05070870
    0.07096986
    0.32078034
    0.03372536
