           1           2   1.8967982447823304     
           2           3   1.0938713510498064     
           3           4   1.3651553560559953     
           4           5   1.4542527791919098     
           5           6   1.3759308460123456     
           6           7   1.0580161358330493     
           7           8  0.97685798976269544     
           8           9  0.96516366420769217     
           9          10  0.98798936835350970     
          10          11   1.0090355961833373     
          11          12   1.0087019769052163     
          12          13  0.99954784370018246     
           9          14  0.98123946762451697     
          13          14  0.98166303846109315     
           6          15   1.2872552740770780     
          15          16   1.0878509851860019     
          16          17   1.9044741790877833     
           3          18   1.3753873760578481     
          15          18   1.4136293814819187     
           1          19  0.97850544230011305     
           1          20  0.97318681270947993     
           2          21  0.96461212151905062     
           4          22  0.96594681143116234     
           5          23  0.96254189947547630     
           8          24  0.96525313034360605     
           8          25  0.96372523134860721     
           9          26  0.95719660394104977     
          10          27  0.97688342812823037     
          10          28  0.97439645582353784     
          11          29  0.97671391936796459     
          11          30  0.97460590442083372     
          12          31  0.97672929758813432     
          12          32  0.97664108741854672     
          13          33  0.97080514736252865     
          13          34  0.96855671763239792     
          16          35  0.96144695449083628     
          17          36  0.97330531408194654     
          17          37  0.97833295966541334     
          18          38  0.96295135985164482     
