           1           2   1.8983656952802590     
           2           3   1.0927801524161942     
           3           4   1.3564898047837073     
           4           5   1.4573558057462270     
           5           6   1.3941622028711866     
           6           7   1.0388457206779100     
           7           8   1.3984232675229771     
           8           9   1.4525801991883047     
           9          10   1.3587162054777451     
          10          11   1.0924443378655431     
          11          12   1.8983564567236246     
          10          13   1.3876830302860959     
           7          14   1.2947549074879448     
          13          14   1.3736727165468363     
          14          15   1.1542237604315400     
           6          16   1.2981132200979462     
          16          17   1.1543655191897730     
           3          18   1.3894124111154718     
          16          18   1.3695692495959098     
           1          19  0.97864910077280343     
           1          20  0.97315716870125657     
           2          21  0.96476367142038999     
           4          22  0.96616098627479641     
           5          23  0.96865943724592096     
           8          24  0.96865062710332406     
           9          25  0.96877152540544231     
          11          26  0.96475775550096277     
          12          27  0.97322321760371766     
          12          28  0.97862555482151037     
          13          29  0.96248499230880125     
          15          30  0.95584618459591841     
          15          31  0.94771940343769301     
          17          32  0.94779143527306542     
          17          33  0.95596157907336676     
          18          34  0.96521349854213689     
