           1           2   1.9013008804638849     
           2           3   1.0824442442204623     
           3           4   1.3114689813944507     
           4           5   1.4708137354889699     
           5           6   1.0790611318911414     
           6           7   1.9101313741558197     
           5           8   1.2220368521144960     
           8           9   1.2005200984243296     
           8          10   1.3761127923465051     
           3          11   1.4130063781346223     
          10          11   1.3925567063144559     
           1          12  0.97830911307044122     
           1          13  0.97282605520987653     
           2          14  0.96584533528964867     
           4          15  0.96450281783754499     
           6          16  0.95906075637748178     
           7          17  0.97444590258219477     
           7          18  0.97789393155043458     
           9          19  0.94749259962284982     
           9          20  0.94603864659947567     
