           1           2   1.9164086802033511     
           2           3   1.0772232879215276     
           3           4   1.3927591592747479     
           4           5   1.3962686063664151     
           5           6  0.94354073920166137     
           5           7   1.3960967075823545     
           7           8   1.3929068150057375     
           8           9   1.0756950292695602     
           9          10   1.9102418606010378     
           3          11   1.2985138764724449     
           8          11   1.3000900077571842     
          11          12   1.1778266225664911     
           1          13  0.97811195206823076     
           1          14  0.97460341005711049     
           2          15  0.95203919509510837     
           4          16  0.96437291641235623     
           7          17  0.96617963341148672     
           9          18  0.96047775740235508     
          10          19  0.97249662610603893     
          10          20  0.97761806613134683     
          12          21  0.93962230410564307     
          12          22  0.94245004460879045     
