   -0.08800683
   -0.02459055
   -0.01247271
   -0.04458988
   -0.01238905
   -0.02657019
   -0.08867551
    0.14325488
   -0.25268124
    0.07393264
   -0.00024865
   -0.03889533
   -0.02701900
   -0.02943549
   -0.02760535
   -0.03035265
   -0.08923651
    0.15833243
   -0.22712968
    0.03980483
    0.03881501
    0.05008074
    0.05331382
    0.03510703
    0.05887030
    0.03652310
    0.06021918
    0.03785834
    0.02872104
    0.03584964
    0.03511163
    0.03529007
    0.04076457
    0.05804939
