$coord
    3.75407312138424    1.80281886786367   -0.88663883317947      c
    5.39518571460375    0.31747942628124    0.30401984648692      c
    6.62471481278095   -1.83617269116721   -0.80646470294108      c
    5.51717776059884   -3.13948541294703   -3.61664452510698      s
    7.70577781140499   -5.53258327389368   -3.44798985995169      c
    9.19968145438771   -5.37976217551363   -1.36802412334647      c
   11.26715771254642   -7.20287171987870   -0.76611280091718      c
    8.60154514320667   -3.23553560174553    0.15886610008728      c
   10.00290147780447   -2.63727917497203    2.44672716753895      c
   10.66254942991883   -0.33221788146970    3.17767820531587      c
    2.85854794255125    3.37021230172373    0.04767706339001      h
    3.26190642094776    1.49399798450023   -2.84014442062126      h
    5.87818636084746    0.67046400759613    2.26014537797422      h
    7.75953690128116   -6.92670010519055   -4.91782782063972      h
   11.42990378566516   -8.61504008227883   -2.24901670719298      h
   10.88559359405242   -8.16220384116299    1.01629097452229      h
   13.06424107885781   -6.21425928132975   -0.58717427600299      h
   10.58119593403645   -4.25580080490902    3.55726761519592      h
   10.22413569024211    1.31580676442591    2.06881010059720      h
   11.71044284628191   -0.01827041580710    4.89399146386144      h
$periodic 0
$end
