           1           2   1.9061270126017504     
           2           3   1.0862451657215382     
           3           4   1.3645724741233998     
           4           5   1.4440368481429176     
           5           6   1.4530683396399338     
           6           7   1.3534508819966553     
           7           8   1.1162435686897088     
           8           9   1.7406524443197142     
           9          10   1.1397707178930332     
          10          11   1.6992479470455129     
          11          12  0.97958224082938805     
          11          13  0.97367560422652455     
           3          14   1.3971055302938249     
           7          14   1.3784417609377577     
           1          15  0.97801464931684379     
           1          16  0.97268832212766509     
           2          17  0.96415104371918636     
           4          18  0.96897067465533071     
           5          19  0.97019528073728245     
           6          20  0.96855724606356708     
           8          21  0.96091753677400615     
           9          22  0.96068043246424273     
          10          23  0.95834856450121164     
          14          24  0.95958155900965258     
