           1           2   1.8992707940873208     
           2           3   1.0913485567246433     
           3           4   1.3883907299239358     
           4           5   1.3734281762637583     
           5           6   1.0726648212690093     
           6           7   1.9186302940858668     
           5           8   1.3436898269246196     
           8           9   1.2795157117992053     
           3          10   1.3545926350700861     
           9          10   1.4172930889573845     
           9          11   1.0497478516972754     
          11          12   1.8581170448508595     
          11          13  0.87936678645529187     
          13          14   1.7663771692460921     
           8          15   1.0985734934373848     
          13          15   1.1800086709749256     
          14          15  0.16650822475946458     
           1          16  0.97744667151983955     
           1          17  0.97214099989625569     
           2          18  0.96386281032098964     
           4          19  0.96242556547419222     
           6          20  0.96002439043681920     
           7          21  0.97193746125023939     
           7          22  0.97688100344625306     
          10          23  0.96408437625906751     
          15          24  0.92348373257024541     
