           1           2   1.8764203537444257     
           2           3   1.1030600112351969     
           3           4   1.5059573024796733     
           4           5   1.2846123320250014     
           5           6  0.97327915259220088     
           6           7   1.7575463790882404     
           6           8   1.1265788953184785     
           7           8  0.17936574795450971     
           8           9  0.93391444712895377     
           9          10   1.0124195680104755     
           5          11   1.4512236921393407     
          11          12   1.1154250251541398     
          12          13   1.8735895571628678     
           3          14   1.1109247042113450     
          11          14   1.1014046244620292     
           1          15  0.97679803419654010     
           1          16  0.97215669484322476     
           2          17  0.96254989524178491     
           9          18  0.97194565060015625     
           9          19  0.96892508691713641     
          10          20  0.98609195303571862     
          10          21  0.98328008561098745     
          10          22  0.98425451844845446     
          12          23  0.95995771820584808     
          13          24  0.97410669221629298     
          13          25  0.97700776497530406     
