           1           2   1.8957835017834743     
           2           3   1.0953182592040893     
           3           4   1.3645898728869663     
           4           5   1.4711625408672324     
           5           6   1.3729038539916971     
           6           7   1.0890931017682344     
           7           8   1.7359802580065304     
           8           9  0.97815690710995695     
           8          10  0.96957354731722589     
           6          11   1.3316666247013409     
          11          12   1.0264006869378342     
           3          13   1.3662677900839979     
          11          13   1.4511426687615998     
           1          14  0.97811785234549220     
           1          15  0.97252041294007063     
           2          16  0.96419620782888638     
           4          17  0.96793834692337621     
           5          18  0.96794055108456045     
           7          19  0.95002786666020855     
          12          20  0.96764652184738520     
          12          21  0.98378753297525390     
          12          22  0.97403170836536546     
          13          23  0.96221321304924146     
