           1           2   1.8901424920149235     
           2           3   1.1000311411942620     
           3           4   1.3611912059940039     
           4           5   1.4828223557024673     
           5           6   1.3504010618819153     
           6           7   1.1288429943614933     
           7           8   1.7278034286210062     
           8           9   1.1432658807962557     
           9          10   1.6959660387836597     
          10          11  0.97931031954187076     
          10          12  0.97341454526330273     
           6          13   1.3454214287217252     
           3          14   1.3546115970895416     
          13          14   1.4920051407486892     
           1          15  0.97823573347932768     
           1          16  0.97264873187438794     
           2          17  0.96428738662442270     
           4          18  0.96798380543293172     
           5          19  0.96789042629874522     
           7          20  0.96090067070560314     
           8          21  0.96100050961678030     
           9          22  0.95833594132950506     
          13          23  0.96496997409073126     
          14          24  0.96531545405065988     
