           1           2   1.8966045595671983     
           2           3   1.0873308127462338     
           3           4   1.3393365096939831     
           4           5   1.4532580874059278     
           5           6   1.3546016859828356     
           6           7   1.2064991348963214     
           4           8  0.10148347587074942     
           6           8   1.2195087046653612     
           8           9   1.0802134861859409     
           9          10   1.9002292729585264     
           3          11   1.3603502132547667     
           8          11   1.4418530088097405     
           1          12  0.97799641669538773     
           1          13  0.97393960886267672     
           2          14  0.96316177380378887     
           4          15  0.95981389580357612     
           7          16  0.94451580344448194     
           7          17  0.94112177795123808     
           9          18  0.95953037894328064     
          10          19  0.97168759618406841     
          10          20  0.97745432927757969     
