$coord
    2.15876647837922   -0.45723144186276   -0.84432884584205      c
    4.65172296084282   -0.13406026615454   -0.95912925161309      c
    5.84185645439195    2.30019138999828   -1.16796936771555      c
    8.35534293087325    2.62935504983355   -1.30123723537171      c
    9.52331889151754    5.07048267434378   -1.52340627832663      c
   12.00489859417344    5.42047120384179   -1.66878488042072      c
   13.74874299940033    3.61410498589427   -1.62553182528662      f
   13.12048958504787    7.66226367759543   -1.87915165495615      f
    1.31740814509202   -2.30202482377892   -0.69026696750843      h
    0.87591322403010    1.12431988023240   -0.89860393141543      h
    5.90087240142662   -1.75199487102151   -0.89835491693439      h
    4.60252225825225    3.92640969870445   -1.22175876034618      h
    9.60686640628826    1.01457849715672   -1.24821300134830      h
    8.33934196007954    6.72930290506802   -1.58051575662146      h
$periodic 0
$end
