           1           2   1.9076218944517769     
           2           3   1.0922704362480076     
           3           4   1.3059210722927113     
           4           5   1.4927780552209415     
           5           6   1.0237049962650042     
           6           7   1.7583180861057364     
           6           8   1.0941156559502312     
           7           8  0.15974422586755499     
           5           9   1.1141448504931402     
           3          10   1.3947837166073802     
           5          10  0.10863208988786666     
           9          10   1.1378942937612415     
          10          11   1.1184221874564939     
          11          12   1.8668133680021155     
           1          13  0.97751599050595017     
           1          14  0.97318018669086226     
           2          15  0.96081319113740071     
           4          16  0.96972908018452175     
           8          17  0.87269660705510543     
          11          18  0.95864015916645118     
          12          19  0.97360822555677051     
          12          20  0.97781985629978752     
