   -0.08818539
   -0.02947463
    0.00586536
   -0.03885439
   -0.05671534
    0.05766382
    0.03203938
   -0.04507930
   -0.16187670
    0.03278851
   -0.04332842
    0.00610621
   -0.02987372
   -0.08755119
   -0.03983336
   -0.05883667
    0.05582532
   -0.08134415
    0.00352915
   -0.06204052
   -0.05911438
   -0.05833480
   -0.05119418
   -0.10224090
    0.03595145
    0.03692508
    0.03472724
    0.03795349
    0.03440374
    0.04363858
    0.04850583
    0.03285708
    0.03992543
    0.03623828
    0.03382807
    0.03163218
    0.03410404
    0.04975243
    0.03756811
    0.04438232
    0.02945121
    0.04004727
    0.02616258
    0.03248683
    0.03000366
    0.02770950
    0.03586162
    0.03220309
    0.03374122
