           1           2   1.0220746621623682     
           2           3   1.4311288325611742     
           3           4   1.4296150501256175     
           4           5   1.4296083779080300     
           5           6   1.4311414868817365     
           6           7   1.0220776061487795     
           2           8   1.3331557452506873     
           6           8   1.3331509844535623     
           8           9   1.1410128840047520     
           1          10  0.98462996288601279     
           1          11  0.97137890339595945     
           1          12  0.97469867637615115     
           3          13  0.96905355351804290     
           4          14  0.97170821934593499     
           5          15  0.96905347898053873     
           7          16  0.98462753838591244     
           7          17  0.97469745477263148     
           7          18  0.97136410807713114     
           9          19  0.95131238625019976     
           9          20  0.95134253611808106     
