$coord
    1.92246047348546   -0.17289351350540   -0.06027210527017      c
    4.63057821671947   -0.16458880735053   -0.06142563112366      n
    6.21505523879040   -2.19453017156667   -0.06528030285208      c
    8.59454484583941   -1.61680376513632   -0.06565438854405      n
    6.16626004044035    1.92835292639312   -0.05913609598970      c
    8.66544802796961    0.97689754359987   -0.06185022526066      c
   10.69151605563739    2.64636243451102   -0.06044389568717      c
   10.16375354328951    5.19770420462451   -0.05636700817509      c
    7.69082355016215    6.14090694114228   -0.05363665264125      c
    7.22471727896959    8.93857323346180   -0.04915873750853      c
    5.65532363632947    4.49384514360319   -0.05502642567101      c
    1.24754107192141   -2.11699973998074   -0.06240105717053      h
    1.19749526661955    0.79273168080199   -1.73622724426377      h
    1.19895387239985    0.78855493536558    1.61870465982412      h
    5.50921001911220   -4.09754832868499   -0.06772107381187      h
   12.60643177383478    1.95081241981396   -0.06249685874294      h
   11.71017484017420    6.53143005131543   -0.05520688173306      h
    8.99512146275523    9.97910728053275   -0.04879675658659      h
    6.14390281575357    9.48620763179210    1.61568849576016      h
    6.14164805705434    9.49117664840686   -1.71089141034400      h
    3.73938599979807    5.20089674905626   -0.05295884733015      h
$periodic 0
$end
