   -0.08932954
   -0.03067824
    0.01584195
   -0.06450341
    0.01400535
   -0.03110433
   -0.08943117
   -0.01717673
   -0.05650089
   -0.05303776
   -0.05776726
   -0.05728561
   -0.05159972
   -0.10150173
   -0.01576000
   -0.05539526
   -0.05417350
   -0.05529488
   -0.05793382
   -0.05210175
   -0.10145236
    0.03646972
    0.04539095
    0.03920248
    0.03866746
    0.04528004
    0.03657617
    0.03221576
    0.04496173
    0.03342755
    0.02907357
    0.03018437
    0.02912351
    0.02905345
    0.02991485
    0.02950545
    0.02825850
    0.03202265
    0.03249750
    0.03232015
    0.03249791
    0.04189579
    0.03240329
    0.02710946
    0.02535566
    0.03642417
    0.03019587
    0.02585198
    0.02786817
    0.02847828
    0.03423946
    0.03113956
    0.03457518
