           1           2   1.9081383823462434     
           2           3   1.0841418918333023     
           3           4   1.3822965369414602     
           4           5   1.4078600386133855     
           5           6  0.97425255816436929     
           5           7   1.4053183119205011     
           7           8   1.3806896682948937     
           8           9   1.0622757065159045     
           9          10   1.7478460995880216     
          10          11  0.99723202068699712     
          10          12  0.97315725607613934     
           3          13   1.3244748750639073     
           8          13   1.3461318404105629     
          13          14   1.0307130720819726     
          14          15  0.94989773552133649     
          15          16   1.0113186260758200     
           1          17  0.97730318304866259     
           1          18  0.97266838873958983     
           2          19  0.95887983177495262     
           4          20  0.96137620791630185     
           7          21  0.96528374593096677     
           9          22  0.95145199600865804     
          15          23  0.97059589357834553     
          15          24  0.96811196509646724     
          16          25  0.98546662796430584     
          16          26  0.98390137738173178     
          16          27  0.98600116939218141     
