$coord
    2.03687158972252   -0.08166111015885    0.20921173554669      c
    4.85620741261160   -0.07001150850657   -0.02923116307753      c
    6.23088910913643    2.19153606364341   -0.07336451759766      c
    4.99677179078969    4.55302917386505    0.08895407953986      c
    4.03055423745547    6.48974723349812    0.21611046973274      n
    8.86041160364268    2.15080760789855   -0.28331869651782      c
   10.12313874452794   -0.12280087062894   -0.44871022801477      c
    8.79603357950397   -2.39167180494827   -0.41077536800165      c
   10.13880743422793   -4.87546759619914   -0.57973140332619      c
    6.17932098297376   -2.32416870920185   -0.20136475367033      c
    1.27808388779837    1.82723226880768    0.17264416685282      h
    1.48210277204082   -0.97400604677431    1.98102336610998      h
    1.19453917911040   -1.16241307890182   -1.32691877882321      h
    9.88760610390977    3.91469177972696   -0.31522795412466      h
   12.15768973056186   -0.14011322519724   -0.61019886923879      h
   12.15300273542583   -4.60780410184525   -0.87888428839619      h
    9.38199644902088   -5.99774562813542   -2.12982977633322      h
    9.87077926808972   -5.94771776798752    1.15773621367234      h
    5.13757573785660   -4.08181212896177   -0.17150031704713      h
$periodic 0
$end
