           1           2   1.0292453920563742     
           2           3   1.3313388862944378     
           3           4   1.0994082621900920     
           4           5   2.7920201624431464     
           3           6   1.3547943155210922     
           6           7   1.4647143195765222     
           7           8   1.3935332416715296     
           8           9   1.0286149217197231     
           2          10   1.4294327225555408     
           6          10  0.10351770265484558     
           8          10   1.4103475612789824     
           1          11  0.98146341408613480     
           1          12  0.96783115975423695     
           1          13  0.97143260683590504     
           6          14  0.97004599532740998     
           7          15  0.96759236871639198     
           9          16  0.98535305361184400     
           9          17  0.97198410807512758     
           9          18  0.96870824162768987     
          10          19  0.96727526113028317     
