$coord
    0.43587937811773   -5.11672364746971   -0.23669908636128      c
    0.16710175939581   -2.29486178141160   -0.05644621142465      c
    1.46665817325515   -0.94961259567353    1.82817744714147      c
    2.87435524592289   -2.16115920890699    3.76936889251113      c
    4.13137135645211   -0.82000136154278    5.56818279962034      c
    4.08321773908446    1.84087946108681    5.55530305778427      c
    2.73912328171511    3.08544187131709    3.75418818278338      c
    1.38066287996947    1.75318620848310    1.86373246743920      c
   -0.03595344683406    3.05264524692018    0.04818069403680      c
   -0.04263334619296    5.85423871388355    0.03341584973553      c
    1.79610730896276    7.16197014015252   -1.34508369404488      c
    3.61972303207345    5.83505294268465   -2.79712462312282      c
    5.38331032397427    7.08433291263009   -4.18563537055639      c
    5.40822940010353    9.74554333180870   -4.20682730244379      c
    3.70803520635082   11.08197566071481   -2.81505019155814      c
    1.84752122036794    9.86633201682853   -1.30512992469526      c
    0.08401038745043   11.20374893935403    0.16151049737484      c
    0.25582774294622   14.02884904121918    0.40010417949406      c
   -1.85166330164523    9.88561880180833    1.41401921259628      c
   -3.83566403331821   11.12926043271229    2.73091532373078      c
   -5.68341791968146    9.81658228057814    3.94711253367443      c
   -5.67637139933616    7.15519225810716    3.95056424003960      c
   -3.83401688236216    5.88056568056815    2.69310674359527      c
   -1.89684410870651    7.18240870067648    1.37158211870073      c
   -1.45813178270536    1.71586701978144   -1.73600171783254      c
   -2.98574531596647    3.01036774832649   -3.52082576134079      c
   -4.42034803108881    1.72951917078662   -5.22402996852164      c
   -4.40946564470034   -0.93177675653722   -5.22733132814830      c
   -2.93960926367765   -2.23737688295924   -3.56872564457050      c
   -1.38204700582185   -0.98745776732683   -1.77166947855239      c
    2.29437350248308   -5.71884267454477    0.39361989373943      h
    0.21553877767706   -5.75560162415548   -2.17494551694485      h
   -0.98148824076532   -6.06205937919984    0.92470014396124      h
    2.91445460416199   -4.19685969824695    3.85660357519556      h
    5.17257552259117   -1.79273726171518    7.03061515036169      h
    5.10406214896438    2.87243826666605    6.99007881166599      h
    2.66407537081879    5.12529044043791    3.73841387345808      h
    3.56018365712452    3.79478603594866   -2.78842719494461      h
    6.75744012408243    6.05644995760216   -5.29050489142384      h
    6.79069982133036   10.72226155542780   -5.34789275493926      h
    3.75377371239169   13.11730742216145   -2.90456727703246      h
    2.18851173563704   14.67632547375535    0.17258547573292      h
   -0.37673726113635   14.64526158439717    2.25359385205527      h
   -0.91067987715144   14.95451109939964   -1.02467098211640      h
   -3.91424818233012   13.16568545045964    2.73098120027735      h
   -7.17947219337217   10.81233544710730    4.91626915008481      h
   -7.14775944067373    6.14663377802835    4.94242352140496      h
   -3.82017453579176    3.83969881510059    2.66034116995892      h
   -2.99671219502245    5.05108610898290   -3.48044111985360      h
   -5.58464700620279    2.73275154497759   -6.56701573835480      h
   -5.58905236768189   -1.93339917308127   -6.55937663189377      h
   -3.00321191209249   -4.27421496284034   -3.59464253028474      h
$periodic 0
$end
