           1           2   1.9137715184572150     
           2           3   1.0774636064542191     
           3           4   1.3787020455193844     
           4           5   1.4048391937929661     
           5           6  0.97734889516159740     
           5           7   1.4105303367111386     
           7           8   1.3705689352216259     
           8           9   1.0995878490115185     
           9          10   1.7286686888492917     
          10          11  0.98191002831093499     
          10          12  0.97746163307764189     
           3          13   1.3407685256253821     
           8          13   1.3293003491393292     
          13          14   1.0218909139661787     
          14          15  0.94345156541174058     
          15          16   1.0170708656835845     
           1          17  0.97725612418809149     
           1          18  0.97338159770214461     
           2          19  0.95827776155791122     
           4          20  0.96228589026584299     
           7          21  0.96239627325427235     
           9          22  0.94776871354657755     
          15          23  0.97125552373109458     
          15          24  0.96853115040263760     
          16          25  0.98528264950904354     
          16          26  0.98350326516641540     
          16          27  0.98538582900244620     
