           1           2   1.0228163062382660     
           2           3   1.3923986003271080     
           3           4   1.4448232325019992     
           2           5  0.10888882836818382     
           4           5   1.4448214864383448     
           3           6  0.10888899020280388     
           5           6   1.3924005302381595     
           6           7   1.0228163671861898     
           2           8   1.4129272887127549     
           6           8   1.4129251231050834     
           1           9  0.98650257382614737     
           1          10  0.96873747805976096     
           1          11  0.96879716763079049     
           3          12  0.96933945842594782     
           4          13  0.97030823811510525     
           5          14  0.96933945990654435     
           7          15  0.98650261889247770     
           7          16  0.96875780901219688     
           7          17  0.96877676756330600     
