$coord
    3.07959715490870    0.69334670307353    1.81221466064188      c
    4.88018152402582    0.27215566575137    0.11601513544091      c
    5.78237689379232    2.02886921231080   -1.80297092943586      c
    4.70061729550803    4.39984621672116   -2.21168490307156      c
    5.65668527014172    5.97846643436964   -4.05275930519843      c
    7.69445381960367    5.27619595307741   -5.55953350018054      c
    8.65807808394697    7.00794921061583   -7.51875833043212      c
    8.81783442376548    6.22221499643025  -10.02193961324013      c
    9.70596087887283    7.80641612704193  -11.89272998162302      c
   10.48061596219874   10.26176383769881  -11.31360452000024      c
   11.41033482465262   11.87782812495276  -13.34015189898988      c
   12.00985494294541   14.30929857056626  -13.17722173466705      c
   10.34066213086146   11.05019005436156   -8.80951451488365      c
    9.43480342798048    9.47738692056608   -6.90770758504094      c
    9.24582211108314   10.37962726517909   -4.46670246255578      n
    8.79727907329762    2.88809774368433   -5.17529197713057      c
   10.76803094076203    2.05590563148974   -6.66846908259784      n
    7.82440253835508    1.32007098118998   -3.30213877151276      c
    2.54350540839552   -0.73151386937438    3.16222627364003      h
    2.07191199399175    2.45644377852388    1.93439476652201      h
    5.82454541055237   -1.54577435165178    0.11196057252796      h
    3.10403911365145    5.00852753822393   -1.10214634630440      h
    4.79282856672014    7.80056740468994   -4.37448383736609      h
    8.19752560501097    4.33527208786728  -10.49488931310329      h
    9.79347977599921    7.14729896382169  -13.82294507596855      h
   11.58750275819112   10.93874461084055  -15.15177641813826      h
   11.85673776914441   15.37018370969417  -11.44776924026893      h
   12.67550583649576   15.34619538494953  -14.79645421742356      h
   10.95213520278369   12.92795911171234   -8.29417269567170      h
   10.33263872826908   11.88260729911166   -4.04236975881900      h
    9.10633278990145    9.06817331883357   -3.09273852069639      h
   11.74413665843564    3.40016375512669   -7.59987411561377      h
   11.82081050587327    0.64057742269299   -5.95488381242147      h
    8.69603064157432   -0.50725190616768   -3.01236297487639      h
$periodic 0
$end
