           1           2   1.8903685847336513     
           2           3   1.0999018858968077     
           3           4   1.3574536511946054     
           4           5   1.4115270118108743     
           5           6   1.0660412522039420     
           6           7  0.98466844845341961     
           5           8   1.2754171144002844     
           8           9   1.1025060858634885     
           9          10   1.8881140917054586     
           8          11   1.3865382854310944     
           3          12   1.3279448646134009     
          11          12   1.4201018911813141     
          12          13  0.95055454097695569     
           1          14  0.97804081170544421     
           1          15  0.97256590807773557     
           2          16  0.96336963801642594     
           4          17  0.95846627214133173     
           7          18  0.97894560100096173     
           7          19  0.97594662831790424     
           7          20  0.97599306590774926     
           9          21  0.96127854658597700     
          10          22  0.97253306311195387     
          10          23  0.97808773815053640     
          11          24  0.96061720808171902     
