           1           2  0.98796792314555482     
           2           3   1.0585523696182475     
           3           4   1.3110841253186445     
           4           5   1.5021153287887312     
           3           6   1.4028903026182613     
           6           7   1.3530208131411525     
           5           8   1.3478393404509532     
           7           8   1.2701728869908229     
           8           9   1.1439740897751951     
           9          10   1.3668356918363209     
          10          11   1.4696575292706977     
          11          12   1.4009465897919027     
          10          13  0.10589904907321827     
          12          13   1.4616883358793002     
           9          14   1.2640377651533754     
          13          14   1.3672952491912460     
           7          15   1.1209961299605373     
          14          15   1.1089998133416066     
          15          16   1.0544492279275282     
          16          17   1.3649068904949009     
          17          18   1.4736845494998623     
          18          19   1.3604341598426894     
          19          20   1.1021573769060111     
          20          21   1.7227715729323327     
          21          22  0.97979318737947230     
          21          23  0.97402366232583570     
          19          24   1.3624235705625423     
          16          25   1.3662166844635137     
          24          25   1.4730084055017909     
           1          26  0.97958731905718144     
           1          27  0.97628006068184436     
           1          28  0.97628968449259723     
           4          29  0.96823616430913950     
           5          30  0.96827638316324727     
           6          31  0.96098357173399895     
          10          32  0.96916440932627057     
          11          33  0.97155486823963422     
          12          34  0.97180486847198633     
          13          35  0.96629003527946433     
          17          36  0.96708129169782109     
          18          37  0.96790789506284769     
          20          38  0.95433480242094360     
          24          39  0.96672220185344815     
          25          40  0.96687498979777220     
