           1           2   1.8964536330107360     
           2           3   1.0939095108216996     
           3           4   1.2678616325859016     
           4           5   1.5770067851823346     
           5           6   1.2666845256934400     
           6           7   1.3018557713555390     
           7           8   1.4732316641633469     
           8           9   1.0963542384216520     
           9          10   1.8937835527480100     
           8          11   1.2630073663107573     
           7          12  0.10393864773249095     
          11          12   1.5841112989948740     
           6          13   1.2387659467002350     
          12          13   1.2615595715253070     
           3          14   1.4703169288201408     
           5          14  0.10590525377602125     
          13          14   1.3069352630286821     
           1          15  0.97837382493794633     
           1          16  0.97306524648029780     
           2          17  0.96453117899699536     
           4          18  0.96820040595651635     
           5          19  0.96807915150893065     
           7          20  0.96585134362460645     
           9          21  0.96441101696735099     
          10          22  0.97245603654082780     
          10          23  0.97838639033064112     
          11          24  0.96520167151165570     
          12          25  0.96801576699192737     
          14          26  0.96318036959992115     
