   -0.19446342
    0.31107271
   -0.18717333
   -0.08219480
    0.01798068
   -0.03466542
   -0.04182465
    0.06717590
   -0.04172958
    0.04623558
   -0.01590724
   -0.03236784
   -0.03988983
   -0.03282139
   -0.05073149
    0.04620058
   -0.01584789
   -0.03235286
   -0.03999395
   -0.03304558
   -0.05085689
   -0.04252131
   -0.03325699
    0.07969291
    0.05574695
    0.04800094
    0.03231894
    0.02969451
    0.03079197
    0.02843724
    0.03236938
    0.02954331
    0.03024788
    0.02756809
    0.04642019
    0.04214670
