           1           2  0.97393053407796537     
           2           3  0.97965269718406867     
           2           4   1.7232452954875410     
           4           5   1.1019146280566205     
           5           6   1.3626022233119854     
           6           7   1.4727482214481431     
           7           8   1.3665757702535952     
           8           9   1.0531951527514056     
           9          10   1.1159288730354167     
          10          11   1.2647900129784060     
          11          12   1.3670521591530835     
          12          13   1.4716279594290909     
          13          14   1.3982271820159491     
          10          15   1.3620260819057843     
          12          15  0.10681623955826383     
          14          15   1.4663525270402658     
           9          16   1.1163821950339146     
          11          17   1.1417778188741288     
          16          17   1.2644615158719894     
          17          18   1.3672910007223875     
          18          19   1.4714069144821988     
          19          20   1.3983141437906348     
          16          21   1.3619495831359461     
          18          21  0.10671537558837568     
          20          21   1.4662179282455750     
           8          22   1.3658837171264810     
           5          23   1.3609288531911325     
          22          23   1.4731571885631127     
           4          24  0.95426594429163047     
           6          25  0.96674249680657331     
           7          26  0.96691182712703494     
          12          27  0.96907032049482444     
          13          28  0.97153526120848344     
          14          29  0.97172899958476300     
          15          30  0.96626055912721953     
          18          31  0.96906711284941227     
          19          32  0.97154729452702226     
          20          33  0.97176286669510137     
          21          34  0.96632175454369729     
          22          35  0.96699080533507831     
          23          36  0.96783248801000377     
