           1           2   1.9042340107667626     
           2           3   1.0875819961970625     
           3           4   1.3957351847909407     
           4           5   1.3780512402722638     
           5           6   1.0825450869160460     
           6           7   1.9100661713701403     
           5           8   1.3893302868688200     
           8           9   1.3630711127150956     
           9          10   1.0446315715022152     
          10          11  0.96978567807016047     
          11          12   1.0002340317947234     
          12          13   1.0078228492426047     
          13          14   1.0079368046912653     
          14          15   1.0071275249386547     
          15          16  0.99066362746021563     
          16          17  0.96878306024076088     
          17          18   1.7960237098168728     
          17          19   1.1180394756957721     
          18          19  0.16223798401643086     
           3          20   1.3635856067939260     
           9          20   1.3870400968399779     
           1          21  0.97839576987879773     
           1          22  0.97292727117005118     
           2          23  0.96440098794341600     
           4          24  0.96119787961549752     
           6          25  0.96123443227673799     
           7          26  0.97325549312791937     
           7          27  0.97822771591491420     
           8          28  0.96318329081536325     
          11          29  0.96869519291056050     
          11          30  0.96800400250449226     
          12          31  0.97411459843295112     
          12          32  0.97598478493403529     
          13          33  0.97665661321119412     
          13          34  0.97794425804922280     
          14          35  0.97387180156426179     
          14          36  0.97365447952571116     
          15          37  0.97378337856975650     
          15          38  0.97520293785880974     
          16          39  0.95878946582870284     
          16          40  0.97412767992569071     
          19          41  0.87163455271315016     
          20          42  0.96501515178517727     
