    0.03458367
   -0.26508147
    0.35681406
   -0.03265305
    0.06962700
   -0.05890271
    0.07422772
   -0.04259407
   -0.02395789
    0.48529432
   -0.21036578
   -0.21090119
   -0.20481058
   -0.03478530
   -0.02375949
   -0.04308794
    0.06525970
   -0.04534754
   -0.03096885
    0.01582203
   -0.08268315
    0.31141392
   -0.18565352
   -0.19440716
   -0.03547240
   -0.04558713
   -0.04331937
   -0.02200426
   -0.03072584
   -0.01911059
   -0.40674313
    0.05872846
    0.06721987
    0.06914975
    0.05636324
    0.06030009
    0.05335150
    0.05060500
    0.04057756
    0.05981275
    0.07886634
    0.04124636
    0.04062231
    0.04395777
    0.04962312
    0.04998521
    0.05947065
