           1           2   1.0051244407025963     
           2           3  0.99633905609708606     
           3           4   1.1492707993434763     
           4           5   1.2532059713633898     
           5           6   1.3665745529631068     
           6           7   1.4731640942230062     
           7           8   1.3943651405187130     
           4           9   1.3529405626324753     
           6           9  0.10631891634582767     
           8           9   1.4706888997097833     
           3          10   1.1428695356053478     
           5          11   1.1507428565746769     
          10          11   1.2588055521500081     
          11          12   1.3619170041726556     
          12          13   1.4526804953855530     
          13          14   1.0225884508629908     
          13          15   1.3638772693278702     
          10          16   1.3494748458550356     
          12          16  0.10398979210785698     
          15          16   1.4785963118438032     
           1          17  0.98535225793536507     
           1          18  0.98714880962354612     
           1          19  0.98696077042543340     
           2          20  0.96935825983348045     
           2          21  0.96927119849031818     
           6          22  0.96935962719040414     
           7          23  0.97190068685211284     
           8          24  0.97216263351373466     
           9          25  0.96681536648721234     
          12          26  0.96704971929671379     
          14          27  0.98632564023129854     
          14          28  0.97512126964270363     
          14          29  0.97453319000166116     
          15          30  0.97083987412452677     
          16          31  0.96634245063307633     
