           1           2   1.9042582382122557     
           2           3   1.0871129342398755     
           3           4   1.3755222734524508     
           4           5   1.4274942747384289     
           5           6  0.97225444934935967     
           6           7   1.7823768092922379     
           6           8   1.1122013910094624     
           7           8  0.16391492641429556     
           5           9   1.3280257336282244     
           9          10   1.0769349948006355     
          10          11   1.9099358025677213     
           9          12   1.3809375868739142     
           3          13   1.3263839482376185     
          12          13   1.4228256533277071     
          13          14  0.97525949536451140     
          14          15   1.7819092616235501     
          14          16   1.1145365650978403     
          15          16  0.16547812365963033     
           1          17  0.97673919388644703     
           1          18  0.97208451802647977     
           2          19  0.95573339354426023     
           4          20  0.96071342611970179     
           8          21  0.87222384261064367     
          10          22  0.95963856809491799     
          11          23  0.97051262486101086     
          11          24  0.97579803911991769     
          12          25  0.96314404487450600     
          16          26  0.87142351742339141     
