$coord
    8.34618114279179   -1.15126693445228   -1.15731637898034      c
    5.33763390235353   -0.11708605567746    0.18933749013292      s
    6.38156055645575    2.42975892404966    2.13820895100543      c
    5.55852367745536    4.83470506905740    1.50880363526422      c
    6.31409442293917    6.86517358555946    2.96088011203837      c
    5.48981654335232    9.19627745358764    2.30705591808037      f
    7.89141603466558    6.58681936789718    5.03994983935489      c
    8.72420013486507    8.80021183969493    6.59255695465945      c
    8.65752717983206    4.14684048207599    5.63010585379933      c
    7.92345073937611    2.04562341725908    4.24183297889421      c
    8.77475089191519   -0.53672437026453    5.01703842528629      c
    7.97570312092399   -1.64169674355136   -3.11270966662260      h
    9.05513086511175   -2.78847499261998   -0.14634560763172      h
    9.68024978529481    0.40055888574862   -1.06298031698176      h
    4.33968575671271    5.12427229121009   -0.09804382693513      h
    7.89911003143291   10.54086499792216    5.88291033758598      h
   10.77480492153249    8.97164464484697    6.54371189962669      h
    8.15582258622553    8.54727829692893    8.55406830547115      h
    9.86319774179695    3.87543289304898    7.25638053396407      h
    9.08899840162760   -0.60788668695188    7.04601727705443      h
   10.54384819714268   -1.02660031597751    4.08060000775133      h
    7.36136796384790   -1.94052970554374    4.50761024272157      h
$periodic 0
$end
