           1           2   1.9136525967448881     
           2           3   1.0778995968865848     
           3           4   1.3683888080516184     
           4           5   1.4826478060801871     
           5           6   1.3284003185585505     
           6           7   1.0713212455359242     
           7           8  0.98273188257394073     
           6           9   1.3827752314176649     
           3          10   1.3295846755951248     
           9          10   1.3830359618697645     
          10          11   1.0832560237104440     
          11          12   1.7414108793748104     
          12          13  0.97598016828143674     
          12          14  0.97148039195955127     
           1          15  0.97791480049186985     
           1          16  0.97440403321631097     
           2          17  0.95996314059829901     
           4          18  0.96593245524042548     
           5          19  0.96732510177361530     
           8          20  0.97947210930747663     
           8          21  0.97632810346087040     
           8          22  0.97629049679671276     
           9          23  0.96259412441802528     
          11          24  0.95047474442402990     
