           1           2   1.8556661358326445     
           2           3   1.1434819523978303     
           3           4   1.4927207729068113     
           4           5   1.3376805051375793     
           5           6   1.4776782410595932     
           6           7   1.1695798279282674     
           7           8   1.4776783421399902     
           8           9   1.3376803724704796     
           9          10   1.4927203273964951     
          10          11   1.1434836982517376     
          11          12   1.8556642399879675     
           7          13   1.1266266068335473     
          10          13   1.1305577523413197     
           3          14   1.1305581685099138     
           6          14   1.1266268239619062     
           1          15  0.97828226218351699     
           1          16  0.97185235211975229     
           2          17  0.95828374680152217     
           4          18  0.96445179618330634     
           5          19  0.96162637358833647     
           8          20  0.96162642236902995     
           9          21  0.96445179768464495     
          11          22  0.95828393473831619     
          12          23  0.97185233370717961     
          12          24  0.97828237208941493     
