           1           2   1.9315968701490793     
           2           3   1.0635500861382601     
           3           4   1.3649122126726074     
           4           5   1.4853412368878693     
           5           6   1.3302714452031208     
           6           7   1.0671305227349250     
           7           8  0.98451282335337575     
           6           9   1.3846532280368813     
           3          10   1.3515844868233826     
           9          10   1.3841658713327472     
          10          11   1.0547014093060345     
          11          12   1.7626379784796684     
          12          13  0.98134156891907331     
          12          14  0.97038062410676995     
           1          15  0.97708304755768005     
           1          16  0.97581506813328334     
           2          17  0.95862462557171102     
           4          18  0.96804917705037274     
           5          19  0.96718405970809429     
           8          20  0.97941410055636768     
           8          21  0.97662653882206751     
           8          22  0.97633675124253361     
           9          23  0.96404282719111289     
          11          24  0.95167932575156700     
