           1           2   1.0236246380966896     
           2           3   1.4654244002452357     
           3           4   1.3767578842286947     
           4           5   1.0254092809252231     
           4           6   1.3621518328905342     
           6           7  0.95559616502498834     
           6           8   1.4065726139617976     
           2           9   1.2718291283536904     
           8           9   1.3330173295258909     
           9          10   1.2162802679334739     
           1          11  0.98419740663598621     
           1          12  0.97267087492460591     
           1          13  0.97262053822308825     
           3          14  0.96570513358373644     
           5          15  0.98577741084976689     
           5          16  0.97215381844573656     
           5          17  0.97211621298835693     
          10          18  0.94647750187130752     
          10          19  0.94882680529670804     
