$coord
    5.73071470502196    2.31105867689174    0.03525223221746      c
    5.29419275358035   -0.08188283040868   -0.57304744470345      c
    6.07060110974665   -2.19281949992841    1.02174490778216      c
    7.84882102265419   -1.70677542049716    2.73224776590318      n
    8.76657393506500   -3.54707369199089    4.12655697277703      c
    8.02630546176739   -6.05190185043307    3.86784003364551      c
    6.15045134696363   -6.59164792981282    2.13284225235885      c
    5.08319426519223   -4.64803258497066    0.71054684718515      c
    3.01141337679825   -5.26481312736090   -1.01058345840714      c
    0.88247479521781   -3.97687753353923   -1.23955685366096      c
    0.22034949929309   -1.91847920948744    0.02736099362242      f
   -0.98383223137340   -4.62904253950889   -2.79593592007832      f
    5.17788968134316    3.84721315686175   -1.17680696281684      h
    6.65091560303011    2.77614704145493    1.78778979422794      h
    4.35848306617939   -0.56312280633467   -2.32444667210005      h
   10.18297251497598   -2.99432701434465    5.49451775033694      h
    8.87508894287656   -7.52137510076296    4.99615028953014      h
    5.47218418576058   -8.50380326281936    1.89447346475257      h
    3.17269086077905   -6.97703301145154   -2.11023369242669      h
$periodic 0
$end
