           1           2   1.9028105121172614     
           2           3   1.0891982864870360     
           3           4   1.3621249473944301     
           4           5   1.4329682510469679     
           5           6   1.0282771174734036     
           5           7   1.3553083461846271     
           7           8  0.96289609364884166     
           7           9   1.3487910239121874     
           9          10   1.0690335435647316     
          10          11   1.7473303392317308     
          11          12  0.99471608539212164     
          11          13  0.97428568257114401     
           3          14   1.3918394770295757     
           9          14   1.3843980632912891     
           1          15  0.97766628617926876     
           1          16  0.97235702521246137     
           2          17  0.96391485162018675     
           4          18  0.96244844548499964     
           6          19  0.98537370881332387     
           6          20  0.96913809914736060     
           6          21  0.96806096109712592     
          10          22  0.95215783014340705     
          14          23  0.96636311749918702     
