           1           2   1.9228359045027859     
           2           3   1.0693237691902402     
           3           4   1.3865500229287089     
           4           5   1.4525090136536061     
           3           6  0.10111603855274379     
           5           6   1.4261835144831225     
           4           7  0.10452291664004039     
           6           7   1.4433264606251270     
           3           8   1.3430112402517511     
           5           8  0.10219409510999669     
           7           8   1.4039744017113776     
           8           9   1.0288470319191321     
           9          10   1.4068379197816583     
          10          11   1.4411889432880949     
           9          12  0.10199038836081879     
          11          12   1.4268823578932637     
          10          13  0.10341592106556685     
          12          13   1.4515031913175331     
           9          14   1.3370016588319003     
          11          14  0.10028858467221878     
          13          14   1.3877291811724193     
          14          15   1.0772812311741524     
          15          16   1.9150545953231140     
           1          17  0.97755837754585384     
           1          18  0.97363018781511412     
           2          19  0.96076059053115637     
           4          20  0.96905968429608658     
           5          21  0.97088262790595281     
           6          22  0.97079267218272269     
           7          23  0.96935856692529920     
          10          24  0.96954336560192422     
          11          25  0.97092722292881239     
          12          26  0.97100290961710589     
          13          27  0.96691409473319601     
          15          28  0.96005989257847724     
          16          29  0.97443730269217022     
          16          30  0.97827430172202690     
