$coord
    2.19961455000775    0.59303496912719    1.05283075134193      c
    4.21281223108640   -0.07005899093133   -0.28227905424851      c
    5.57441143286713   -2.47376306240196   -0.13976542951460      c
    8.20127995722674   -2.37766623858321   -0.31168659586580      c
    9.73272789852102   -4.49323784236136   -0.14476223079252      c
   12.53840232165238   -4.16935878345531   -0.37608236485434      c
    8.57391099376614   -6.85475260339285    0.14763548792877      c
    9.93751522621737   -9.25375513898171    0.34249323161938      c
   12.04821749894273   -9.67724737510141    1.62315807224265      c
    5.94242119426401   -6.96233665802924    0.19474195470964      c
    4.41328312240095   -4.84105455334042    0.08981477511544      c
    1.60054720588217   -5.18290743973618    0.13316342542781      c
    1.35909234430199    2.43630595691154    0.85197231431010      h
    1.34728714837229   -0.63387090148508    2.43095398268837      h
    5.04906863177950    1.29717620694972   -1.55947397960417      h
    9.08583025934211   -0.55037991523827   -0.55830007719706      h
   12.96883019921975   -2.51548755009058   -1.52128277141680      h
   13.40573545226055   -5.82222785775337   -1.23524587749706      h
   13.38829516471069   -3.88515588040513    1.47860414093747      h
    9.01928387924851  -10.82377674032853   -0.60169768963148      h
   12.99298946833059   -8.22569705038062    2.68711051392750      h
   12.88627415802784  -11.53109079768243    1.69572297338642      h
    5.05439922210342   -8.79781837729332    0.35175832909777      h
    1.09711563094826   -7.01238962538583   -0.66100722819425      h
    0.65884985350326   -3.70588225370112   -0.94036019989641      h
    0.89543748677004   -5.12501754451232    2.06779040812896      h
$periodic 0
$end
