$coord
    7.22014376473241   -6.19154255648580    0.57746359577683      c
    4.54508384928173   -6.90977845571407    1.39478387246384      c
    4.56171972899799   -9.41010065927960    2.84310388147007      c
    3.59234134683537   -5.10751868447629    3.22217639997419      o
    3.34644961358022   -2.66789988679422    2.61532873006897      c
    2.47403199497725   -1.30694464146176    4.66037544759401      n
    2.37021018278320   -2.33492432458250    7.11568288016496      c
    4.41131498639759   -3.63314944397740    8.15001612998678      c
    4.27407756979400   -4.61309147726042   10.56072073102152      c
    2.09949295407538   -4.30242653751928   12.02452313788693      c
    1.83087612006608   -5.28449399036966   14.57404537285620      c
    3.43906316417098   -6.69273905023481   15.87926077510915      c
    5.69036394753917   -7.54169004202134   15.16304762169547      f
    2.97621714212429   -7.49554309803280   18.22042736094294      f
    0.07649187585562   -2.96158460830894   10.98369430138412      c
    0.20177534642488   -1.99484233200475    8.56891503394517      c
    1.64872480277337    1.21788027270441    4.33121820028175      c
    0.19309602850149    1.91367118207012    2.25987049550192      c
   -0.58554138306558    4.39478820551962    1.99441012038701      c
    0.05257231680663    6.18633571643597    3.79068432585703      c
    1.49031886614693    5.48873669602160    5.86309921181523      c
    2.29538756175196    3.01925257533404    6.13457689014601      c
    3.77616791950801   -1.73177307690743    0.58356179943155      o
    2.77154158821701   -7.06420503650280   -0.87875330798423      c
    8.44249861745793   -6.01827256182172    2.22193535409841      h
    7.20181143244423   -4.40241698619226   -0.43013070554728      h
    7.97657077825320   -7.64533046930547   -0.65884885834082      h
    5.76361279184612   -9.25748115523789    4.50140353052597      h
    5.26491056572174  -10.91458224201934    1.63804459592659      h
    2.66026875760476   -9.87574700126181    3.46355664198800      h
    6.11594864403629   -3.86546030689596    7.05719082800622      h
    5.88625287393794   -5.60483513588612   11.31126462893173      h
    0.09254544132301   -4.83167741465453   15.54616150451292      h
   -1.62104709759970   -2.69037156349142   12.08414202768201      h
   -1.37880479679872   -0.96708834268141    7.78792534098537      h
   -0.30916797338694    0.52345923446013    0.85849922031856      h
   -1.71022271511989    4.92608505751572    0.37707687378792      h
   -0.56564725006080    8.11862362011160    3.57644889648245      h
    2.00235201174548    6.87520432591714    7.27018776499013      h
    3.42911974064293    2.47362404218470    7.74204627267232      h
    3.40489292253459   -8.54770945065194   -2.14852516540257      h
    2.75843735388277   -5.27872637583238   -1.89241453586992      h
    0.86016789220721   -7.49204129168883   -0.25300602691377      h
$periodic 0
$end
