           1           2   1.9124334259504776     
           2           3   1.0804067469256582     
           3           4   1.3841524292117671     
           4           5   1.4512680122653872     
           5           6   1.3809084936051210     
           6           7  0.97908895244879601     
           6           8   1.3505400884162528     
           8           9  0.98045748391781595     
           3          10   1.3272086034126831     
           8          10   1.3487307908603468     
          10          11   1.0703674329201889     
          11          12   1.7441712803276792     
          12          13  0.99608563817914464     
          12          14  0.97889229342808826     
           1          15  0.97594590348060317     
           1          16  0.97111054590706547     
           2          17  0.95848560746037947     
           4          18  0.96637999082482906     
           5          19  0.96432611744206798     
          11          20  0.94533161142485611     
