$coord
    2.94914590632691    0.81027201864687   -1.40961676473212      c
    4.97431617274375    0.20064738253313   -0.05764943234117      c
    6.11510894352260   -2.28729150227782    0.23560826995690      c
    8.30787708033021   -2.50380885175611    1.67501724769236      c
    9.57763951483451   -4.77363956337642    2.06322781065612      c
   11.67038902069476   -4.55957998967812    3.55764492738396      o
   12.52569921261489   -6.61605044877074    5.02304158448891      c
    8.65668346682747   -6.99238087462914    0.93762378315592      c
    9.94754180855999   -9.44337915263254    1.02903314653179      c
    8.77962540924851  -11.64394322267181    1.28739385122725      c
    6.42407949284777   -6.80883909515707   -0.45048822925553      c
    5.19483550189859   -4.54188856808604   -0.78715146826335      c
    3.05411772530833   -4.58488269752024   -2.18528020986065      f
    2.29166457779894    2.73531150815036   -1.48006000047598      h
    1.87662616785612   -0.53724066419966   -2.48393863252336      h
    5.95905369902589    1.67336066749783    0.96880042419566      h
    9.10047832599331   -0.84129474483135    2.55175349554721      h
   13.22939202077004   -5.80862196294511    6.78619490153979      h
   14.07797924410819   -7.60696545593350    4.08901660237294      h
   11.00805899598619   -7.94770041603593    5.44073871058029      h
   11.97682861151066   -9.39309829364931    0.79137933392784      h
    6.76590190192382  -11.76802780424357    1.55891849426486      h
    9.80081050487521  -13.40302836356432    1.27104821352827      h
    5.66501854349615   -8.47320791208949   -1.35084098669806      h
$periodic 0
$end
