           1           2   1.8954569883939931     
           2           3   1.0953993194480227     
           3           4   1.3603540684076703     
           4           5   1.4773422667207312     
           5           6   1.3701134964630968     
           6           7   1.0791854155161871     
           7           8   1.9130009517524351     
           6           9   1.3456097877774944     
           9          10   1.0136565252511085     
          10          11   1.0023429328530329     
           3          12   1.3727988087380305     
           9          12   1.4411135797049015     
           1          13  0.97851044773619911     
           1          14  0.97303149329837524     
           2          15  0.96455040820273430     
           4          16  0.96558067154912830     
           5          17  0.96717505448395480     
           7          18  0.95621821481464275     
           8          19  0.97483467677364644     
           8          20  0.97845656181267127     
          10          21  0.96472981810572089     
          10          22  0.97599635359934567     
          11          23  0.98548804037563154     
          11          24  0.98665202923995077     
          11          25  0.98879776496113581     
          12          26  0.96536273518518012     
