           1           2   1.9172927059873548     
           2           3   1.0751653810422424     
           3           4   1.3823607823193227     
           4           5   1.4531970443042121     
           5           6   1.4219357240571691     
           6           7   1.4105052441167396     
           7           8  0.99844476788011183     
           8           9  0.97461995702362691     
           3          10   1.3359454368954364     
           7          10   1.3415705169100831     
          10          11   1.0769211784033341     
          11          12   1.9137953636390497     
           1          13  0.97811431443097985     
           1          14  0.97479295251713594     
           2          15  0.95606522173831920     
           4          16  0.96695313587856657     
           5          17  0.97000378609149063     
           6          18  0.96796034974935485     
           9          19  0.98009724651901808     
           9          20  0.97650515054585441     
           9          21  0.97968441596364741     
          11          22  0.95725757005000212     
          12          23  0.97292806020230327     
          12          24  0.97759103894737187     
