$coord
    1.89089886634887   -0.31827155880677   -0.23309180892107      c
    4.70793086700296   -0.11764996312322    0.01931092596196      c
    6.08087678553598    2.12425567172166    0.20635109093409      c
    4.90171698048032    4.70523022549119    0.17870211865922      c
    8.70360850605152    2.00900492532657    0.43362705689689      c
    9.98988115236266   -0.25814094340488    0.47894293653602      c
    8.65863293587792   -2.50297046181719    0.29439834990893      c
    6.06800682081724   -2.37361324294155    0.07084797871953      c
    4.75852331606562   -4.56811007429944   -0.10999868743274      f
    0.95983862979234    1.50570495837626   -0.25063249604775      h
    1.13426940666897   -1.42669392484239    1.32881098057912      h
    1.42172529953901   -1.31202410801692   -1.97466831063705      h
    2.86245570421064    4.65231469689426   -0.00691805756192      h
    5.66343367525512    5.79981435248314   -1.38943572095830      h
    5.36506358402544    5.69934840168942    1.92068690681132      h
    9.74578993954042    3.75885303872954    0.57757251965864      h
   12.02114337912139   -0.28783635482322    0.65678030230452      h
    9.58675743433758   -4.31655794733647    0.32130908430560      h
$periodic 0
$end
