           1           2   1.9028543066323491     
           2           3   1.0889384674660052     
           3           4   1.3858050009829639     
           4           5   1.3923502370552368     
           5           6   1.0893510626972516     
           6           7   1.9027200993021245     
           5           8   1.3566236136112304     
           8           9   1.4387386610314215     
           9          10  0.75177074177690972     
          10          11  0.78778919884935672     
          10          12   1.6602381348796678     
          10          13   1.6603294916356643     
          12          13  0.11300367901174296     
           3          14   1.3655473742935056     
           9          14   1.4256971716082609     
           1          15  0.97720798586298441     
           1          16  0.97159307173487353     
           2          17  0.96363480181025740     
           4          18  0.96493472112012713     
           6          19  0.96347083763626717     
           7          20  0.97232940429511405     
           7          21  0.97736221741313267     
           8          22  0.95970554213920900     
          11          23  0.98170030788060503     
          11          24  0.98165504704405626     
          11          25  0.97269648973154632     
          14          26  0.95880906227308260     
