           1           2   1.8691199361895658     
           2           3   1.1208923308360697     
           3           4   1.1599887832753493     
           4           5   1.2343088180312884     
           5           6   1.2023197655072244     
           6           7   1.5944556102929295     
           6           8  0.10939047456158499     
           7           8   1.2486605324594489     
           8           9   1.0585858230932350     
           8          10  0.13443093879373982     
           9          10   1.6644491193533275     
           5          11   1.2975170861024667     
           9          11   1.1225537247952344     
           3          12   1.4131456832041398     
          11          12   1.2354549393326608     
          12          13   1.1058019759699322     
          13          14   1.8915204435938362     
           1          15  0.97832981175538636     
           1          16  0.97234083415858830     
           2          17  0.96015103240520216     
           4          18  0.93620748694203215     
           7          19  0.95554983262691195     
           8          20  0.93135768968802291     
          13          21  0.95634194261822647     
          14          22  0.96678379081604338     
          14          23  0.97847073208854318     
