           1           2   1.9046727282627021     
           2           3   1.0801526198274227     
           3           4   1.2606944166363794     
           4           5   1.4891011289677478     
           5           6   1.0948295164103243     
           6           7   1.8923346874375411     
           5           8   1.2140215987309375     
           8           9   1.4189847669817379     
           9          10   1.3527820546783149     
          10          11   1.4950104516968836     
           8          12   1.0840550329804584     
          11          12   1.2299206092282722     
           3          13   1.4758954889662788     
          12          13   1.1880114697329167     
           1          14  0.97697720349558348     
           1          15  0.97144136123461777     
           2          16  0.96229072790007963     
           4          17  0.96044032397807499     
           6          18  0.96181108452387165     
           7          19  0.97225938879893237     
           7          20  0.97718813409947125     
          10          21  0.96999534051950564     
          11          22  0.96890275544608051     
