           1           2   1.9011543465052489     
           2           3   1.0818312462831166     
           3           4   1.3447381065709572     
           4           5   1.4630620684564493     
           5           6   1.3997848623007876     
           6           7  0.97960590849534279     
           7           8   1.2308652861875249     
           7           9   1.6935635024349665     
           8           9  0.19999476269677244     
           6          10   1.3177502052357819     
          10          11   1.0728297111704765     
          11          12   1.9085752103701781     
           3          13   1.3906892665261668     
          10          13   1.4044085365056826     
           1          14  0.97793665965588128     
           1          15  0.97228567587148396     
           2          16  0.96571476187515370     
           4          17  0.96775773538081189     
           5          18  0.96638260988952029     
           8          19  0.94722802771601455     
           8          20  0.94193784844447814     
          11          21  0.96224830290832442     
          12          22  0.97246703721067540     
          12          23  0.97775602618638868     
