           1           2   1.9172307481025119     
           2           3   1.0813594793768029     
           3           4   1.2608153911252711     
           4           5   1.6006603994360584     
           5           6   1.1424290423129844     
           3           7   1.4497937730395924     
           5           7  0.12388239860754449     
           6           7   1.0940934547103314     
           7           8   1.1129913257311215     
           8           9   1.8761136366516618     
           1          10  0.97782901631411845     
           1          11  0.97549067425080638     
           2          12  0.96080799879752787     
           4          13  0.97441903488571813     
           5          14  0.96593387524811258     
           8          15  0.96156539179863465     
           9          16  0.97311838256817973     
           9          17  0.97815588388871288     
