           1           2   1.0044358578177994     
           2           3   1.2295242255360224     
           2           4  0.11922335657408764     
           3           4   1.5794439145886101     
           2           5   1.1472616270396645     
           4           6   1.2181958361594694     
           5           6   1.2366288972226447     
           6           7   1.3241620630700972     
           7           8   1.5173908004564254     
           8           9   1.3148299519142690     
           9          10   1.1011642956723564     
          10          11   1.7276534907671177     
          11          12  0.97341103817014740     
          11          13  0.97069070628192233     
           5          14   1.3670327805081928     
           7          14  0.10360556498226881     
           9          14   1.4072400388344275     
           1          15  0.98085386609350644     
           1          16  0.97401294302128316     
           1          17  0.97346122442094851     
           3          18  0.96222635499593534     
           7          19  0.96713423001512377     
           8          20  0.96838955348153244     
          10          21  0.95394275264886930     
          14          22  0.96428598945138577     
