   -0.08919926
   -0.02967296
    0.01589068
   -0.06841311
    0.01580252
   -0.03075588
   -0.08970296
   -0.01519947
   -0.05601732
   -0.05263668
   -0.05944064
   -0.05687381
   -0.05235368
   -0.10164784
   -0.01536819
   -0.05624972
   -0.05216433
   -0.05764998
   -0.05731408
   -0.05261916
   -0.10171594
    0.03638246
    0.04519804
    0.03800577
    0.04081078
    0.04471556
    0.03641425
    0.03859293
    0.03620413
    0.02891132
    0.03236959
    0.03581127
    0.02891861
    0.02998777
    0.02882757
    0.02768119
    0.02859064
    0.03276539
    0.03217389
    0.03215684
    0.03954363
    0.03365335
    0.02936268
    0.02818012
    0.03204205
    0.03320923
    0.02626047
    0.02871876
    0.03027243
    0.02792229
    0.03492065
    0.03142156
    0.03327660
