$coord
       -4.31975967036725       -3.14288070527289        2.08076514271817      c
       -2.52926726925269       -3.51984225030613        0.37241169288497      c
       -0.22257419173565       -2.00899266724749        0.13014812450691      c
        2.05770009679211       -3.27438927301825       -0.20472743116298      c
        4.35386536421988       -2.03051718082353       -0.24268393677146      c
        4.41741051637427        0.57917240453589        0.06644117833900      c
        6.54724291792909        2.01782305319621        0.10743783950649      o
        8.90030869306460        0.80844940637566       -0.16274413438060      c
        2.14622962499226        1.88152829424855        0.34019432701222      c
       -0.16050454480801        0.63553759134265        0.33471035583701      c
       -2.44263053907757        2.20489360084200        0.45009523610456      c
       -4.42890508836451        1.96129683619512       -1.04066871841387      c
       -4.75816698744219        0.24594416778033       -2.84049650378207      f
       -6.44063523314640        3.47356495949699       -0.96239994895750      f
       -5.93823220690134       -4.36728219601325        2.21782525293718      h
       -4.23172471903615       -1.60804939824787        3.41650552339940      h
       -2.64848799956253       -5.12793795048837       -0.88648124744937      h
        2.03191989898032       -5.30649080979125       -0.40159549304247      h
        6.06410132901057       -3.10799915967321       -0.50048105432851      h
       10.31082864093151        2.30069150894895       -0.03162705402778      h
        9.06613676419789       -0.12769495605237       -2.00032032163234      h
        9.22370736840747       -0.57092264789447        1.34475472748046      h
        2.21914431810376        3.91169802214766        0.51407254024529      h
       -2.44583259936339        3.78596268157312        1.73918299944817      h
$end
