   -0.08697344
   -0.03082260
    0.02331643
   -0.05731593
   -0.00237748
   -0.05836954
   -0.05359932
   -0.05578378
   -0.05689060
   -0.05602702
   -0.05585377
   -0.05564343
   -0.05457728
   -0.05130167
   -0.10033285
    0.01540674
   -0.02801931
   -0.09120785
   -0.05799441
    0.03932001
    0.04700252
    0.03819780
    0.03370763
    0.03694418
    0.04433133
    0.02985066
    0.02836644
    0.03333772
    0.02723408
    0.02438444
    0.03516203
    0.02408662
    0.02997373
    0.02629385
    0.02911430
    0.03134388
    0.02941196
    0.02836011
    0.02543843
    0.03057246
    0.02391248
    0.03467421
    0.02849379
    0.03221712
    0.04306140
    0.04090438
    0.03866953
