           1           2   1.9056299615787391     
           2           3   1.0866356906317551     
           3           4   1.3863794092741482     
           4           5   1.3829835492335840     
           5           6   1.0887050397991707     
           6           7   1.9034446718183027     
           5           8   1.3780177541262786     
           8           9   1.3805334085671586     
           9          10   1.0193339184022421     
          10          11   1.0261095942646499     
          11          12   1.3707419003693795     
          12          13   1.4540379509458539     
          13          14   1.4321781413285863     
          12          15  0.10834520594634579     
          14          15   1.4361976119568363     
          11          16   1.3762337251695900     
          13          16  0.10752628386096562     
          15          16   1.4480295906793548     
           3          17   1.3749108249743789     
           9          17   1.3838718852213656     
           1          18  0.97808286666347599     
           1          19  0.97296321845500722     
           2          20  0.96409555949673653     
           4          21  0.96621651536646236     
           6          22  0.96443637138367555     
           7          23  0.97259837231314861     
           7          24  0.97807636038691559     
           8          25  0.96315236613751642     
          12          26  0.96855592350596420     
          13          27  0.97071722062426824     
          14          28  0.97134661011796930     
          15          29  0.97088297756487996     
          16          30  0.96692707927876387     
          17          31  0.96189420335976750     
