           1           2   1.9096049696894326     
           2           3   1.0743992025280611     
           3           4   1.3860503475063797     
           4           5   1.4160299338933302     
           5           6  0.98403208102657569     
           6           7   1.7728755646531138     
           6           8   1.1182909331003024     
           7           8  0.16493504643098980     
           5           9   1.3300841964683845     
           9          10   1.0669267544551180     
          10          11   1.9135653993358972     
           9          12   1.3878435825172368     
           3          13   1.3298827638148278     
          12          13   1.4164151756126973     
          13          14  0.97636883199047619     
          14          15   1.7791955478752928     
          14          16   1.1126810322709646     
          15          16  0.16317494018863535     
           1          17  0.97566930382124384     
           1          18  0.97120219104159866     
           2          19  0.95898626643711460     
           4          20  0.96148050055932510     
           8          21  0.85857786330870178     
          10          22  0.95478449924798914     
          11          23  0.97369840545763553     
          11          24  0.97637654713525612     
          12          25  0.96086589203174344     
          16          26  0.86911289645979650     
