           1           2   1.9070466752348272     
           2           3   1.0851121776856354     
           3           4   1.3820674014613268     
           4           5   1.4080523834785268     
           5           6  0.97412548387462017     
           5           7   1.4051563519577897     
           7           8   1.3806116292098030     
           8           9   1.0623866654283123     
           9          10   1.7475457745356251     
          10          11  0.99714563325688799     
          10          12  0.97319286180135567     
           3          13   1.3238143444975772     
           8          13   1.3459737709128474     
          13          14   1.0312533573405702     
          14          15  0.94997259720964455     
          15          16   1.0113703719691791     
           1          17  0.97731047465622911     
           1          18  0.97254664398548751     
           2          19  0.95900975991352966     
           4          20  0.96122628679778443     
           7          21  0.96527407205214544     
           9          22  0.95150248508652835     
          15          23  0.97059430265200131     
          15          24  0.96791987146835912     
          16          25  0.98549033032133404     
          16          26  0.98393448032089503     
          16          27  0.98599212205412767     
