           1           2   1.9142919566009566     
           2           3   1.0738115535452972     
           3           4   1.3576647524059198     
           4           5   1.4458551610570716     
           3           6  0.10016152484787408     
           5           6   1.4504067230720146     
           4           7  0.10077819450845037     
           6           7   1.3534679925122277     
           7           8   1.0813342272304647     
           8           9   1.9107020035988298     
           3          10   1.3582125351525052     
           7          10   1.3546785201144615     
          10          11  0.96749264561653769     
          11          12   1.7859786746213560     
          11          13   1.1074383384189153     
          12          13  0.16419202826112697     
           1          14  0.97576103752009180     
           1          15  0.96982047133011706     
           2          16  0.95956348171576877     
           4          17  0.96129429699080948     
           6          18  0.95863345149836576     
           8          19  0.95904300415039068     
           9          20  0.97344199832923528     
           9          21  0.97679374442502409     
          13          22  0.87475236471530060     
