           1           2   1.8960833788743705     
           2           3   1.0946416352353807     
           3           4   1.3576987419119109     
           4           5   1.4829595649291849     
           5           6   1.3555482622562993     
           6           7   1.0782197718893787     
           7           8   1.9121027616815032     
           6           9   1.3588714086796143     
           9          10  0.71162135915572500     
           9          11  0.10716892957119546     
          10          11   1.5961425450184539     
           9          12  0.10978563362063698     
          10          12   1.6100779400780163     
          11          12  0.11896860731712655     
          10          13  0.80486881640817654     
           3          14   1.3645177559702346     
           9          14   1.4507798236866443     
           1          15  0.97686698809370431     
           1          16  0.97184866509009282     
           2          17  0.96303473411833462     
           4          18  0.96293340130345229     
           5          19  0.96615751391962490     
           7          20  0.95682142858688102     
           8          21  0.96473195410844215     
           8          22  0.97315664937906832     
          14          23  0.95982598250343854     
