           1           2   1.9041662704091342     
           2           3   1.0879596172992541     
           3           4   1.3910040191949826     
           4           5   1.3855903269233174     
           5           6   1.0962183953917626     
           6           7   1.7241978481006051     
           7           8  0.98999143259832634     
           7           9  0.98343721943095841     
           5          10   1.3665913059713395     
          10          11   1.4194086944608741     
          11          12  0.94855734977657757     
          12          13  0.94785002880437552     
          12          14  0.95079462254886704     
          12          15  0.93986537865354602     
           3          16   1.3658611641258820     
          11          16   1.4233167160040827     
           1          17  0.97686606873553572     
           1          18  0.97178682235211578     
           2          19  0.96316718364718157     
           4          20  0.96154325826503806     
           6          21  0.95358801491324552     
          10          22  0.96371458197156468     
          16          23  0.96435893407835838     
