           1           2   1.0065960392475499     
           2           3   1.2184754639281394     
           2           4  0.12298091444627367     
           3           4   1.5930365533424968     
           2           5   1.1434320553457336     
           4           6   1.2036098027510835     
           5           6   1.2471810685107685     
           6           7   1.3377489454586806     
           7           8   1.4945564052026192     
           8           9   1.3616910941664977     
           9          10   1.0238374852015832     
           5          11   1.3547170825521468     
           7          11  0.11342639396042270     
           9          11   1.4502602350521885     
           1          12  0.98128042347966338     
           1          13  0.97467470385032617     
           1          14  0.97467852527379784     
           3          15  0.96253015981740997     
           7          16  0.96821240446426959     
           8          17  0.96901527145676258     
          10          18  0.98589934896966847     
          10          19  0.97418474185336601     
          10          20  0.97418982556190281     
          11          21  0.96701454789774588     
