$coord
    2.03096768766575    0.56439313612128   -0.08717268329395      c
    4.32749397338881   -0.75798126326036    0.07345249762162      o
    5.61890315661717   -1.27469266738041   -2.10493461036629      c
    7.87412765323339   -2.59126379578746   -1.80010724812552      c
    9.27982661253716   -3.20361915222430   -3.91809417841976      c
   11.65742387607276   -4.47210989378448   -4.26293298160549      c
   13.34503920151305   -5.58270142308460   -2.60295079192732      c
   15.50955894210776   -6.72580603254899   -3.56229061387820      c
   17.09583462616460   -7.75953340260946   -1.80323014833447      o
   19.33165324292278   -8.92833307181812   -2.63055692045934      c
   15.93603494554001   -6.78468884819048   -6.16762953207476      c
   14.25947782344553   -5.68087192429555   -7.84503731461432      c
   12.13884554262188   -4.48385038369755   -6.89095990954769      c
   10.16803168850332   -3.29992587030123   -8.14341292155465      n
    9.97802663640034   -2.94351633997147  -10.74531918912745      c
    7.72960261735421   -3.48640476807635  -12.00930397760903      c
    7.54882774813992   -3.11455748147510  -14.57932876439479      c
    9.59709795859201   -2.20933795283432  -15.98013991440012      c
    9.26802734782702   -1.86672897726739  -18.68238181846512      c
   10.95069253281259   -1.11235830866737  -20.37733725737058      c
   13.35415237148961   -0.49074953789632  -20.00494616906022      f
   10.41880607205666   -0.86981086649077  -22.82722012658304      f
   11.84530711272814   -1.67858757120507  -14.70131837449796      c
   12.02960445493555   -2.03309220481361  -12.12713525976749      c
    8.42376941498321   -2.51800540821607   -6.35448569529782      c
    6.21290978361556   -1.15173952957896   -6.64655525341796      c
    4.82066874106129   -0.54971918736858   -4.51522324440974      c
    1.35037093155152    0.73374106298323    1.84745111338184      h
    0.63207741511044   -0.46652538197865   -1.21165097187824      h
    2.29179081331653    2.45712944645838   -0.88311978651826      h
    8.48817256212841   -3.09875793641295    0.07378646675630      h
   13.01915679632194   -5.59056974247240   -0.59298592806898      h
   20.28781518235717   -9.56936325393920   -0.92477163309758      h
   20.55909274232646   -7.60231300311127   -3.64007109781395      h
   18.93921081559714  -10.55955625609077   -3.84267935765461      h
   17.58783582862759   -7.70907102068329   -6.92196723443456      h
   14.61055598049626   -5.78883098678723   -9.85111646427505      h
    6.14682870466151   -4.23726652436810  -10.96524648239625      h
    5.79795401313262   -3.55103606775061  -15.53474984041616      h
    7.41470953230744   -2.28053747130398  -19.43329073785259      h
   13.45883968612480   -0.95899271097963  -15.71336321865506      h
   13.76002511583503   -1.56388168932513  -11.15554727525175      h
    5.57826161543602   -0.53094430467689   -8.48265567875668      h
    3.09737422699133    0.51072265263368   -4.75585399142399      h
$periodic 0
$end
