           1           2   1.8952060125524564     
           2           3   1.0952651319220308     
           3           4   1.3326258221586980     
           4           5   1.4855658396668823     
           5           6   1.3676260260245285     
           6           7   1.0924155926441581     
           7           8   1.8891031150980899     
           6           9   1.3078765398757681     
           9          10  0.99435871770194639     
          10          11   1.7281304497264778     
          10          12   1.1192395779595852     
          11          12  0.16999202992633949     
          12          13  0.95764314995554756     
           3          14   1.3814037312971050     
           9          14   1.4193482101703485     
           1          15  0.97762925711546989     
           1          16  0.97231039147817289     
           2          17  0.96393037389869440     
           4          18  0.95962983190252815     
           7          19  0.96140625664891444     
           8          20  0.97174263494556390     
           8          21  0.97789730990410439     
          13          22  0.98170940880111268     
          13          23  0.97642791384920158     
          13          24  0.97672556649291864     
          14          25  0.96013740058807262     
