           1           2   1.8582040309072112     
           2           3   1.1407688618932346     
           3           4   1.1294726803215600     
           4           5   1.1270929313826721     
           5           6   1.1409008593094059     
           6           7   1.8575071688184439     
           5           8   1.4748792409817546     
           8           9   1.0124510604632400     
           9          10  0.98803260050501895     
          10          11   1.0089144923705602     
          11          12   1.0078730172233326     
          12          13   1.0076535029524269     
          13          14   1.0203616097494137     
           3          15   1.4769919077656479     
           8          15   1.2707589944156836     
          15          16   1.0106220572141122     
          16          17  0.98807316938605150     
          17          18   1.0065472580665964     
          18          19   1.0064406731875393     
          19          20   1.0076008788194220     
          20          21   1.0191100122336387     
           1          22  0.97864377968339045     
           1          23  0.97171029431647171     
           2          24  0.95481268980134504     
           6          25  0.95205584772987195     
           7          26  0.97117591598091202     
           7          27  0.97858926423815007     
           9          28  0.96306627407078627     
           9          29  0.96644742423138708     
          10          30  0.97263724334453605     
          10          31  0.97260398622699340     
          11          32  0.97395902087608532     
          11          33  0.97362338665348536     
          12          34  0.97321033555807768     
          12          35  0.97744310937842593     
          13          36  0.97485704136324913     
          13          37  0.97895334711187254     
          14          38  0.98465315973839074     
          14          39  0.98751243421172741     
          14          40  0.98769365372286533     
          16          41  0.96658651049368405     
          16          42  0.96807482053278426     
          17          43  0.97286273381745725     
          17          44  0.97536228887366383     
          18          45  0.97740798099841686     
          18          46  0.97723906196109334     
          19          47  0.97747188197690593     
          19          48  0.97747731017240613     
          20          49  0.97864970631704151     
          20          50  0.97861918949048377     
          21          51  0.98796358938323814     
          21          52  0.98747128882826529     
          21          53  0.98798014183735283     
