           1           2  0.96907520765300359     
           2           3  0.97836772092853930     
           2           4   1.7248529946958651     
           4           5   1.1018971363892147     
           5           6   1.3300626042261734     
           6           7   1.4925818981977197     
           5           8   1.3896957700881372     
           8           9   1.3781558227028552     
           7          10   1.3557814260066194     
           9          10   1.2480063643610038     
          10          11   1.1529609552595588     
          11          12   1.3606962328353076     
          12          13   1.4767696039442080     
          13          14   1.3932667054142118     
          12          15  0.10716083619604409     
          14          15   1.4700502554263735     
          11          16   1.2594115693538153     
          15          16   1.3583753004047043     
           9          17   1.1274745304384435     
          16          17   1.1242835535632927     
          17          18   1.0348009607226458     
          18          19   1.3773580294322469     
          19          20   1.4606874391482603     
          20          21   1.3824563905978990     
          21          22   1.0486989904836161     
          22          23   1.3881763067100024     
          23          24   1.4518384468149259     
          22          25  0.10536320569194235     
          24          25   1.4345192478956830     
          23          26  0.10848695002365211     
          25          26   1.4345849264830826     
          22          27   1.3883170482917495     
          24          27  0.10846735333631810     
          26          27   1.4517544951664236     
          19          28  0.10316615161718296     
          21          28   1.3824873899263852     
          18          29   1.3772321566090999     
          20          29  0.10314918571376523     
          28          29   1.4606196079299816     
           4          30  0.95443099491015626     
           6          31  0.96791483396925659     
           7          32  0.96828911234737391     
           8          33  0.96360106388464628     
          12          34  0.96902923771827776     
          13          35  0.97149239677822041     
          14          36  0.97172122687794460     
          15          37  0.96644883066882070     
          19          38  0.96750837504773968     
          20          39  0.96775891554295201     
          23          40  0.96871042128056262     
          24          41  0.97078539524059837     
          25          42  0.97151643849826708     
          26          43  0.97077984460602806     
          27          44  0.96872941887724950     
          28          45  0.96777443388926709     
          29          46  0.96753921334846182     
