           1           2   1.9043447698702312     
           2           3   1.0879213353899426     
           3           4   1.3678474530076805     
           4           5   1.4399342039726302     
           5           6   1.4570930331124148     
           6           7   1.3519763008729755     
           7           8   1.1168869988201169     
           8           9   1.7402300670111353     
           9          10   1.1397917701957399     
          10          11   1.6994110402178166     
          11          12  0.97929542012972914     
          11          13  0.97362505635606722     
           3          14   1.3925528514245054     
           7          14   1.3795462165765824     
           1          15  0.97801577879151924     
           1          16  0.97244801613078724     
           2          17  0.96441341765831246     
           4          18  0.96888992681762642     
           5          19  0.97035677020383393     
           6          20  0.96564637048652346     
           8          21  0.96079314312052566     
           9          22  0.96089787394244197     
          10          23  0.95832879684374694     
          14          24  0.96260566239347112     
