           1           2   1.0052756230227002     
           2           3  0.99417170324088833     
           3           4   1.1393574792036532     
           4           5   1.2589711167050825     
           5           6   1.3679985071052694     
           6           7   1.4722480462683962     
           7           8   1.3969283597111632     
           4           9   1.3564425289160482     
           6           9  0.10713001721619470     
           8           9   1.4686358890273619     
           3          10   1.1644670854061050     
           5          11   1.1454986387308412     
          10          11   1.2406776896290825     
          11          12   1.3921767293214391     
          12          13   1.3931136287653760     
          13          14   1.1021347892398874     
          14          15   1.7252826857368020     
          15          16  0.97415273827419901     
          15          17  0.96603473179165467     
          13          18   1.3259816045573096     
          10          19   1.3390084628583885     
          18          19   1.4938915936232728     
           1          20  0.98490402432665358     
           1          21  0.98680258533791232     
           1          22  0.98693249368844449     
           2          23  0.96889223249000234     
           2          24  0.96912209943484817     
           6          25  0.96882534286922573     
           7          26  0.97157640073911888     
           8          27  0.97190204453781548     
           9          28  0.96648460116456214     
          12          29  0.96534979263140663     
          14          30  0.95480027380350407     
          18          31  0.96911525562895429     
          19          32  0.96591553998728275     
