           1           2   1.8931780035887009     
           2           3   1.0957392255536160     
           3           4   1.4007884092910381     
           4           5   1.3833256929949036     
           5           6   1.0556309458521320     
           6           7   1.6547162747963275     
           6           8   1.1149306173019353     
           7           8  0.15285198533749583     
           8           9  0.96144733297409446     
           5          10   1.2592215688552699     
          10          11   1.2808821222920193     
          10          12   1.2491283939266156     
          12          13   1.0646413612827650     
          13          14   1.9276345276096734     
           3          15   1.2893498819728100     
          12          15   1.4090335897824442     
          15          16  0.96394302145814503     
           1          17  0.97825089209206761     
           1          18  0.97283093895796191     
           2          19  0.96411310301770770     
           4          20  0.95868175227871555     
           9          21  0.98180753048740943     
           9          22  0.97643744429310386     
           9          23  0.97648223233571996     
          11          24  0.89962053972350819     
          11          25  0.94192682891271096     
          13          26  0.95505287761649615     
          14          27  0.97531863776802774     
          14          28  0.97749613654320366     
