$coord
    3.15378127003217   -1.89913481096315   -0.78384487835750      c
    4.48926395202840    0.03057465251833    0.10055212644511      c
    5.95552018554150    0.02763238069129    2.40836613752744      c
    5.45470407517958   -1.25150592365309    4.70249377104782      c
    3.35748590317302   -3.01771914633115    5.31323917821524      c
    7.14081916663798   -0.62038253316498    6.43637265515553      n
    8.71640583350240    1.01968023420716    5.36837071738231      n
   10.80990963403467    1.99158539811873    6.78581612520109      c
    8.10100555802746    1.48923113820417    2.92265196227081      c
    9.55362705419279    3.17876646505341    1.35626629030462      c
    9.64399863526565    3.09456266423209   -1.15271079151602      c
    2.06960354485029   -1.74131932818059   -2.49886602043256      h
    3.12231886549506   -3.70936879533681    0.13967893828810      h
    4.51811870286997    1.80154898172846   -0.93030859096476      h
    1.61503808234685   -2.38976510034290    4.42004693668588      h
    3.10626941953667   -3.09343565603301    7.34992068501841      h
    3.78990224266120   -4.91582572501755    4.64217648899737      h
   10.70957779233423    1.16224152817651    8.66459381420969      h
   10.70341716183454    4.04720795804987    6.94384084387031      h
   12.60181812555616    1.47380407641122    5.90214533392164      h
   10.64855747174249    4.58821295208852    2.35821990308632      h
    8.66005592716010    1.67035534305766   -2.21837330027982      h
   10.74695731788819    4.43145377072673   -2.21751314335664      h
$periodic 0
$end
