$coord
    1.81266628554470   -0.78369389282216   -0.19694978367010      c
    4.26153921362945   -0.88586889477079   -0.73943892561117      c
    5.64173899371323    0.76496700240031   -2.44800834782406      c
    4.56252762471487    2.85507416058232   -3.63056476813167      c
    5.91871363257829    4.39562709305307   -5.24878026746160      c
    4.81288395711203    6.43471155143555   -6.37930055435659      o
    8.47811471022125    3.88907775790922   -5.75301243736069      c
    9.85821694651066    5.53829876568626   -7.46317192866900      c
   12.30577568281420    5.43174972175665   -8.00975334246732      c
    9.55748786453387    1.79937450533284   -4.56980154880776      c
    8.20156229402714    0.25932362734733   -2.95097319986422      c
    9.30787784555092   -1.77882741138154   -1.81925144645580      o
    0.96847278869779   -2.10407125044881    1.09944987647104      h
    0.54797093078780    0.58767725000897   -1.00898959534984      h
    5.41759938495155   -2.32914608424910    0.12926968902618      h
    2.60121057838768    3.29632402949094   -3.26720193967093      h
    3.07196033612655    6.54429980971767   -5.85233142657959      h
    8.70349318509623    6.98410274200815   -8.32914198968769      h
   13.56930099027730    4.05748173810712   -7.20064102070292      h
   13.14981826611180    6.75026069762582   -9.30811296182704      h
   11.51887131263486    1.35820230063690   -4.93276600143763      h
   11.05071936644531   -1.88408004014783   -2.34080700840155      h
$periodic 0
$end
