           1           2   1.9018572240652694     
           2           3   1.0867582101974962     
           3           4   1.2256935456101299     
           4           5   1.6441485415608390     
           5           6   1.1827576665767037     
           3           7   1.4877565919262803     
           5           7  0.10062574609944241     
           6           7   1.1331754349466603     
           7           8   1.0912310060588879     
           8           9   1.1330931893222707     
           8          10  0.10065366567861425     
           9          10   1.1827917927327682     
          10          11   1.6440854210149913     
           8          12   1.4878974892130292     
          11          12   1.2257527903457781     
          12          13   1.0864986344447811     
          13          14   1.9021407482681933     
           1          15  0.97792531619412126     
           1          16  0.97334489590478035     
           2          17  0.96155109175873266     
           4          18  0.96394478341935808     
           5          19  0.96932629031544115     
          10          20  0.96932643961007536     
          11          21  0.96395003848990424     
          13          22  0.96151676058977198     
          14          23  0.97336429226967902     
          14          24  0.97792090693330724     
