           1           2   1.8998224642793873     
           2           3   1.0854361013929679     
           3           4   1.3614417699751553     
           4           5   1.4454701007649984     
           5           6   1.0277447563317306     
           5           7   1.3380098453607836     
           7           8   1.0832229905252471     
           8           9   1.9091397846327216     
           7          10   1.3594115986032924     
           3          11   1.3598953806442586     
          10          11   1.4734843769654451     
           1          12  0.97776245886774105     
           1          13  0.97258177228595322     
           2          14  0.96301347820892391     
           4          15  0.96282312586493002     
           6          16  0.98452932464004672     
           6          17  0.97255969870028214     
           6          18  0.96651681914166643     
           8          19  0.95942097312209407     
           9          20  0.97469108734288101     
           9          21  0.97817773466138447     
          10          22  0.95966379779478761     
