           1           2   1.8953405052451662     
           2           3   1.0892866700594039     
           3           4   1.3477336605427419     
           4           5   1.4537642106025916     
           5           6  0.94568825701085635     
           6           7  0.95139078610481009     
           6           8  0.94466324556625147     
           6           9  0.93924818844770475     
           5          10   1.3459807585613048     
          10          11   1.0867293893959153     
          11          12   1.9049871889646872     
           4          13  0.10375451944140218     
          10          13   1.3385991069172056     
           3          14   1.3628103053667244     
          13          14   1.4892746816884235     
           1          15  0.97659928191433731     
           1          16  0.97152330065672832     
           2          17  0.96148127971857511     
           4          18  0.96073846610416647     
          11          19  0.95822740289820407     
          12          20  0.97364856164890867     
          12          21  0.97674461611501429     
          13          22  0.95776517860898847     
