           1           2   1.0345065607876602     
           2           3   1.1038088286456236     
           2           4   1.6331793670297357     
           4           5   1.0199036741090219     
           4           6   1.1616898673479163     
           3           7   1.0996856419970713     
           6           7   1.2899368068452397     
           7           8   1.3834895372716711     
           8           9   1.4693059579216272     
           9          10   1.3875707883988484     
           6          11   1.3382203451524701     
           8          11  0.10937083576458125     
          10          11   1.4899799486458030     
           1          12  0.98364865165526372     
           1          13  0.96891880761059945     
           1          14  0.96891878618653848     
           5          15  0.98420633575781902     
           5          16  0.97227663996589020     
           5          17  0.97227724080762323     
           8          18  0.96903602264482058     
           9          19  0.97068966673267798     
          10          20  0.97129230921295584     
          11          21  0.96729722203361579     
