$coord
    9.27731596225506   15.18141973209792  -11.35430234720799      c
    7.78773661575895   13.19780349464475  -11.76958464228719      c
    6.95404015626093   11.43869733228070   -9.87380358415311      c
    7.52199894775036   11.31248284354047   -7.34835262760069      c
    6.29371687575243    9.34167703546702   -6.05326042791521      c
    6.54550931413694    8.94930959695799   -3.26420241309690      c
    4.30424973947845   10.03308214617016   -1.76718648210858      c
    4.00682027861644   12.89890693368932   -2.05580676586699      c
    2.31826319759234   13.65455483109420   -4.27376151768971      c
    2.39132605935870   16.49570479771322   -4.76636264328523      c
    0.79669519904869   17.21840196347878   -7.05939389470727      c
    0.95424817465343   20.02536362261100   -7.72572412876964      c
   -0.30114687859788   21.72750006340675   -5.77007567688454      c
    4.77399643690213    7.91132287452190   -7.61787903831340      c
    3.25494506833657    5.76303791525378   -6.95345370016304      c
    1.70572292909147    4.55283557297263   -8.52184812335444      c
    4.86736720627219    9.04275334262612  -10.70434898968822      s
    9.82238047714656   16.42864737990163  -12.86368478180071      h
    9.99712939779377   15.62618367483815   -9.50519199391524      h
    7.09376402443710   12.82452239880196  -13.65722008100413      h
    8.78750374304746   12.61203221513925   -6.43282205200333      h
    8.27992327356290    9.86266338001015   -2.61861106234918      h
    6.70555923325288    6.93231739093961   -2.85096095861858      h
    4.60864190702148    9.57626853126824    0.22307603365371      h
    2.56237271695915    9.10360542234512   -2.36582675020154      h
    5.87016038148126   13.75343163878766   -2.29589866794549      h
    3.19736860474240   13.67837952665105   -0.32338496314569      h
    0.37644410351558   13.07266603171922   -3.87955865495393      h
    2.92292924462808   12.67275891692473   -5.97919169540834      h
    4.34604989788857   17.07221845553523   -5.10228778732449      h
    1.71708051958824   17.49267592781756   -3.09173446018121      h
   -1.17400280108042   16.71065014483875   -6.71144351907986      h
    1.44764765661366   16.11655786294593   -8.68113760042880      h
    0.03508964275362   20.32083505767749   -9.55106677930592      h
    2.93684201574817   20.56273677227307   -7.93373752557511      h
   -2.26198458566949   21.17497438976503   -5.49250094790800      h
   -0.26303499216068   23.68502680408822   -6.39648915945669      h
    0.66808744062215   21.61689937825052   -3.96281579497297      h
    3.43438155695370    5.13829208187552   -5.01456277140663      h
    1.48117596258817    5.14191628089729  -10.45823699399218      h
    0.61738689658224    2.94527849396791   -7.92029335631060      h
$periodic 0
$end
