$coord
    4.33407760086202   -0.34695390555718   -0.21450913965389      c
    1.53887243964857   -0.54545176761364   -0.01963804615728      c
    0.08667845476334   -2.66391560901582    0.10892320716617      c
   -2.52127351601108   -2.15933566117765    0.27103190913057      c
   -3.07399418188874    0.36658132339996    0.26709252941217      c
   -5.48590944020926    1.56487629492559    0.40840185437705      c
   -6.03677514850464    4.09106425940420    0.43223540899559      c
   -8.64486748497374    4.59573997642272    0.59162926482532      c
  -10.09906345695861    2.47704198213872    0.68987753181923      c
  -12.89620657004453    2.27838430865829    0.85437935544244      c
   -8.24580040476060   -0.22881183725752    0.58542210089914      s
   -0.31620647792460    2.16008403920641    0.05764100321022      s
    5.17945799644889   -2.21614237725656   -0.09295166123950      h
    5.08860985496966    0.82750944174053    1.29934094839291      h
    4.87983343992854    0.51175090067141   -2.00639384882086      h
    0.86292483797980   -4.54287381430421    0.08935336338570      h
   -3.95490350477954   -3.59608525132271    0.38963635999062      h
   -4.60139173689536    5.52810083894902    0.33985956549507      h
   -9.41958537717528    6.47501416887111    0.63328462343039      h
  -13.72164446401745    4.15073257262890    1.04482754979645      h
  -13.45163989001235    1.13520928092449    2.47457563324612      h
  -13.66334574322447    1.38501138893661   -0.83660164639694      h
$periodic 0
$end
