           1           2   1.0389420662686710     
           2           3   1.5849752012729761     
           3           4   1.2882437957696939     
           4           5   1.5219463171478123     
           5           6   1.1527802873438127     
           6           7   1.5219461243671744     
           7           8   1.2882442000484580     
           8           9   1.5849756811446012     
           9          10   1.0389414578427261     
           6          11   1.1118138565091680     
           9          11   1.1512706661233165     
           2          12   1.1512704346459319     
           5          12   1.1118077708122260     
           1          13  0.98013824635788416     
           1          14  0.97119524400458157     
           1          15  0.96834854524928671     
           3          16  0.96415470727338881     
           4          17  0.96184137358295241     
           7          18  0.96183742800013705     
           8          19  0.96415358054672651     
          10          20  0.98013809314523870     
          10          21  0.97119479482839655     
          10          22  0.96834951925507506     
