   -0.08872128
   -0.02920628
   -0.00106718
   -0.04567267
    0.00301925
   -0.06475978
   -0.05124505
   -0.05674142
   -0.05694328
   -0.05078064
   -0.10069030
    0.00165981
   -0.02524642
   -0.08883142
   -0.04736232
    0.00340569
   -0.06099439
   -0.05471263
   -0.05858562
   -0.05717413
   -0.05250774
   -0.10108378
    0.03201644
    0.03712860
    0.03331705
    0.03153657
    0.03769857
    0.03979190
    0.02496276
    0.03395381
    0.02697655
    0.03219549
    0.02884815
    0.02777887
    0.03149736
    0.02507133
    0.03499317
    0.02948558
    0.03183058
    0.03415836
    0.03639433
    0.03186552
    0.03391769
    0.03712797
    0.04018127
    0.03050067
    0.02645092
    0.02754752
    0.03785664
    0.02878496
    0.02565550
    0.02730969
    0.02902943
    0.03284205
    0.03053962
    0.03499663
