           1           2   1.9255807926315414     
           2           3   1.0665309288192311     
           3           4   1.3983636505222159     
           4           5   1.4185405044791579     
           5           6   1.0109880265177853     
           6           7  0.98930877873302414     
           7           8   1.0063955417894721     
           8           9   1.0073445116894477     
           9          10   1.0078969344745228     
          10          11   1.0200020875805489     
           5          12   1.3660796563378401     
          12          13   1.0451250078380570     
          13          14   1.9464106284352183     
          12          15   1.3820306349522131     
           3          16   1.3406312213498142     
          15          16   1.4401864600284529     
          16          17   1.0093242620205607     
          17          18   1.0034353447968338     
          18          19   1.0078972854423243     
          19          20   1.0082652799680332     
          20          21   1.0069015565712078     
          21          22   1.0201046995498888     
           1          23  0.97828852466675364     
           1          24  0.97517701350915997     
           2          25  0.95955082504561384     
           4          26  0.96492521411452070     
           6          27  0.96779419425693503     
           6          28  0.97075584373415302     
           7          29  0.97799732072903867     
           7          30  0.97466690137482548     
           8          31  0.97726755585351710     
           8          32  0.97506247593488260     
           9          33  0.97598210804188434     
           9          34  0.97720342111368552     
          10          35  0.97582349181971795     
          10          36  0.97858856518503190     
          11          37  0.98622781712091001     
          11          38  0.98768648574308560     
          11          39  0.98778532582766132     
          13          40  0.95778377941646464     
          14          41  0.97544870357355973     
          14          42  0.97731304252988727     
          15          43  0.96262057206021656     
          17          44  0.95813686875950688     
          17          45  0.96926128368260067     
          18          46  0.97315162372306729     
          18          47  0.97712583296574573     
          19          48  0.97742542137741451     
          19          49  0.97192574533275333     
          20          50  0.97716461442046909     
          20          51  0.97764842307791755     
          21          52  0.97876658682110695     
          21          53  0.97834322886418890     
          22          54  0.98776456406488644     
          22          55  0.98763691790165042     
          22          56  0.98590477235490748     
