           1           2   1.9035833280651620     
           2           3   1.0887369783774330     
           3           4   1.3649232347066280     
           4           5   1.4444927842131745     
           5           6   1.4531390651791936     
           6           7   1.3545784376480408     
           7           8   1.1185471026481015     
           8           9   1.7359450474464961     
           9          10   1.1466804739281748     
           8          11  0.10237405679142898     
          10          11   1.6952195172194320     
          11          12  0.97918429821226416     
          11          13  0.97655062470750331     
           3          14   1.3947550640216919     
           7          14   1.3758145217355233     
           1          15  0.97805997461657157     
           1          16  0.97262046035519201     
           2          17  0.96437270862763014     
           4          18  0.96607635428833638     
           5          19  0.97026699070386568     
           6          20  0.96601977176782861     
           8          21  0.96199182822577856     
           9          22  0.95864675004887245     
          10          23  0.95575205461390111     
          14          24  0.96585150733471836     
