           1           2  0.96876628801203735     
           2           3  0.97547853030683196     
           2           4   1.7196323250600654     
           4           5   1.1065909824261113     
           5           6   1.3525950878844895     
           6           7   1.4853097793986045     
           7           8   1.3439860606478926     
           8           9   1.0910271631825430     
           9          10   1.0568608551236882     
          10          11   1.3630837080682139     
          11          12   1.4677523805241239     
          12          13   1.3775670565253475     
          13          14   1.0510887578778634     
          14          15   1.3869707329454262     
          15          16   1.4524321198720636     
          14          17  0.10497992800097815     
          16          17   1.4340808631699908     
          15          18  0.10816130651761992     
          17          18   1.4340489017635893     
          14          19   1.3868882011546093     
          16          19  0.10818284172985948     
          18          19   1.4525027303551545     
          13          20   1.3769756316400397     
          10          21   1.3621433460799248     
          20          21   1.4681887570810568     
           9          22   1.0553534554851642     
          22          23   1.3692622253218678     
          23          24   1.4557222412553927     
          24          25   1.4302609548803475     
          23          26  0.10567175699085046     
          25          26   1.4306674186436041     
          22          27   1.3700021354062035     
          24          27  0.10563102538642387     
          26          27   1.4554940817665070     
           8          28   1.3442006997440068     
           5          29   1.3535578952835670     
          28          29   1.4857550983086130     
           4          30  0.95461365466900316     
           6          31  0.96819360002375232     
           7          32  0.96695900739342167     
          11          33  0.96751514326231203     
          12          34  0.96793017277088644     
          15          35  0.96872007437043051     
          16          36  0.97092024466327886     
          17          37  0.97164609100868093     
          18          38  0.97088978322986630     
          19          39  0.96867508037010031     
          20          40  0.96786742480129373     
          21          41  0.96737682216798737     
          23          42  0.96803448893341537     
          24          43  0.97079818316377020     
          25          44  0.97155949167410127     
          26          45  0.97082994443083204     
          27          46  0.96808558888757612     
          28          47  0.96683289749112578     
          29          48  0.96721636778162545     
