   -0.11858319
    0.15811519
   -0.11826009
   -0.29962314
    0.41038544
   -0.10607157
    0.07737155
   -0.03509804
   -0.03405879
    0.01867606
   -0.08175692
    0.31104057
   -0.18736346
   -0.19444477
   -0.03285713
   -0.04015531
    0.07374659
   -0.03601775
   -0.02611546
   -0.03330169
   -0.02811029
   -0.04314473
   -0.45596686
   -0.11941199
    0.04165611
    0.06704061
    0.04564614
    0.05236191
    0.05031022
    0.05207743
    0.04925517
    0.05741420
    0.08039100
    0.04403004
    0.04390927
    0.05225707
    0.04047953
    0.03694057
    0.03708187
    0.03424589
    0.04517674
    0.06755458
    0.04317744
