$coord
    1.75534253223496   -0.07047156151557    0.27198347073091      c
    4.57577866836321   -0.08859368591182    0.02542023752822      c
    5.97460338593302    2.13226563082292   -0.02510445479496      c
    4.76393679021678    4.38358022168067    0.15269399251970      f
    8.57513310318816    2.14195840441911   -0.25135673665620      c
    9.84349236578328   -0.13578916146672   -0.43497704316862      c
    8.52366388143326   -2.40349616842199   -0.39283002244026      c
    9.86824061973931   -4.88936703815573   -0.58951484540433      c
    5.90972693297650   -2.34008439939636   -0.16310832364867      c
    1.04485248706920    1.85205581398558    0.39192777428862      h
    1.18279119346420   -1.09480263315114    1.96317546023697      h
    0.89341394672216   -0.99509427364816   -1.35258807982253      h
    9.57098064994524    3.92011051658933   -0.28101653218423      h
   11.87656008689731   -0.14359855784438   -0.61233739926453      h
   11.89656385367874   -4.61722431835866   -0.76051676685225      h
    9.20374618913333   -5.93486640927544   -2.23340222750522      h
    9.49688173890227   -6.03806938868248    1.07771879719392      h
    4.86803456735807   -4.09767181946816   -0.12890353246753      h
$periodic 0
$end
