           1           2   1.8510329830328853     
           2           3   1.1414068075218886     
           3           4   1.4876453212057938     
           4           5   1.3457644231639230     
           5           6   1.4682250634419958     
           6           7   1.1745058574450347     
           7           8   1.4653136452076594     
           8           9   1.3511591124925890     
           9          10   1.4607904430306973     
          10          11   1.1718745747537342     
          11          12   1.4636756560523736     
          12          13   1.3438890950211446     
          13          14   1.4860939226115510     
          14          15   1.1438357422942858     
          15          16   1.8549960890936479     
          11          17   1.1377029027628613     
          14          17   1.1351324658213551     
           7          18   1.1236189249928488     
          10          18   1.1312383132450905     
           3          19   1.1339047649038447     
           6          19   1.1290679299943542     
           1          20  0.97790359496923696     
           1          21  0.97532920851910587     
           2          22  0.96418405486600289     
           4          23  0.96238031083212838     
           5          24  0.96135283931613080     
           8          25  0.96123883589462400     
           9          26  0.96331436446641094     
          12          27  0.96382706608523017     
          13          28  0.96444587577001495     
          15          29  0.95833121743138538     
          16          30  0.97178711242959903     
          16          31  0.97827181656709838     
