           1           2   1.8934021608025691     
           2           3   1.0975115540623501     
           3           4   1.3619426643027270     
           4           5   1.4804554442135835     
           5           6   1.3633045462170625     
           6           7   1.0975010116620711     
           7           8   1.8934108748477541     
           6           9   1.3619634499563342     
           3          10   1.3633195047465123     
           9          10   1.4804379487337751     
           1          11  0.97844143318142163     
           1          12  0.97288984808147061     
           2          13  0.96452540701822653     
           4          14  0.96834934342507806     
           5          15  0.96566859329118326     
           7          16  0.96452062401296268     
           8          17  0.97288985461735078     
           8          18  0.97844320565216558     
           9          19  0.96835009951057660     
          10          20  0.96566695903239552     
