$coord
    4.74687594984843    2.20111077078807   -0.38876512910707      c
    4.12139200110916   -0.22998573396687   -0.39821327740383      c
    5.72739503569412   -2.34317155231877    0.32465285789304      c
    4.78114395285434   -4.80335788585510    0.15187844452168      c
    6.22437260323759   -6.86793130790291    0.80889245965935      c
    8.70119573258003   -6.59947657818338    1.68115173524843      c
   10.31858979955249   -8.70498481183888    2.39884676560922      c
    9.63951342805423  -11.11649139928173    2.54313827132934      c
    9.61217432751956   -4.12349130059368    1.83470019357218      c
   11.99984642357317   -3.72751252409436    2.66306030864128      f
    8.19889016979661   -2.03757403488577    1.18925431831711      c
    3.42018126254708    3.63305048886114   -0.95981492836236      h
    6.58231370878648    2.86761001643516    0.17984163656859      h
    2.23910620805210   -0.76597196583517   -0.99844669832446      h
    2.87280639824522   -5.08805300251682   -0.51679204917511      h
    5.42865175865741   -8.73617103487791    0.63544391934361      h
   12.24127378643397   -8.18354031407096    2.86109903483780      h
    7.75313394194332  -11.76139721691708    2.13586709384362      h
   10.96837771873500  -12.55074727977979    3.10385696583182      h
    9.04322813086312   -0.19276525223715    1.36888334830608      h
$periodic 0
$end
