           1           2   1.8933709869103577     
           2           3   1.1049326012761893     
           3           4   1.3262809893412633     
           4           5   1.5044608442239216     
           5           6   1.2144937750291731     
           6           7   1.0020064554834158     
           3           8   1.3533724305593002     
           5           8  0.13101104092419805     
           6           8   1.2391665780468892     
           8           9   1.0973119372033000     
           9          10   1.7286101112629877     
          10          11  0.97487059610804272     
          10          12  0.97306589075091721     
           1          13  0.97838133102608094     
           1          14  0.97312954981674393     
           2          15  0.96205310705756875     
           4          16  0.96861014731775108     
           7          17  0.97632529080614305     
           7          18  0.96700914606482535     
           7          19  0.97493033364691239     
           9          20  0.94411654941004852     
