           1           2   1.9057530715937727     
           2           3   1.0899378382584710     
           3           4   1.3261889461096446     
           4           5   1.4878167199717547     
           4           6  0.12527165131265733     
           5           6   1.2323595972134818     
           6           7   1.0027165749587699     
           3           8   1.3684328164855897     
           5           8  0.12782857310132181     
           6           8   1.2295938903587715     
           8           9   1.0927668291350643     
           9          10   1.9002175243334183     
           1          11  0.97803421280668168     
           1          12  0.97459357248112366     
           2          13  0.96077595478790800     
           7          14  0.97714207477462023     
           7          15  0.97312138895211930     
           7          16  0.97056273723163045     
           9          17  0.95849706120520117     
          10          18  0.97475732764860756     
          10          19  0.97784755841158444     
