           1           2   1.9082026578159641     
           2           3   1.0820410120826300     
           3           4   1.4362583288491755     
           4           5   1.3547685233616193     
           5           6   1.0986027833259093     
           6           7   1.8914521108029914     
           5           8   1.3116207940176112     
           8           9  0.96611159167955607     
           8          10   1.4213976226701266     
           3          11   1.2474408718771919     
          10          11   1.3350092433830196     
          11          12   1.2124720174650150     
           1          13  0.97801608863810097     
           1          14  0.97433553630844671     
           2          15  0.95934968694070533     
           4          16  0.96350824101819521     
           6          17  0.96358069046654093     
           7          18  0.97357005977917654     
           7          19  0.97828331956336267     
          12          20  0.94403260047789117     
          12          21  0.94556350412269563     
