           1           2   1.8890004498795470     
           2           3   1.1031310495019624     
           3           4   1.1281006453100808     
           4           5   1.1257461346003814     
           5           6   1.1388314759181806     
           6           7   1.8602228862971018     
           5           8   1.4857360192051343     
           8           9   1.0103936254184558     
           9          10  0.98969837259860605     
          10          11   1.0064535184748264     
          11          12   1.0069622510719813     
          12          13   1.0089275529464856     
          13          14   1.0188624771564196     
           3          15   1.5023806270872697     
           8          15   1.2591294790940246     
          15          16   1.0109353080092138     
          16          17  0.98791072891886400     
          17          18   1.0080666462921135     
          18          19   1.0093253409122336     
          19          20   1.0068222191133092     
          20          21   1.0201630885282722     
           1          22  0.97707732979208861     
           1          23  0.97226865484633440     
           2          24  0.95795414301535853     
           6          25  0.95478638917279579     
           7          26  0.97166567788361380     
           7          27  0.97864537398992701     
           9          28  0.96704361392192162     
           9          29  0.96449126905522786     
          10          30  0.97467335214494244     
          10          31  0.97055331333923067     
          11          32  0.97721710397897887     
          11          33  0.97654285599502422     
          12          34  0.97576615549185775     
          12          35  0.97666035189688993     
          13          36  0.97842943013956762     
          13          37  0.97447876671165901     
          14          38  0.98789663517516257     
          14          39  0.98762102043231914     
          14          40  0.98811385187952816     
          16          41  0.96655051221060861     
          16          42  0.96293597002641707     
          17          43  0.97572113376282443     
          17          44  0.96887211366772574     
          18          45  0.97639136809277072     
          18          46  0.97282881839864555     
          19          47  0.97221221759562160     
          19          48  0.97728927794152931     
          20          49  0.97887239070219745     
          20          50  0.97815486441868915     
          21          51  0.98678875018650625     
          21          52  0.98762738265655314     
          21          53  0.98617503093255421     
