           1           2   1.9311443763489851     
           2           3   1.0638703117976873     
           3           4   1.3944685996907318     
           4           5   1.4478747041038480     
           5           6   1.3611803290232396     
           6           7   1.0660445352120747     
           7           8  0.98432887611156250     
           4           9  0.10079700924956232     
           6           9   1.3542371489195388     
           3          10   1.3237280078316347     
           9          10   1.4202699087401351     
          10          11   1.0540643273387484     
          11          12   1.7640794261093991     
          12          13  0.98070659396268367     
          12          14  0.97105576390990223     
           1          15  0.97710160269568502     
           1          16  0.97577139889243281     
           2          17  0.95889098955560448     
           4          18  0.96873983650914064     
           5          19  0.96566523948986271     
           8          20  0.97951429417976399     
           8          21  0.97661393553140663     
           8          22  0.97660916336217174     
           9          23  0.96599081534284081     
          11          24  0.95121099141706134     
