$coord
    2.24497811763023   -3.31098940723509    5.25734688229979      c
    0.13102953371241   -2.36178887148227    3.62712550776888      c
   -1.00566078531642   -3.88912072712174    1.82558363160114      c
   -2.94798838352291   -3.00955734405725    0.31982155136231      c
   -3.84448519856728   -0.54169293690160    0.57993920399042      c
   -5.74267393847292    0.38638443160382   -0.96855471449142      n
   -6.99455441899956    2.68162647383376   -0.46769342802795      c
   -7.36333576533914    4.55370008220653   -2.29528917203539      c
   -6.44197173315686    4.47192592750642   -4.99542957015614      c
   -4.72142521048898    2.26080956691143   -5.71444488768198      c
   -6.14873223550862   -0.16813175448237   -5.47061073261265      c
   -6.66336305129003   -1.03733957367074   -3.04047894847342      c
   -8.07786182183241   -3.21693894428541   -2.67801595901022      c
   -8.95405734659335   -4.55317352232127   -4.74752378218753      c
   -8.43651290615951   -3.70697724927256   -7.16910788153862      c
   -7.05370984855106   -1.51513982111794   -7.52548853750420      c
   -8.68900423847553    6.71882255481252   -1.59634429212054      c
   -9.62198155697395    7.06835430866942    0.81313623421875      c
   -9.25970546014021    5.20007024178821    2.61120505721155      c
   -7.97766076194250    3.03014456054199    1.95916465259372      c
   -2.64971747861575    1.02316277805569    2.34311483049157      c
   -0.71728350120771    0.11550432602663    3.83659790200178      c
    2.40077790200916   -5.35632952256884    5.13706737660275      h
    1.94048024069533   -2.78416264964396    7.22291327012447      h
    4.03718743851183   -2.48963478981640    4.65640105474263      h
   -0.36397125960180   -5.81360251008749    1.58441914042966      h
   -3.75675299794783   -4.24885001704605   -1.08421388682794      h
   -5.44114954904001    6.24202100259951   -5.37120166773426      h
   -8.09987963990501    4.43836929334980   -6.23623143884721      h
   -3.07086675668544    2.23644162738541   -4.47450460160563      h
   -4.07586523956761    2.52027679936629   -7.65604093578590      h
   -8.48685056815682   -3.85012808973918   -0.78079252003111      h
  -10.05076893509485   -6.25137118857810   -4.46888764631730      h
   -9.11942827763594   -4.75273590442590   -8.78271445186265      h
   -6.65824364707654   -0.85210982955418   -9.41641448798085      h
   -8.97346728795020    8.17490163278372   -3.00181246669518      h
  -10.62740268898763    8.77926848004172    1.28606040428253      h
   -9.99210727733115    5.42520455534062    4.50234056210999      h
   -7.71239810757176    1.54440892148617    3.33435637937157      h
   -3.22678151988829    2.97140183015981    2.52564684009357      h
    0.16416390421279    1.36695248774278    5.18925626329409      h
$periodic 0
$end
