           1           2   1.0227683202875100     
           2           3   1.4076800227164714     
           3           4   1.4563238999300789     
           4           5   1.3496798849092244     
           5           6   1.1078308189327757     
           6           7   1.0341939490425704     
           7           8   1.3709269029417426     
           8           9   1.0090504513542593     
           9          10  0.98960080936496198     
          10          11   1.0150824491861663     
           6          12   1.0014540201691378     
          11          12   1.3672279320671501     
          12          13   1.4024562675500678     
          11          14  0.10549113497713364     
          13          14   1.4396916382971436     
          12          15  0.10500923774936342     
          14          15   1.4364511531212203     
          11          16   1.4182298661123460     
          13          16  0.10761058494500346     
          15          16   1.4395674087591803     
           8          17   1.4044154915837912     
          17          18   1.4565808224657504     
           8          19  0.10331957895297025     
          18          19   1.4134717443932132     
           7          20   1.3649182246899647     
          17          20  0.10719290162140195     
          19          20   1.4654425700671236     
           3          21  0.10149845824436821     
           5          21   1.3381255787150512     
           2          22   1.3932888853709713     
           4          22  0.10207434679551844     
          21          22   1.4716275247721640     
           1          23  0.98575912274027977     
           1          24  0.97871352741550477     
           1          25  0.97189625131994728     
           3          26  0.96933411904385625     
           4          27  0.96484893122511106     
           9          28  0.96416281729400255     
           9          29  0.96305608304889079     
          10          30  0.96693802949712016     
          10          31  0.97564188804499696     
          13          32  0.96856300610417723     
          14          33  0.97081584053698922     
          15          34  0.97117779169874985     
          16          35  0.96860418979710716     
          17          36  0.96951456526885615     
          18          37  0.97112484014177913     
          19          38  0.97063051815681756     
          20          39  0.96795583720070522     
          21          40  0.96592447523340663     
          22          41  0.97009164068797360     
