           1           2   1.9833332693039700     
           2           3   1.0179995854294681     
           3           4   1.4219645939121575     
           4           5   1.3556729017650941     
           5           6   1.0742700578300504     
           6           7   1.9168056221764633     
           5           8   1.3529176595978676     
           8           9   1.2860029861734239     
           3          10   1.3810925916943564     
           9          10   1.4039904937198622     
           9          11   1.0501855785354233     
          11          12   1.8576281486803974     
          11          13  0.87894131786353902     
          13          14   1.7645044704787898     
           8          15   1.0933542910996186     
          13          15   1.1834779619256293     
          14          15  0.16823198755508070     
           1          16  0.97550598614307360     
           1          17  0.97624963713528856     
           2          18  0.95165514767830317     
           4          19  0.96777567263387643     
           6          20  0.95997582724689601     
           7          21  0.97187585542934807     
           7          22  0.97686936036895256     
          10          23  0.96601120593153422     
          15          24  0.92368906614006252     
