           1           2   1.0435149098652752     
           2           3   1.8448781703496298     
           3           4   1.0971770349378609     
           4           5   1.3704395092307800     
           5           6   1.4646259348181090     
           6           7   1.4014433100871959     
           7           8   1.0257174155558819     
           5           9  0.10356973325029646     
           7           9   1.4008544961986842     
           4          10   1.3692316296170315     
           6          10  0.10159269620371691     
           9          10   1.4651481325011702     
           1          11  0.96858283732430084     
           1          12  0.96884884357994894     
           1          13  0.98528157772945713     
           2          14  0.96288465315250837     
           3          15  0.96206740749967357     
           5          16  0.96628821090007766     
           6          17  0.96926603669646294     
           8          18  0.98371108635511084     
           8          19  0.96785182046326923     
           8          20  0.98014415769906071     
           9          21  0.96964827105036222     
          10          22  0.96884079894954178     
