           1           2   1.8975881657921687     
           2           3   1.0983017196038547     
           3           4   1.3279993629895743     
           4           5   1.4895522639007617     
           4           6  0.12421128410528520     
           5           6   1.2295661808526077     
           6           7   1.0032412461529723     
           3           8   1.3584158132817565     
           5           8  0.12560115533883567     
           6           8   1.2330571782730309     
           8           9   1.1010573471258736     
           9          10   1.8910835348761605     
           1          11  0.97828514828201896     
           1          12  0.97305044636115123     
           2          13  0.96035861500875697     
           7          14  0.97594034832549015     
           7          15  0.96849806102091995     
           7          16  0.97297661104500632     
           9          17  0.95460834977138476     
          10          18  0.97466295768757205     
          10          19  0.97809101007418775     
