           1           2   1.8933606640348368     
           2           3   1.0979783494188911     
           3           4   1.3597292615439123     
           4           5   1.4803779374313437     
           5           6   1.3612073521728327     
           6           7   1.0996764617733428     
           7           8   1.8910491130122606     
           6           9   1.3224971537520911     
           9          10  0.95346693735792665     
           3          11   1.3639935975632840     
           9          11   1.4363867936078969     
           1          12  0.97800105975629159     
           1          13  0.97260649341934213     
           2          14  0.96416973701481401     
           4          15  0.96777002223042963     
           5          16  0.96487205795884434     
           7          17  0.96360246032673391     
           8          18  0.97272081178413150     
           8          19  0.97805709121525986     
          11          20  0.96163477481899695     
