           1           2   1.9029271295150583     
           2           3   1.0891850597713910     
           3           4   1.3678158250215295     
           4           5   1.4480866472161058     
           5           6   1.4481118926843666     
           6           7   1.3677941076495292     
           7           8   1.0892399689265948     
           8           9   1.9028636080020072     
           3          10   1.3901653254989759     
           7          10   1.3901429689095661     
           1          11  0.97828641908997549     
           1          12  0.97285803142388283     
           2          13  0.96449634460116629     
           4          14  0.96635930194752317     
           5          15  0.97060812494267923     
           6          16  0.96635276796949277     
           8          17  0.96450115273880876     
           9          18  0.97285146490246732     
           9          19  0.97828877318365814     
          10          20  0.96599016778067448     
