           1           2   1.9039119620728837     
           2           3   1.0882186538230090     
           3           4   1.3660432850265749     
           4           5   1.4255555651197167     
           5           6   1.0250716763293617     
           5           7   1.4101724407559912     
           7           8   1.3759616124567782     
           8           9   1.0932005636581539     
           9          10   1.7323276517937602     
          10          11  0.97852754738215852     
          10          12  0.97101249873909656     
           3          13   1.3938052007020731     
           8          13   1.3769237312493829     
           1          14  0.97802772840765007     
           1          15  0.97252952825780559     
           2          16  0.96429677440760941     
           4          17  0.96347057715949147     
           6          18  0.98503095936578489     
           6          19  0.97609531445426445     
           6          20  0.96873781137372594     
           7          21  0.96665816776772173     
           9          22  0.95431539430198475     
          13          23  0.96613305324746213     
