$coord
    4.45441364228605    0.09132398942191    2.25038811790655      c
    3.74640423251933   -0.10257474472172   -0.14576023872578      c
    5.42965447536661   -0.36870766589554   -2.29269591080664      c
    4.95990918242999    0.63932281665846   -4.65879170967291      c
    6.99672366040553    0.18893212842831   -6.11686179640163      n
    7.35296112219398    0.92905253026396   -8.74072883469116      c
    7.26819781479042    3.81839869586740   -8.91362654113105      c
    9.92337804811688   -0.04238425680888   -9.61913533737912      c
    5.24523792668775   -0.24911971614996  -10.33829774289912      c
    8.75551137369247   -1.06916006912336   -4.85595222625075      n
    7.87551479786939   -1.46182994039160   -2.53764297955784      c
    9.39006000084521   -2.96737154547299   -0.82040534326474      c
    8.50856194803383   -4.40267683247529    1.03530157335742      c
    3.09628224987581    0.34952659702720    3.74379419367652      h
    6.41120166570417    0.00728142981278    2.80061059323576      h
    1.76378946006032    0.06078836947730   -0.63781959230350      h
    3.34055646727438    1.65300444992045   -5.33023191205698      h
    8.71956058619963    4.64187134112659   -7.71363067879598      h
    5.44018491604266    4.54070320969964   -8.31445920725552      h
    7.60025984461761    4.41566014489257  -10.85021501360544      h
   11.41663753649422    0.75300547912599   -8.45780259580509      h
   10.23664840211878    0.48516866025665  -11.57865074742862      h
   10.00590971322043   -2.08580768849291   -9.44727936296086      h
    3.40231783199778    0.46174018319503   -9.77267045047801      h
    5.25145993850222   -2.29303948697347  -10.12185751371791      h
    5.53338532166768    0.20188809767052  -12.32085176036289      h
   11.38688421062662   -2.95458161251189   -1.26425178911540      h
    6.52230092511163   -4.51628434062641    1.46154411135344      h
    9.75226643463130   -5.52696320963537    2.18881075008098      h
$periodic 0
$end
