           1           2   1.9046974519959434     
           2           3   1.0875413341165827     
           3           4   1.3878266016809913     
           4           5   1.3831597316940636     
           5           6   1.0887108804401151     
           6           7   1.9032767282632632     
           5           8   1.3762220852091351     
           8           9   1.3802466451032140     
           9          10   1.0196339496688087     
          10          11   1.0253636750713955     
          11          12   1.3712437693060995     
          12          13   1.4537852446093475     
          13          14   1.4323591717385509     
          12          15  0.10840685185452686     
          14          15   1.4362105749021985     
          11          16   1.3765387858926967     
          13          16  0.10761685836764975     
          15          16   1.4480358654947105     
           3          17   1.3746281752218203     
           9          17   1.3836375004927162     
           1          18  0.97805431973542845     
           1          19  0.97265469425829543     
           2          20  0.96422901444146314     
           4          21  0.96306825327696688     
           6          22  0.96448332504482592     
           7          23  0.97253499189695669     
           7          24  0.97808733665214020     
           8          25  0.96457705227860346     
          12          26  0.96856263007799848     
          13          27  0.97071754413518518     
          14          28  0.97134130531092788     
          15          29  0.97086921787035352     
          16          30  0.96707662714097220     
          17          31  0.96325961910537572     
