$coord
    5.08394103591092   -1.54891476645036   -1.40676214004479      c
    4.28073575724757   -0.09720798951226    0.47294207009181      c
    5.73125243536454    1.85956606528028    1.76826270958461      c
    7.98164229852888    2.82390018914493    0.80584646770924      c
    9.33236409801627    4.67851397763682    2.08972567301672      c
   11.68727543700762    5.74161741310576    1.12368056956005      c
   12.56350398809038    5.53505494393712   -1.21666355695623      c
    8.39983093965075    5.55287458841839    4.39567356480338      c
    6.15675588785572    4.62976414961897    5.38200958825889      c
    5.16491566256720    5.62439347525607    7.86606146429633      c
    7.06370026046928    6.48745718681225    9.51693322282996      o
    4.83043722787786    2.79739665629635    4.06149826707181      c
    3.88213030589330   -2.96116401299021   -2.24317533627010      h
    6.96278361729286   -1.41288370778230   -2.17512439919129      h
    2.38354718106685   -0.36594033921465    1.19401115377475      h
    8.69041960204430    2.12043206170530   -0.96894614621297      h
   12.75427838942902    6.82841165672039    2.49186903152324      h
   11.56881942842734    4.52654933937029   -2.67762725122388      h
   14.32093826581598    6.39766488749193   -1.77023836637389      h
    9.41684265149132    6.99478805837392    5.42494848459888      h
    4.00284909767663    4.16571546247509    8.78708923066948      h
    3.95860631029981    7.27055702639770    7.51780021199013      h
    8.24028002549143    5.12832081711283    9.80975874092471      h
    3.08229987540777    2.06948472406405    4.83003730933335      h
$periodic 0
$end
