           1           2   1.9144429617270655     
           2           3   1.0774269474897460     
           3           4   1.3806683542749143     
           4           5   1.4388730206317988     
           5           6   1.0131496096166537     
           6           7   1.0026023361669094     
           5           8   1.3428208641556814     
           8           9   1.0773740686286142     
           9          10   1.9144869813926366     
           8          11   1.3807172124766591     
           3          12   1.3428377831585994     
          11          12   1.4388341634134170     
          12          13   1.0131484071266101     
          13          14   1.0025893600566183     
           1          15  0.97852082047513855     
           1          16  0.97483933118537180     
           2          17  0.95644108262676142     
           4          18  0.96414930165564527     
           6          19  0.96499009974201599     
           6          20  0.97602566845846050     
           7          21  0.98555403542480924     
           7          22  0.98674120188041192     
           7          23  0.98884349800325944     
           9          24  0.95643692178744100     
          10          25  0.97484360388586233     
          10          26  0.97851905768399128     
          11          27  0.96415707775551029     
          13          28  0.96500058016049839     
          13          29  0.97601855726746034     
          14          30  0.98557941599629195     
          14          31  0.98674014034091817     
          14          32  0.98884138917336717     
