$coord
    1.77908310771727    0.06620169167673    0.12933528321796      c
    4.59443095965159    0.05149672728877   -0.16851287578344      c
    5.97571731069260    2.27563051407832   -0.30625493505760      c
    8.57771028074937    2.23466439210994   -0.58188773844892      c
    9.90035941184042   -0.02331094205590   -0.73051366340660      c
   12.71021004790328   -0.13651295201527   -1.02889676241223      c
    8.47835986084741   -2.22940603801916   -0.58812196081783      c
    9.69024217017068   -4.48169039183925   -0.72478031398707      f
    5.88805962660192   -2.23165219762937   -0.31392162231993      c
    1.05872487455641    1.98764778948717    0.21101283160586      h
    1.23712575449137   -0.91485091283098    1.85589839726416      h
    0.88732154009726   -0.90547679148235   -1.45109950053171      h
    5.00824422624973    4.06983483416502   -0.19703398913058      h
    9.60896676322029    3.99394538386182   -0.68442263143211      h
   13.51277427797852    1.75194387394920   -1.10503561077833      h
   13.20247505912657   -1.14521365894004   -2.75522024738352      h
   13.55255736199741   -1.16100726212122    0.54615440143839      h
    4.89388991558490   -4.00972395781742   -0.21532413787451      h
$periodic 0
$end
