           1           2   1.9016898710032843     
           2           3   1.0902309267346049     
           3           4   1.3634885761942983     
           4           5   1.4627595899470727     
           5           6   1.4033273520239606     
           6           7   1.0080350179125970     
           7           8  0.95693924755536108     
           8           9   1.7934201772012310     
           8          10   1.1216326745399863     
           9          10  0.16076851289882252     
           6          11   1.3531099424282413     
          11          12   1.0500844354880630     
          12          13   1.9396381179783093     
           3          14   1.3859372628737947     
          11          14   1.4053070159188386     
           1          15  0.97794207213951456     
           1          16  0.97265856911870197     
           2          17  0.96422653165026051     
           4          18  0.96559455909318326     
           5          19  0.96750847119453265     
           7          20  0.95194128000566580     
           7          21  0.94517909829254410     
          10          22  0.86489655597952342     
          12          23  0.95747297536039233     
          13          24  0.97395601038549939     
          13          25  0.97601719408821219     
          14          26  0.96668636923887175     
