           1           2   1.9281012033329699     
           2           3   1.0657480446389278     
           3           4   1.3943362721599073     
           4           5   1.4348960388378889     
           3           6  0.10030008461434436     
           5           6   1.4500859128474253     
           6           7   1.3752515356269857     
           7           8   1.0547860337795691     
           8           9   1.7619131039480125     
           9          10  0.97939223439018797     
           9          11  0.96826000159351178     
           3          12   1.3541509309096358     
           7          12   1.3780996121994797     
          12          13   1.0300892259314813     
           1          14  0.97780980545257101     
           1          15  0.97481248762339900     
           2          16  0.95873811684027221     
           4          17  0.96771080834447765     
           5          18  0.96957033838661744     
           6          19  0.96962289257783651     
           8          20  0.95121363073421139     
          13          21  0.97942757869350461     
          13          22  0.96251832067781951     
          13          23  0.97702922782942658     
