$coord
    5.33164312947119   -1.29176557674023    1.71754088455651      c
    4.63803742313184    0.71462402717039    0.38328824948309      c
    6.17133925126089    2.03485857233949   -1.48141485465236      c
    8.52237846189233    1.17072991711819   -2.36219719911973      c
    9.82394230929733    2.60684513601767   -4.10756314149503      c
   12.22627405168059    1.81828783297605   -5.20474451478423      c
   13.92724374241347    0.40125173764026   -4.02861299034377      c
    8.63460300934926    4.90410405325387   -4.83814762750945      c
    9.69230041796635    6.52273566221668   -6.54058383581866      n
    6.36064997797027    5.54954154145934   -3.98474250522814      n
    5.16394845956905    4.15521595362605   -2.37339118192177      n
    4.07758723096278   -2.14188950919546    3.07461827110664      h
    7.16096027162819   -2.16362643592138    1.53090982067461      h
    2.79453871096138    1.55347118113499    0.64995730745877      h
    9.26572412872794   -0.62738636130005   -1.75441022864267      h
   12.58362128222932    2.46457425777155   -7.11322798416507      h
   13.66191535624756   -0.23915233058214   -2.11435436424025      h
   15.66866111964070   -0.14415475767847   -4.92714176995311      h
   11.58032007785632    6.54428841885346   -6.74168831189410      h
    8.78690019444424    8.18576772409433   -6.72599662907851      h
$periodic 0
$end
