           1           2   1.8550775760686364     
           2           3   1.1437197848298861     
           3           4   1.4859911372708088     
           4           5   1.3439691454086642     
           5           6   1.4636364069058414     
           6           7   1.1718284364199405     
           7           8   1.4608372876307074     
           8           9   1.3510518206841269     
           9          10   1.4657057217657024     
          10          11   1.1740705033162169     
          11          12   1.4732694266743471     
          12          13   1.3399530004323179     
          13          14   1.4906773676885827     
          14          15   1.1441908882584606     
          15          16   1.8546371978428497     
          11          17   1.1255792444249588     
          14          17   1.1302428693494802     
           7          18   1.1313439574214141     
          10          18   1.1235736732565433     
           3          19   1.1352886946500320     
           6          19   1.1377945654269137     
           1          20  0.97827154345971234     
           1          21  0.97186511595498537     
           2          22  0.95834794392720868     
           4          23  0.96446527019395845     
           5          24  0.96382723141035698     
           8          25  0.96331827716619733     
           9          26  0.96120567834246495     
          12          27  0.96139952194051204     
          13          28  0.96436946369222121     
          15          29  0.95824482548585688     
          16          30  0.97177607404109057     
          16          31  0.97828080672481044     
