$coord
    2.39358787447363   13.64762130089080    6.49504464035123      c
    2.86141971171766   11.01193868585160    6.69718087468021      o
    3.16461266754621    9.73915505006747    4.53748213552955      c
    3.63962982847248    7.00934903307180    5.02781540607837      c
    5.51754342608848    5.69091888569272    3.70152894530445      c
    7.18202389297594    6.94660418232093    2.06845510716933      n
    8.14526239753833    9.29966669583463    2.74049991813733      c
    8.60629792629138    9.85442597406115    5.27849164325507      c
    9.47323681609033   12.22866058708595    5.95009521251808      c
    9.87480779341250   12.86767668032274    8.68360115322466      c
    9.97007527758361   10.83954519271941   10.19587868962754      f
   12.02776600667845   14.15856837422432    9.07768681244304      f
    8.00533807366745   14.34538805692242    9.59769243981329      f
    9.92338682185179   14.07690189199497    4.14085054578716      c
    9.50059743212090   13.50303461213225    1.62232394191835      c
    8.61674555293716   11.15145451032074    0.92093914368278      c
    7.81763299340740    5.83006931162759   -0.23921754956227      c
    6.03646134080955    4.42240651264586   -1.57980129041384      c
    6.65992955917567    3.29720419115601   -3.84385234932117      c
    9.08729487911505    3.54224350462333   -4.85478990185858      c
    9.86737214804641    2.41386207135169   -7.22992998715206      c
    8.54719359214095    0.93945038123176   -8.76558337647712      c
    6.18440080547500    0.13765389254324   -8.49258405430316      f
    9.47693040855651    0.00833151301743  -10.91218379901401      f
   10.86010852010020    4.95782499254772   -3.50053211704810      c
   10.24860671070034    6.07725015642694   -1.23225328895363      c
    5.77337775777305    3.09777432456963    4.09156884960206      c
    4.21508060146998    1.84667500179426    5.76966747720380      c
    2.39660299713761    3.16312283690745    7.12068143782169      c
    2.12121310021235    5.73435310977595    6.75082731376277      c
    3.03066014047103   10.68742913528638    2.46930421430534      o
    2.94597472833069   14.47652255472413    8.29212319122165      h
    0.39084928682894   13.98321458199273    6.12762797490547      h
    3.50569939420223   14.44784451338108    4.95136829862608      h
    8.27819189514376    8.44382516130684    6.71546739378781      h
   10.58839463868952   15.91926864028455    4.70369941165415      h
    9.82855956842447   14.92176971190460    0.19539705416334      h
    8.22803990809735   10.74628693220632   -1.03850354264231      h
    4.14503296048619    4.23790974084697   -0.83903718439451      h
    5.23319128622514    2.23867451545450   -4.83803668521680      h
   11.77455625781864    2.80824397306575   -7.84450029783162      h
   12.75290449073318    5.16217653273487   -4.23631008030653      h
   11.65520858197563    7.14034645315699   -0.20465209448028      h
    7.22201566706878    2.08161699260152    3.07514448933297      h
    4.44308447892266   -0.16110773798318    6.04865190860178      h
    1.19973003604754    2.18889067463549    8.45247483834648      h
    0.69960257712801    6.78043459131166    7.77163278609846      h
$periodic 0
$end
