           1           2   1.7025371009387840     
           2           3   1.0661187122967692     
           3           4   1.3570694904089893     
           4           5   1.4868614574779306     
           5           6   1.3825113367020552     
           4           7  0.10973528562480866     
           6           7   1.4928497325347980     
           3           8   1.2981256126452281     
           7           8   1.3250929280877928     
           8           9   1.1387690112871682     
           9          10  0.97925322203411758     
          10          11   1.3965347960998757     
          11          12   1.4543324227993339     
          10          13  0.10463844002485495     
          12          13   1.4032012442017705     
          13          14   1.0279761864851109     
          11          15  0.10761961071086935     
          13          15   1.4138036559441558     
          10          16   1.4057492450571933     
          12          16  0.10973869890478297     
          15          16   1.4428083491776609     
           9          17   1.1387769713008378     
           2          18   1.0661428993076463     
          17          18   1.2981189443968133     
          18          19   1.3570562672128210     
          19          20   1.4868689190940445     
          20          21   1.3825147099293806     
          17          22   1.3251173200841533     
          19          22  0.10973765599720406     
          21          22   1.4928339751075135     
           4          23  0.96431623152071033     
           5          24  0.97046848275508746     
           6          25  0.97093647097113089     
           7          26  0.96502778691950075     
          11          27  0.96885261027377645     
          12          28  0.96889042957514482     
          14          29  0.97441426647894103     
          14          30  0.96789254601990649     
          14          31  0.98493119135953866     
          15          32  0.96799806024599633     
          16          33  0.96888811677039910     
          19          34  0.96431851592725504     
          20          35  0.97046782687872590     
          21          36  0.97093425287341362     
          22          37  0.96502980818244544     
