           1           2   1.9046137956272804     
           2           3   1.0879683544579521     
           3           4   1.3669057526930979     
           4           5   1.4460588845588767     
           5           6   1.4080355406367318     
           6           7  0.95992986585033080     
           6           8   1.3194723145642058     
           8           9   1.0992439942389689     
           9          10   1.7271468700275436     
          10          11  0.97988966179208858     
          10          12  0.97962666183733937     
           3          13   1.3894070653179462     
           8          13   1.3884554086293188     
           1          14  0.97737956615913035     
           1          15  0.97163835103543394     
           2          16  0.96376557789971218     
           4          17  0.96766646736209816     
           5          18  0.96568893314945614     
           9          19  0.95158505303949148     
          13          20  0.96029079368710157     
