           1           2   1.9027418760898749     
           2           3   1.0893115308319936     
           3           4   1.3660027855038903     
           4           5   1.4206628239876371     
           5           6   1.0277775966095535     
           5           7   1.3711806214048754     
           7           8  0.95604647182872937     
           7           9   1.3293658806980848     
           9          10   1.0980158898123709     
          10          11   1.7287571129787556     
          11          12  0.97899189315782775     
          11          13  0.97766620397056236     
           3          14   1.3903810965755503     
           9          14   1.3822112746558866     
           1          15  0.97754552048101440     
           1          16  0.97150720743631058     
           2          17  0.96415681147818399     
           4          18  0.96543018322848351     
           6          19  0.98543683767053791     
           6          20  0.96871465864155459     
           6          21  0.96958341430550210     
          10          22  0.95159515896847069     
          14          23  0.96036568227411778     
