$coord
    4.01293781572312   -1.13022160717294   -2.07420853700766      c
    5.01032956885323   -0.33111270026192    0.27147330094434      o
    6.29316733530782    1.90067070490871    0.37718944328101      c
    5.54156875731145    3.37676443553956    2.24646931629030      n
    6.65295692793741    5.57872150104841    2.61180259417632      c
    8.57988067956876    6.49419707143795    1.09040193513528      c
    9.77012076217805    9.02468052815084    1.51255416598470      c
    9.39448294972283    4.90718240618736   -0.84094818777626      c
    8.29998402794200    2.56079949545285   -1.23599054713473      c
    9.34267860972362    0.82903079991609   -3.22279015210553      c
    2.23974460323336   -2.08922629153744   -1.64578196125008      h
    5.27537641612015   -2.46250185805539   -3.02610423906497      h
    3.62579651214074    0.46691903868871   -3.32429115209543      h
    5.94220709712083    6.66194225480523    4.19443211962009      h
    8.83428629017273   10.02065020853420    3.04548262361215      h
    9.64967268271501   10.16943210389733   -0.19390748648926      h
   11.76212520805852    8.80801092442710    1.98693256623420      h
   10.94130314805865    5.49776822558779   -2.04181054627617      h
   11.21153541831142    1.46948022320560   -3.79209259293084      h
    8.14528709662843    0.79290630386184   -4.89724237939342      h
    9.50320331500090   -1.08616368772676   -2.49179775573468      h
$periodic 0
$end
