           1           2   1.8997567936792961     
           2           3   1.0850057215369930     
           3           4   1.3694473135449938     
           4           5   1.4091461508364627     
           5           6   1.0629316054082092     
           6           7   1.9212151867305192     
           5           8   1.3350835460392658     
           8           9  0.99290984412015904     
           9          10   1.7716495278746895     
           9          11   1.1064891429034165     
          10          11  0.16268350190312866     
           8          12   1.3675571509971793     
           3          13   1.3556171337339067     
          12          13   1.4776516312382282     
           1          14  0.97678584383369926     
           1          15  0.97188350827124592     
           2          16  0.96169221171331287     
           4          17  0.96127773221156609     
           6          18  0.95582266407919170     
           7          19  0.97403866530469119     
           7          20  0.97657565307920668     
          11          21  0.86556986215674125     
          12          22  0.95819630770239073     
