           1           2   1.8560613415390446     
           2           3   1.1374402610094820     
           3           4   1.5000471651377110     
           4           5   1.3073858477971700     
           5           6   1.0101880555221168     
           6           7  0.98795413954583677     
           7           8   1.0062046122799087     
           8           9   1.0067962742129197     
           9          10   1.0079950608095265     
          10          11   1.0064147101976526     
          11          12   1.0079711403423164     
          12          13   1.0068938885501391     
          13          14   1.0076964990423127     
          14          15   1.0200546705586033     
           5          16   1.4649472444971452     
          16          17   1.1444572347516571     
          17          18   1.8559957846276958     
           3          19   1.1393872120303834     
          16          19   1.1324986895886668     
           1          20  0.97811740578170991     
           1          21  0.97546888202209536     
           2          22  0.96445672261976245     
           4          23  0.96227477572419717     
           6          24  0.97098451221940518     
           6          25  0.96838169302921595     
           7          26  0.97666147634351530     
           7          27  0.97589594106157107     
           8          28  0.97720539780295379     
           8          29  0.97631090323937741     
           9          30  0.97549431009337195     
           9          31  0.97668437054300239     
          10          32  0.97721797603491012     
          10          33  0.97548890297853341     
          11          34  0.97559973926414023     
          11          35  0.97727647458996525     
          12          36  0.97697867269760463     
          12          37  0.97555041313827828     
          13          38  0.97767852659190746     
          13          39  0.97736563220685502     
          14          40  0.97650975134411422     
          14          41  0.97853770082562985     
          15          42  0.98607353275980081     
          15          43  0.98763998886741478     
          15          44  0.98773329794455700     
          17          45  0.95540340501454846     
          18          46  0.97177439341783600     
          18          47  0.97861446963717491     
