           1           2   1.9135574362504797     
           2           3   1.0782843026428519     
           3           4   1.3837741510824657     
           4           5   1.4547519229522838     
           5           6   1.4239356679247479     
           4           7  0.10401877172950838     
           6           7   1.4441492353239456     
           3           8   1.3395811053443509     
           5           8  0.10078572487238815     
           7           8   1.4010577379441500     
           8           9   1.0346298856036096     
           9          10   1.4010643415004198     
          10          11   1.4441431523941637     
           9          12  0.10078775879280444     
          11          12   1.4239443516767603     
          10          13  0.10401862270551332     
          12          13   1.4547412110991738     
           9          14   1.3395788482791740     
          13          14   1.3837876645440546     
          14          15   1.0782673226758475     
          15          16   1.9135741999092786     
           1          17  0.97827443142289350     
           1          18  0.97430000975964337     
           2          19  0.96001510898038078     
           4          20  0.96687330322843734     
           5          21  0.97093517494269677     
           6          22  0.97081275868285855     
           7          23  0.96874831467409139     
          10          24  0.96874876914713881     
          11          25  0.97081293601253071     
          12          26  0.97093512136445126     
          13          27  0.96687514474625946     
          15          28  0.96001365398292948     
          16          29  0.97430198805353307     
          16          30  0.97827417929167382     
