           1           2   1.8972479048400821     
           2           3   1.0938041663864837     
           3           4   1.3649236286896003     
           4           5   1.4600262507689017     
           5           6   1.3644768433745256     
           6           7   1.0798861449414046     
           7           8  0.98181097024161623     
           6           9   1.2896829385246880     
           9          10   1.0712175769696508     
          10          11   1.7503729643640744     
          11          12  0.98819061834940358     
          11          13  0.96778804085750991     
           3          14   1.3732417589329200     
           9          14   1.4177697789278136     
           1          15  0.97822085386104229     
           1          16  0.97299123778296115     
           2          17  0.96446606493262033     
           4          18  0.96558923325121138     
           5          19  0.96468264594604947     
           8          20  0.97883780463326386     
           8          21  0.97606118398943897     
           8          22  0.97602429991620288     
          10          23  0.95202512307785458     
          14          24  0.96607351425449650     
