           1           2   1.9031856117543231     
           2           3   1.0801708916045181     
           3           4   1.3698299191204966     
           4           5   1.4337799621354685     
           5           6   1.0791660006953221     
           6           7   1.9009624175652173     
           5           8   1.2252873418657524     
           8           9   1.1981652294830831     
           8          10   1.3608022325019697     
           3          11   1.3104899842163293     
          10          11   1.4154099868523224     
          11          12   1.0263571992496099     
           1          13  0.97774523931881274     
           1          14  0.97249575229534990     
           2          15  0.96067245201916307     
           6          16  0.95975606955999648     
           7          17  0.97147212636257396     
           7          18  0.97758500817681038     
           9          19  0.94062404254122356     
           9          20  0.94531687394390040     
          12          21  0.98082521708345682     
          12          22  0.96127845795860467     
          12          23  0.97170472969174437     
