$coord
    4.70954477315747    2.29527774355048    0.47723321263383      c
    4.48104995142965   -0.15425199533868   -0.01366923767943      c
    6.05694180031830   -2.16663187946407    0.99531042456130      c
    8.04070986553471   -1.82894732543562    2.70354843719690      c
    9.50518136034684   -3.71958392541119    3.41292258180991      n
    8.98267940937203   -6.03228515809615    2.56165845164160      c
   10.59161716320687   -7.90156046048324    3.30204212968179      n
    6.83016841264164   -6.45084586486750    1.01221204642667      c
    5.96282155813542   -8.92277620327181    0.15872011341201      c
    6.22909495624490  -11.09471195789193    1.38729246103707      c
    5.49334095560722   -4.49914350090610    0.20743923337424      n
    3.45074410634313    3.66037129743733   -0.35351576310610      h
    6.14466177774399    3.03960037351535    1.71249592138723      h
    3.01678178212968   -0.82843331658568   -1.27116281024597      h
    8.50640190575778   -0.00900780740702    3.50352262791841      h
   12.21849543162820   -7.28865500418688    4.08217837041860      h
   10.68594142720886   -9.46654624246275    2.22572148092510      h
    4.92016442690482   -8.85503098494412   -1.59914465020570      h
    7.11330106914825  -11.22079269371384    3.21619610424348      h
    5.47431768090924  -12.82693269793652    0.63136986403380      h
$periodic 0
$end
