$coord
    1.84492160089644   -0.18640419332840    0.02747171401583      c
    4.66120529497841    0.07287790689790    0.01916365725972      c
    5.85109003646823    2.44418050677023    0.01263056211154      c
    8.44614897663807    2.54944572819139    0.00508122422301      c
    9.88300346729364    4.98549849817801   -0.00264034081991      c
    9.70262484512609    0.18171063356597    0.00466925155682      c
   12.26034793727184   -0.00027790711793   -0.00753888082121      n
    8.44457166836495   -1.99218499132439    0.01129957680838      n
    5.98881466661635   -2.03571257342110    0.01812353323694      n
    0.93879089130749    1.65688839584330    0.03337595471187      h
    1.24605628160858   -1.24377965621398    1.68619099776326      h
    1.23578742820992   -1.23779533842195   -1.63135789382810      h
    4.73826683354624    4.15846986821853    0.01350035181503      h
    8.58527978347163    6.57876639719920   -0.00350424779327      h
   11.07922359798724    5.11513414135317   -1.67564945609260      h
   11.08539531307008    5.12251855783550    1.66546007692106      h
   13.36871627055765    1.53197419663920    0.00991565448297      h
   13.02186086827414   -1.73477487416565    0.00674928387065      h
$periodic 0
$end
