$coord
    3.28788372368019    1.45048218777744    1.83580381101797      c
    3.75065053796457   -0.65950823063784    0.55409235920134      c
    5.65887595559507   -2.56171198869179    1.11189866385858      c
    5.68223899587848   -4.80868858094322   -0.28723367136793      c
    3.93147418755475   -5.15021008871044   -2.09285576310168      f
    7.42713539124944   -6.72017354916177    0.10387754121781      c
    7.23489461500788   -8.79254731251463   -1.34195824637843      f
    9.31418243567583   -6.52706468610107    1.94509438204497      c
   11.22552424349562   -8.42781091841512    2.49822198916281      c
   11.72003245883801  -10.50996620998971    1.18344632291166      c
    9.28910864210492   -4.28161687139176    3.34625157835243      c
   11.03926600634721   -3.94131011403295    5.15272859243932      f
    7.54471792242108   -2.36966976035327    2.95463631803341      c
    7.73486319695796   -0.29934045384948    4.40359514834519      f
    1.81052561622889    2.71088072558857    1.23033798632671      h
    4.31602442555106    2.00737490686914    3.49627116403899      h
    2.61360989034585   -1.09755829925206   -1.08735317190774      h
   12.33904265882781   -8.01057227058914    4.16134101593416      h
   10.71891927623420  -11.04090220692630   -0.50129291154737      h
   13.19292168931744  -11.77497082719165    1.78901633134198      h
$periodic 0
$end
