           1           2   1.9059612636780119     
           2           3   1.0897545347652293     
           3           4   1.3264194706368613     
           4           5   1.4877464858496614     
           4           6  0.12522349336311203     
           5           6   1.2322965136513602     
           6           7   1.0027629496966495     
           3           8   1.3682464805843848     
           5           8  0.12784304640971983     
           6           8   1.2296248279038853     
           8           9   1.0930016869763630     
           9          10   1.9000176754873959     
           1          11  0.97802166522995670     
           1          12  0.97458840075996755     
           2          13  0.96075363689546400     
           7          14  0.97715204177734649     
           7          15  0.97290486204843840     
           7          16  0.97069136926400068     
           9          17  0.95847689033081596     
          10          18  0.97477623868354102     
          10          19  0.97786010938487311     
