           1           2   1.9003651244290127     
           2           3   1.0910096708537835     
           3           4   1.3653290400293228     
           4           5   1.4570112162395477     
           5           6   1.4135088679293917     
           6           7   1.0275038098837805     
           6           8   1.3450176670506133     
           8           9   1.0723950768356967     
           9          10   1.9216380844229217     
           3          11   1.3845500823156156     
           8          11   1.4029962321998666     
           1          12  0.97845774527674212     
           1          13  0.97308718277832928     
           2          14  0.96460965522760744     
           4          15  0.96618826850131601     
           5          16  0.96792005882374721     
           7          17  0.98474523155763616     
           7          18  0.96776804758826807     
           7          19  0.97411545709233605     
           9          20  0.95964398965314746     
          10          21  0.97469551342305250     
          10          22  0.97828166369122538     
          11          23  0.96486965934198632     
