   -0.07526240
   -0.03484450
    0.09755043
   -0.04608667
   -0.01464587
   -0.04739531
    0.09044784
    0.09076329
   -0.04507123
   -0.01339983
   -0.03888738
    0.08988837
    0.09036841
   -0.03986914
   -0.01343947
   -0.04306788
    0.09762450
   -0.03373353
   -0.08246594
   -0.24385733
   -0.22085016
   -0.21637802
    0.04393827
    0.07158176
    0.03407273
    0.03349993
    0.03210640
    0.03241600
    0.03394620
    0.03546906
    0.05941343
    0.06467943
    0.03433084
    0.03667027
    0.05529044
    0.04198316
    0.04321387
