           1           2   1.9037923618184711     
           2           3   1.0845358559236813     
           3           4   1.2372242055027454     
           4           5   1.6323016792884197     
           5           6   1.1877433558487969     
           3           7   1.4621756002809803     
           6           7   1.1353752529993368     
           7           8   1.1387928218875194     
           8           9   1.8642668000862561     
           1          10  0.97792878682139672     
           1          11  0.97376423762490871     
           2          12  0.95981577660009332     
           4          13  0.96465677890118784     
           5          14  0.97019510943898646     
           8          15  0.95272895851255712     
           9          16  0.97194393479291419     
           9          17  0.97833607651109644     
