   -0.10304081
    0.02138572
   -0.01377908
    0.05774071
   -0.07035527
    0.05770688
   -0.01379765
   -0.03606965
   -0.04443219
   -0.03293855
   -0.05924602
    0.07264324
   -0.03718294
   -0.03343050
    0.02066130
   -0.08222629
    0.31275999
   -0.18543835
   -0.19280912
   -0.03489160
   -0.03651941
   -0.05930140
   -0.03303868
   -0.04450719
   -0.03606756
   -0.10296776
    0.03136957
    0.03921751
    0.03931242
    0.03014062
    0.02639738
    0.02737051
    0.02306179
    0.04675519
    0.04347297
    0.08092230
    0.05691400
    0.04840984
    0.02278401
    0.02708198
    0.02629951
    0.03014467
    0.03924803
    0.03098697
    0.03925290
