           1           2   1.8933566280723639     
           2           3   1.0970824693229149     
           3           4   1.3822416146599819     
           4           5   1.4022246553367106     
           5           6   1.0517402879096507     
           6           7   1.9341505711055493     
           5           8   1.3179784853085501     
           8           9   1.0741555698850431     
           9          10  0.97076712154010769     
          10          11  0.99250008111578480     
          11          12   1.4017786044876743     
          12          13   1.4534071992624780     
          11          14  0.10929503626192229     
          13          14   1.4313380559230986     
          12          15  0.11281343039072989     
          14          15   1.4459659872809749     
          11          16   1.4209091021863309     
          13          16  0.11003546758407669     
          15          16   1.4364497026547969     
           8          17   1.3430586168766827     
           3          18   1.3097851251236294     
          17          18   1.4403349476927132     
          18          19  0.95885195287470404     
           1          20  0.97828532506275756     
           1          21  0.97328729796089464     
           2          22  0.96366672630677197     
           4          23  0.96482906685169922     
           6          24  0.95052978371808661     
           7          25  0.97560261795448755     
           7          26  0.97770807467231047     
          10          27  0.95382693956543740     
          10          28  0.95268969854544638     
          12          29  0.96985725325331551     
          13          30  0.97084297010171727     
          14          31  0.97127841989916197     
          15          32  0.97089924623751522     
          16          33  0.96770317295953356     
          17          34  0.96277295058876100     
