           1           2   1.9150273100416153     
           2           3   1.0779694868789436     
           3           4   1.4058420615054161     
           4           5   1.3824803228310236     
           5           6  0.89727480551745531     
           6           7   1.0840811529633623     
           7           8  0.91587059590784448     
           7           9  0.91378536357245033     
           7          10  0.94634948778763439     
           5          11   1.4100673146454303     
          11          12   1.3825965639286490     
          12          13   1.0787282531650439     
          13          14   1.9144013204625363     
           3          15   1.2835273349396576     
          12          15   1.2981416555850058     
          15          16   1.1981936613503568     
           1          17  0.97777878167610055     
           1          18  0.97426864982386741     
           2          19  0.95330832309401381     
           4          20  0.96239357871260278     
          11          21  0.96200595430000557     
          13          22  0.95312911920619037     
          14          23  0.97391929810032773     
          14          24  0.97774034232338003     
          16          25  0.94220369612969024     
          16          26  0.94235356710760987     
