$coord
    4.23518546251177    2.24036161563129   -0.53810729014824      c
    3.67482586835036    0.20568590607482    0.82842766728314      c
    5.23199753641441   -0.81755954786441    2.79536418806778      c
    8.11647428666558    0.48707656589849    3.68480525500941      s
    8.60480915715475   -1.79409694923720    6.00243894460760      c
   10.80025401861869   -1.86288451559836    7.58840295849473      c
   12.70324762400814   -0.22280959288666    7.48447549763437      c
    6.61188102955586   -3.46709004724001    6.04502367951956      c
    4.70891249284890   -2.90924490694529    4.25260091533799      c
    2.55237509711311   -4.31686816136776    4.01977053457001      o
    2.16994070815502   -5.90532930089538    6.13229648796859      c
    4.62096337933841   -7.25098221809064    6.86506414819363      c
    6.47393703916353   -5.49333510120521    7.64531275598871      o
    2.98929601946821    2.92812656979962   -1.98768045242004      h
    5.96756538565592    3.26869703385143   -0.23681655227690      h
    1.93987560754904   -0.83261161681100    0.52150840400401      h
   10.80565332157351   -3.40926838035751    8.92825572091953      h
   12.69460975010012    1.32030671242195    6.15511577125750      h
   14.31063990960215   -0.37459551066318    8.71788788055147      h
    0.71958261775648   -7.26222036357092    5.58088837972278      h
    1.49908566059167   -4.78206733880834    7.74511048388376      h
    5.31912063816055   -8.33329137710951    5.23587087468384      h
    4.31758273756491   -8.51909570406621    8.46148796378718      h
$periodic 0
$end
