           1           2   1.9147998055662536     
           2           3   1.0753108941269898     
           3           4   1.2358266541014271     
           4           5   1.6328747881687022     
           5           6   1.1925315770170242     
           3           7   1.4757060832333990     
           6           7   1.1351992660418935     
           7           8   1.1189568438401276     
           8           9   1.7133581206036042     
           9          10  0.98398038339727312     
           9          11  0.97436911807775872     
           1          12  0.97693136242321044     
           1          13  0.97630245161592910     
           2          14  0.95901863996561354     
           4          15  0.96368866057617897     
           5          16  0.96907910601839853     
           8          17  0.95135966515198445     
