           1           2   1.9003791662040399     
           2           3   1.0846416728203032     
           3           4   1.3742843524417514     
           4           5   1.4050993707451807     
           5           6   1.0800770886275708     
           6           7   1.9128052201381109     
           5           8   1.3213970210202848     
           8           9  0.99008928036618071     
           9          10   1.7672643461398239     
           9          11   1.1102707521189172     
          10          11  0.16234002540011519     
           8          12   1.3813626402022861     
           3          13   1.3535314943661010     
          12          13   1.4679717861439461     
           1          14  0.97684553091961168     
           1          15  0.97174397535842350     
           2          16  0.96206366757811734     
           4          17  0.95998879623645172     
           6          18  0.95298761775218266     
           7          19  0.97290141394395557     
           7          20  0.97688460007547306     
          11          21  0.87108915346748783     
          12          22  0.95653971637944502     
