           1           2   1.9076079081290533     
           2           3   1.0920326313664990     
           3           4   1.3251889945753268     
           4           5   1.5031544833019299     
           5           6   1.2153746863929626     
           6           7   1.0032268210364410     
           3           8   1.3674833027225950     
           5           8  0.13342486138976972     
           6           8   1.2285450584701623     
           8           9   1.0951723993547153     
           9          10   1.7243691347697614     
          10          11  0.98899460416747886     
          10          12  0.97301074915509267     
           1          13  0.97802849778438716     
           1          14  0.97670894250997542     
           2          15  0.96163660691906605     
           4          16  0.96869341193512237     
           7          17  0.97674382178825914     
           7          18  0.97106072078924965     
           7          19  0.97353803549276008     
           9          20  0.95016263888895014     
