           1           2   1.9035240615759919     
           2           3   1.0863167958975961     
           3           4   1.3657871215298132     
           4           5   1.4325331427021029     
           5           6   1.0886825969768839     
           6           7   1.8965734116570849     
           5           8   1.2379995412966935     
           8           9   1.1866226840499996     
           9          10   1.0197002241838147     
           8          11   1.3495685804306976     
           3          12   1.3331162594680650     
          11          12   1.4110763500276631     
          12          13   1.0231745348505188     
           1          14  0.97869370599824934     
           1          15  0.97445038398070927     
           2          16  0.96144454232775267     
           4          17  0.96397740938604815     
           6          18  0.96144946310900470     
           7          19  0.97241614339477600     
           7          20  0.97797680268506304     
           9          21  0.92860206575573956     
          10          22  0.94892599222290319     
          10          23  0.95757384586649563     
          13          24  0.98387678475519258     
          13          25  0.96610238596582276     
          13          26  0.97210763063889027     
