           1           2   1.8865868064190174     
           2           3   1.1036770217862952     
           3           4   1.3747128793808738     
           4           5   1.4083531994310368     
           5           6   1.0646383920261455     
           5           7   1.2930493075734910     
           7           8   1.1036745805917740     
           8           9   1.8866014330070349     
           7          10   1.3746661640150954     
           3          11   1.2930093640985179     
          10          11   1.4084077327137194     
          11          12   1.0646342120351837     
           1          13  0.97845114940598854     
           1          14  0.97299924412660188     
           2          15  0.96189260098684137     
           4          16  0.95976787871541802     
           6          17  0.88876886054469906     
           8          18  0.96190172249797179     
           9          19  0.97297423610510581     
           9          20  0.97844625654673156     
          10          21  0.95974744130076217     
          12          22  0.88876351215524485     
