$coord
    4.03285723627699    0.65646756439074   -2.37636312376525      c
    6.18166630101663    0.59215944651931   -1.08736659153262      c
    7.14685038758747   -1.55942130837438    0.34588988534116      c
    6.39868536609800   -4.02529623379945   -0.16592374122373      c
    7.35126712116070   -6.05506721820536    1.20923722037317      c
    6.70999970052643   -8.50562555081385    0.57207847821581      n
    9.08076400851421   -5.58939255260488    3.13616330079393      c
    9.87282320302101   -3.14869832554760    3.69532407830145      c
   11.70868362668101   -2.63385878231933    5.69203860600977      c
   12.12223376125639   -4.07194651996835    7.70203130479558      c
    8.91006495501397   -1.13204481361634    2.27516378318368      c
    9.69311840664595    1.31843953360905    2.80009244412684      o
    8.24301664272573    2.52045274818942    4.68593610349341      c
    3.44934654924882    2.32514006230441   -3.38381333089037      h
    2.76203133448632   -0.93124518617054   -2.46795108017664      h
    7.36420642730856    2.25819155115648   -1.00364934015400      h
    5.09153711009798   -4.38504493328694   -1.69049545363610      h
    5.09785449255083   -8.72464522024665   -0.41549009122369      h
    7.00013761616509   -9.82460026475125    1.91287668584410      h
    9.85961642568597   -7.16329580332446    4.17539464347755      h
   12.74706855737860   -0.88721632468895    5.45771466582650      h
   11.08770835067899   -5.79174187569340    8.04483682387300      h
   13.50840240271790   -3.56829179264435    9.10383954608168      h
    6.26222054048557    2.70399034477218    4.10557364004375      h
    9.06032477533339    4.39141294843092    4.94359179757754      h
    8.32377351979063    1.47876208576852    6.47523779579745      h
$periodic 0
$end
