           1           2   1.9044746190450326     
           2           3   1.0793013519069752     
           3           4   1.3559497488620686     
           4           5   1.4222747327524468     
           5           6  0.99643132514667720     
           6           7   1.0040232434839045     
           5           8   1.4173974006981633     
           8           9   1.3618299476957925     
           9          10   1.0769682716061386     
          10          11   1.9086789672707702     
           3          12   1.3911404516371795     
           9          12   1.3900750059864704     
           1          13  0.97814849657884639     
           1          14  0.97246769142225298     
           2          15  0.96597572985064017     
           4          16  0.96501890257161838     
           6          17  0.96172079250604725     
           6          18  0.95375403656764168     
           7          19  0.90194260477579780     
           8          20  0.96451105024373451     
          10          21  0.96296058138511098     
          11          22  0.97241264703888963     
          11          23  0.97743527583239476     
