           1           2  0.95449693223450682     
           2           3   1.1329994000406871     
           3           4  0.97941265674837663     
           4           5   1.3318249183951212     
           5           6   1.0596065237664154     
           6           7   1.0863675209306727     
           7           8   1.3561117592417375     
           8           9   1.4295964114873307     
           9          10  0.95132825511243824     
          10          11  0.95190267558426545     
          10          12  0.94527234724982678     
          10          13  0.93483662793876943     
           9          14   1.4006176742647338     
          14          15   1.4247515346624517     
           7          16   1.3548552462094186     
          15          16   1.4627403518344246     
           6          17   1.0650054490536509     
          17          18   1.3554206132061546     
          18          19   1.4795126068669049     
          19          20   1.3581946049293809     
          20          21   1.1043731468131284     
          21          22   1.7210054317502070     
          22          23  0.97887561749973173     
          22          24  0.97330831013609331     
          20          25   1.3566106543330960     
          17          26   1.3539526260043802     
          25          26   1.4794832139700556     
           5          27   1.3728539988004222     
          27          28   1.4565183969880251     
          28          29   1.4206054472825080     
           4          30   1.4027500667721544     
          27          30  0.10383826580475577     
          29          30   1.4445135629147818     
           2          31  0.17473522923651968     
           3          31   1.7271720485174975     
           1          32  0.97918270882705238     
           1          33  0.97557657242378404     
           1          34  0.97643749679421288     
           8          35  0.96420822850597809     
          14          36  0.96838988273170523     
          15          37  0.96867259561229058     
          16          38  0.96527305163025900     
          18          39  0.96650523041169967     
          19          40  0.96659044021583596     
          21          41  0.95425885526589460     
          25          42  0.96785262638985226     
          26          43  0.96690337829434203     
          27          44  0.96647287348598099     
          28          45  0.96964977001289165     
          29          46  0.96944174454652177     
          30          47  0.96765269481637395     
