           1           2   1.0269589868792515     
           2           3   1.3960255275332634     
           3           4   1.4062373803507400     
           4           5  0.97129775613991554     
           5           6   1.7888182697281700     
           5           7   1.1110275610611509     
           6           7  0.16604586023065171     
           2           8  0.10579294770853953     
           4           8   1.3766072131377622     
           8           9   1.0252070277224610     
           3          10  0.11299133229720863     
           8          10   1.3856806282448704     
           2          11   1.3954418961239206     
          10          11   1.4607255460315842     
           1          12  0.98553419817648380     
           1          13  0.96544976724772169     
           1          14  0.96564265448501696     
           3          15  0.96557367562017604     
           7          16  0.86988328440265006     
           9          17  0.98033183073742680     
           9          18  0.97649788758556133     
           9          19  0.96550316400360447     
          10          20  0.96036117593776971     
