           1           2   1.0347520214880874     
           2           3   1.1512269255032823     
           2           4  0.11264184709710132     
           3           4   1.1512278758609014     
           4           5   1.0347525402726614     
           4           6   1.6088121930004693     
           2           7   1.6088128796393923     
           6           7   1.2638552407180912     
           1           8  0.98464956192835396     
           1           9  0.97030693992338357     
           1          10  0.97029602854117325     
           5          11  0.98464955243294117     
           5          12  0.97029816816178505     
           5          13  0.97030454681255485     
           6          14  0.96493199600322388     
           7          15  0.96493170947905982     
