           1           2   1.0198482659213723     
           2           3   1.0068499936360340     
           3           4   1.0090496242791609     
           4           5   1.0069729678047938     
           5           6   1.0071508100956172     
           6           7   1.0084568201889468     
           7           8  0.99347218357796729     
           8           9   1.0091054906405605     
           9          10   1.2265297660460541     
          10          11   1.6196266054605679     
          11          12   1.0366650758209590     
          11          13   1.1409353864974758     
           9          14   1.5878241518080869     
          11          14  0.10767542824611301     
          13          14   1.1356149808644624     
          14          15   1.0331672526563442     
           1          16  0.98778661397839751     
           1          17  0.98622317288462991     
           1          18  0.98785193829953133     
           2          19  0.97828820668087901     
           2          20  0.97893657347586638     
           3          21  0.97733563180849614     
           3          22  0.97567328449408841     
           4          23  0.96834262613730493     
           4          24  0.97657265923075154     
           5          25  0.97290257492922871     
           5          26  0.97737509330691452     
           6          27  0.97683705640029050     
           6          28  0.97591340381429270     
           7          29  0.97730955507611084     
           7          30  0.97276103735583153     
           8          31  0.97410546781223706     
           8          32  0.96418712080361946     
          10          33  0.96241795901335681     
          12          34  0.98075181274782119     
          12          35  0.97072296696473004     
          12          36  0.97239267089606285     
          15          37  0.98395799300763487     
          15          38  0.97014287761520279     
          15          39  0.96939980037655160     
