           1           2   1.9039188226429733     
           2           3   1.0886244193964607     
           3           4   1.3664704802489189     
           4           5   1.4496471023714013     
           5           6   1.4464730920311792     
           6           7   1.3639790611779470     
           7           8   1.0939616765942135     
           8           9   1.7313000718696050     
           9          10  0.97940745130699070     
           9          11  0.97251225886821835     
           3          12   1.3918995048226457     
           7          12   1.3862378763657088     
           1          13  0.97788888317490708     
           1          14  0.97246473209018613     
           2          15  0.96389207657868581     
           4          16  0.96577086844918936     
           5          17  0.97014755813898390     
           6          18  0.96885534704051135     
           8          19  0.95430665939990111     
          12          20  0.96490776998240857     
