           1           2   1.8763429663464923     
           2           3   1.1213717921758772     
           3           4   1.5711244103129500     
           4           5   1.2704491337248793     
           5           6   1.5705235004061651     
           6           7   1.1183105550303782     
           7           8   1.8695498196101785     
           3           9   1.1083169622487690     
           4           9  0.14607003455105577     
           5           9  0.14797716368095629     
           6           9   1.1136278382473519     
           1          10  0.97678934659234962     
           1          11  0.97121251349452131     
           2          12  0.95444007874941006     
           7          13  0.96471322382810809     
           8          14  0.97284541104633582     
           8          15  0.97614808575861711     
