           1           2   1.8952602020049911     
           2           3   1.0893636664469715     
           3           4   1.3474672512022376     
           4           5   1.4540369878022634     
           5           6  0.94570120293920779     
           6           7  0.95093255663719201     
           6           8  0.94473577514188067     
           6           9  0.93961899494142842     
           5          10   1.3456289567802346     
          10          11   1.0871206030801102     
          11          12   1.9046015911222698     
           4          13  0.10371559901859997     
          10          13   1.3385679890085784     
           3          14   1.3629600855743162     
          13          14   1.4892569992168760     
           1          15  0.97659635051881122     
           1          16  0.97154837985044706     
           2          17  0.96148934692924903     
           4          18  0.96074910999258156     
          11          19  0.95827312722865998     
          12          20  0.97363809715505312     
          12          21  0.97674613291683765     
          13          22  0.95775930470036130     
