           1           2   1.9009977707405046     
           2           3   1.0908501778181079     
           3           4   1.3599585965628922     
           4           5   1.4671203272874320     
           5           6   1.4036500451765832     
           6           7   1.0102834016073743     
           7           8  0.95221007818357239     
           8           9   1.8099589564928955     
           8          10   1.1043877780209914     
           9          10  0.16042327203233478     
           6          11   1.3624348886716056     
          11          12   1.0583962133526339     
          12          13   1.9326541833392770     
           3          14   1.3902242535604865     
          11          14   1.3973965634128698     
           1          15  0.97818007251809891     
           1          16  0.97271938351800546     
           2          17  0.96444778348195281     
           4          18  0.96557676361700029     
           5          19  0.96819286727244336     
           7          20  0.94576561469888221     
           7          21  0.95454571471068317     
          10          22  0.87682082120405458     
          12          23  0.95919766616997060     
          13          24  0.97283789982394242     
          13          25  0.97713562219695649     
          14          26  0.96678890170422116     
