           1           2   1.8933454910518739     
           2           3   1.0980023657667930     
           3           4   1.3595863087830702     
           4           5   1.4805863086125788     
           5           6   1.3609926261655503     
           6           7   1.1001466979389829     
           7           8   1.8904654074949696     
           6           9   1.3223659415717575     
           9          10  0.95345646663973727     
           3          11   1.3640045340712317     
           9          11   1.4364356420073459     
           1          12  0.97799062999406805     
           1          13  0.97258797282455478     
           2          14  0.96416793187438599     
           4          15  0.96777472230747097     
           5          16  0.96480370837333140     
           7          17  0.96371554895647760     
           8          18  0.97267704920351272     
           8          19  0.97807877026679113     
          11          20  0.96162631038607638     
