           1           2   1.8662167320430774     
           2           3   1.1159433267592713     
           3           4   1.4125185540049872     
           4           5  0.97694398605841171     
           4           6   1.2699072922351444     
           6           7  0.97694388892761508     
           6           8   1.4125180335495631     
           8           9   1.1159450339745420     
           9          10   1.8662154994700164     
           8          11   1.1919823737981878     
          11          12   1.3975326569400055     
          12          13   1.4290232012117388     
          12          14  0.16100080941117445     
          13          14   1.4290258759336607     
           3          15   1.1919834139629253     
          11          15   1.1690804129045946     
          14          15   1.3975306916488877     
           1          16  0.97715480707560542     
           1          17  0.96567712650302007     
           2          18  0.96198226885003701     
           9          19  0.96198232216007373     
          10          20  0.96567811975941020     
          10          21  0.97715482718124436     
