$coord
    4.47206276051333    1.72522155737570   -1.00772761758111      c
    3.91432194807612   -0.59813098696867   -0.24541227645005      c
    5.64960547333794   -2.35461750042760    0.97866714279925      c
    7.88733105476356   -1.56272086652845    2.10841167725075      c
    9.46813124907540   -3.31548969236879    3.21541274736821      c
   11.65104787195010   -2.51948340535674    4.28289554704751      f
    8.88874314091844   -5.85434764145473    3.26988023774426      c
    6.62236912032632   -6.69091411309546    2.22273978815505      c
    6.03275640032153   -9.39516248688799    2.36891943667050      c
    3.78343177758020  -10.39244249158144    2.86530027975459      c
    5.01924748694332   -4.93867930452981    1.04747006549590      c
    2.86311961702543   -5.66608515976703   -0.13581965377922      o
    3.07645275596488    2.90498555242124   -1.90021799028872      h
    6.32696587479742    2.53659382616692   -0.80213276800426      h
    2.04011095102941   -1.34715452039286   -0.56156416100766      h
    8.39774609508026    0.40759729855741    2.13801609527855      h
   10.16168366112106   -7.17340454818405    4.16122558674335      h
    7.64194730271448  -10.63265209617775    2.11200336859247      h
    2.14078438408053   -9.26444318370751    3.29133356419903      h
    3.52224095883543  -12.40711180615464    2.97063789374360      h
    2.74532571149843   -7.49067449688764   -0.10147884570980      h
$periodic 0
$end
