           1           2   1.8905737680308472     
           2           3   1.0980523784738043     
           3           4   1.3682976032559142     
           4           5   1.4563713089320105     
           5           6   1.3482608324180703     
           6           7   1.3098716832479700     
           3           8   1.3514299957395002     
           7           8   1.4411625666941130     
           7           9   1.0170389532991202     
           9          10   1.0170048027024559     
          10          11   1.4409955384339548     
          11          12   1.3515789223223944     
          12          13   1.0980023144978412     
          13          14   1.8906461637844219     
          12          15   1.3683695028725609     
          15          16   1.4563989058740803     
          10          17   1.3102023853262894     
          16          17   1.3489620245959644     
           6          18   1.1035224612197279     
          17          18   1.1028032060501045     
          18          19  0.99437548692840683     
          19          20  0.98147039571969530     
          20          21   1.0081107571863430     
          21          22   1.0071874724378298     
          22          23   1.0069402990320111     
          23          24   1.0201829883954869     
           1          25  0.97853302292399613     
           1          26  0.97310011554660247     
           2          27  0.96451278282659636     
           4          28  0.96843174876250249     
           5          29  0.96064465639786301     
           8          30  0.96214664559065322     
          11          31  0.96214705021619940     
          13          32  0.96451237124278921     
          14          33  0.97309597937534087     
          14          34  0.97853079318759006     
          15          35  0.96844007168300150     
          16          36  0.96079261724148179     
          19          37  0.96992210559881742     
          19          38  0.96989970127413638     
          20          39  0.97800925976061237     
          20          40  0.97803835679392548     
          21          41  0.97026298673739331     
          21          42  0.97343307004477930     
          22          43  0.97757058629591453     
          22          44  0.97706738866664744     
          23          45  0.97822495480113991     
          23          46  0.97850842244389447     
          24          47  0.98590736706284332     
          24          48  0.98739853611813289     
          24          49  0.98762282437335536     
