           1           2   1.9160835060452257     
           2           3   1.0759898716140588     
           3           4   1.3873400268066967     
           4           5   1.4292922299947723     
           5           6   1.0104217481091198     
           6           7   1.0008568144867636     
           5           8   1.3608181942383435     
           8           9   1.0416676899912474     
           9          10   1.9511065737759996     
           8          11   1.3905431473639518     
           3          12   1.3438751873863946     
          11          12   1.4341656406142080     
          12          13   1.0132425460551708     
          13          14   1.0023908819461864     
           1          15  0.97851228724879424     
           1          16  0.97492110211908400     
           2          17  0.95674476608311920     
           4          18  0.96473696664802744     
           6          19  0.97106318450810158     
           6          20  0.97409524768269684     
           7          21  0.98849467633017918     
           7          22  0.98644496500182366     
           7          23  0.98824085518826132     
           9          24  0.95714725419885527     
          10          25  0.97530806251755653     
          10          26  0.97714570672904943     
          11          27  0.96693589046786654     
          13          28  0.97602777233107652     
          13          29  0.96509984753214328     
          14          30  0.98883662761655522     
          14          31  0.98670738448345663     
          14          32  0.98562038478764202     
