           1           2   1.9162470441276984     
           2           3   1.0777594334962584     
           3           4   1.3944448404981535     
           4           5   1.4218322789085429     
           5           6   1.0285946916543534     
           5           7   1.3560127069049459     
           7           8   1.0612441557528500     
           8           9   1.7586949520593609     
           9          10  0.97851612750941586     
           9          11  0.96683046137545214     
           7          12   1.3731327112946914     
           3          13   1.3334020218858342     
          12          13   1.4458784589219522     
          13          14   1.0260028714381286     
           1          15  0.97816033561565430     
           1          16  0.97441243127315336     
           2          17  0.95933634485266528     
           4          18  0.96436575374321620     
           6          19  0.98139947111854609     
           6          20  0.96366899742064527     
           6          21  0.97876871247072672     
           8          22  0.95066174613537746     
          12          23  0.96639972512802663     
          14          24  0.98463480425370820     
          14          25  0.97404045708370735     
          14          26  0.96842383495097861     
