           1           2   1.9091633866798037     
           2           3   1.0871937246085637     
           3           4   1.4458975335602711     
           4           5   1.2846100298814802     
           5           6  0.95373130275931672     
           6           7  0.99905180310173780     
           6           8  0.98808559168490451     
           6           9  0.98735815172808039     
           4          10  0.14235321367447923     
           5          10   1.2089627137698242     
           3          11   1.2605095667233626     
          10          11   1.4489293588146908     
          11          12   1.0848011170423952     
          12          13   1.9090190390782271     
           1          14  0.97870849191174347     
           1          15  0.97556964446244843     
           2          16  0.96320180358337260     
           4          17  0.96670178677194352     
           7          18  0.98388840535673450     
           7          19  0.98382557633920953     
           7          20  0.98323641462380684     
           8          21  0.98564429399808962     
           8          22  0.98434077460693126     
           8          23  0.98158264771544013     
           9          24  0.98566081302297071     
           9          25  0.98191389501688653     
           9          26  0.98425825911749132     
          12          27  0.96165378940546209     
          13          28  0.97460707598208751     
          13          29  0.97845740442048990     
