$coord
    3.52448085420728    2.73842141619794    0.69187685289017      c
    1.14758139558931    1.33097556456860    0.08151110211140      c
   -1.12606701990147    2.61569194119988   -0.17733682999574      c
   -3.34310412912009    1.35868849599572   -0.74000977027724      c
   -3.28257872204204   -1.23926890879586   -1.04994926677281      c
   -5.63760619106161   -2.36502836516861   -1.61200694965065      o
   -5.79262936622376   -4.79373544374698   -2.08082083576178      c
   -4.38878064450300   -5.58410882312058   -4.05372993248347      f
   -5.11932807738915   -6.29946538067374   -0.13826532323552      f
   -8.17802506711903   -5.37013303095802   -2.62788026121884      f
   -1.04622929070509   -2.56413484332020   -0.80323553889821      c
    1.18055662162136   -1.28968577741488   -0.23582465517294      c
    3.59120868066018   -2.74407772813375    0.02852153882048      c
    3.15480699472353    4.75067320086692    0.86365780472259      h
    4.93359055930553    2.45303246851949   -0.78118258147715      h
    4.32956154134453    2.06593862447152    2.46301270711896      h
   -1.16689738884317    4.64147063118810    0.06444601421879      h
   -5.11152047332514    2.34566553638133   -0.94255216069849      h
   -0.97915211211100   -4.58768896125069   -1.04064761517267      h
    3.27071895840056   -4.75179651453622   -0.25403820017503      h
    4.40046978387187   -2.46473655859942    1.90044489247148      h
    4.97616442371069   -2.09979077749480   -1.35162257235815      h
$periodic 0
$end
