$coord
    1.74622937527182    0.05879407875670    0.09940379383565      c
    4.57161062454768    0.13984320597789    0.09969354254217      c
    5.92839854222338    2.38962871980567    0.09585764776111      c
    4.62207082960467    4.57442505594863    0.09179187814392      f
    8.55247464674837    2.52014862003163    0.09601373951240      c
    9.96088032272066    4.97080852810628    0.09187428259631      c
    9.85101066492133    0.23520013570001    0.10030500903001      c
   12.38581769251833    0.26717785811329    0.10066643333075      f
    8.59421636795498   -2.06872822417151    0.10419182885504      c
    9.89291381082046   -4.24030684111952    0.10824660286714      f
    5.96992795262546   -2.08553261341702    0.10381024439742      c
    4.74188189310690   -4.30323531394286    0.10756572521305      f
    0.96478140310416    1.95527835411717    0.09912040700460      h
    1.07138224891442   -0.95263087430832    1.75955143679579      h
    1.07175032964572   -0.95276816056710   -1.56083709269529      h
    8.65995503585445    6.55664525395192    0.08769248785848      h
   11.17237130873995    5.08305026450740   -1.56770707177802      h
   11.17004784329524    5.08999006154475    1.75267642884148      h
$periodic 0
$end
