           1           2   1.9045429928827149     
           2           3   1.0867443828586503     
           3           4   1.2611342214172370     
           4           5   1.4990709057578999     
           5           6   1.1009377702336485     
           6           7   1.8862634046443416     
           5           8   1.2025625250341438     
           8           9   1.4287454118898633     
           9          10   1.3373668716628335     
          10          11   1.5236119226052620     
           8          12   1.0885871109781706     
          11          12   1.1977242429063617     
           3          13   1.4900196331855668     
          12          13   1.2111442363728586     
           1          14  0.97779570800570181     
           1          15  0.97395869418271885     
           2          16  0.96408412435154067     
           4          17  0.96594248430768137     
           6          18  0.96404614745307515     
           7          19  0.96379316040856744     
           7          20  0.97793888923591399     
          10          21  0.97054639458892400     
          11          22  0.97003908262332317     
          13          23  0.95968131088594899     
