           1           2   1.0245403663656554     
           2           3   1.4274687789821872     
           3           4   1.3919134206139629     
           4           5  0.94235552335921391     
           4           6   1.3919183255634526     
           6           7   1.4274536410791268     
           7           8   1.0245398215668369     
           2           9   1.3299254177859656     
           7           9   1.3299268575166132     
           9          10   1.1482317700925644     
           1          11  0.98420718960440756     
           1          12  0.97312588674355582     
           1          13  0.96992041095181536     
           3          14  0.96575129520084957     
           6          15  0.96575197347626873     
           8          16  0.98420983308423005     
           8          17  0.96993797719621733     
           8          18  0.97312693610952983     
          10          19  0.94990760614579028     
          10          20  0.94986747197703492     
