$coord
    2.58753280476826    0.63637866768675   -1.52629812227511      c
    4.55789732737344    0.27665824946216   -0.03593110389427      c
    5.98379201591155    2.34073924828718    1.10694331658579      c
    7.93931566853119    3.40983972473637    0.15608522556809      n
    8.91338555513242    5.23408430780344    1.56297134725945      n
    7.74661116922722    5.62763425713498    3.64982388744280      c
    8.40951699227779    7.52659757977679    5.53510580774287      c
    9.93099912052434    7.06890831451156    7.46087655668562      c
    5.12711829543252    3.60813480250077    4.06939058586325      s
    1.57484448845780   -0.92432887770470   -2.34679325478500      h
    1.92493379632021    2.50398066609493   -1.99220720406107      h
    5.21954181980538   -1.60292949070105    0.42896453510539      h
    7.55465569716239    9.36508402246134    5.25954316188639      h
   10.78484283688466    5.24205449666730    7.73946773597471      h
   10.39052110241881    8.50987307966218    8.81992043118009      h
$periodic 0
$end
