           1           2   1.8955030201853109     
           2           3   1.0946773594774526     
           3           4   1.3562613758578048     
           4           5   1.4362351159368396     
           5           6   1.0718253877471211     
           6           7   1.9200449839538904     
           5           8   1.2665933142909966     
           8           9   1.2122462361769868     
           8          10   1.3075227251383430     
          10          11  0.95676604173494395     
          11          12  0.92374007268942082     
          11          13  0.93410486396152059     
          11          14  0.95707458485475949     
           3          15   1.3728847703806670     
          10          15   1.4263009184016608     
           1          16  0.97806369782387148     
           1          17  0.97273155161720837     
           2          18  0.96436305395862654     
           4          19  0.96400963136399320     
           6          20  0.95646249476473044     
           7          21  0.97437869266490451     
           7          22  0.97768545430097387     
           9          23  0.94351280382603198     
           9          24  0.94609249229761572     
          15          25  0.96150466611776619     
