           1           2   1.8936528914212292     
           2           3   1.0976419347372068     
           3           4   1.3678860290827990     
           4           5   1.4762677905562571     
           5           6   1.3546073496595592     
           6           7   1.0888975391447224     
           7           8   1.8943979054999760     
           6           9   1.3581444137245693     
           3          10   1.3409249472468661     
           9          10   1.4884498940797946     
           1          11  0.97811570079531185     
           1          12  0.97320566623192195     
           2          13  0.96400709303707532     
           4          14  0.96756301069012662     
           5          15  0.96850937501023615     
           7          16  0.96593819071553644     
           8          17  0.97247104006259288     
           8          18  0.97829963208946280     
          10          19  0.95841746555945517     
