$coord
    4.21595217095218    0.32644351254510    1.82157649092730      c
    4.06719719359175   -0.40303600533514   -0.55880237957619      c
    5.67721428355177    0.62183089547602   -2.59552406619350      c
    8.00661970254635   -0.46617215850362   -3.13382720523111      c
    9.53446231143433    0.47279549807786   -5.05062073745570      c
   12.00105538230757   -0.70950620844401   -5.60768441961150      c
   14.13069356682264   -0.06318676668863   -4.48185996428396      c
    8.71925337369222    2.53849940152949   -6.45336777253617      c
    6.40002885190166    3.62863193031985   -5.91428406996327      c
    5.46879212042144    5.87159471731789   -7.37942490448161      c
    7.07161013582215    6.64493752865431   -9.18077714391253      f
    3.25487875912297    5.40418553560310   -8.54759619854873      f
    5.04927139302839    7.88871123620750   -5.88362990189116      f
    4.87187550631249    2.68516839275664   -4.00194054999657      c
    3.01081380570462   -0.45449902608820    3.26227645404426      h
    5.55127065333259    1.74167482078194    2.42189247531354      h
    2.71200445197882   -1.82352565757369   -1.13932889022829      h
    8.64294791805160   -2.06672577195522   -2.03722952699548      h
   11.97192793880988   -2.17477163159588   -7.03744774428273      h
   14.18712386917859    1.39703312107190   -3.06395395107298      h
   15.90106619490674   -0.95627158894708   -4.93694724746927      h
    9.89141952582342    3.28951322858411   -7.94367816390401      h
    3.07131400475486    3.55966122240877   -3.60748133337734      h
$periodic 0
$end
