           1           2   1.8938908940328834     
           2           3   1.0968479769600259     
           3           4   1.3324425534436297     
           4           5   1.4941520071383980     
           5           6   1.3527214992804864     
           6           7   1.2456043321257249     
           3           8   1.3956757813932346     
           7           8   1.3784328019538785     
           7           9   1.1522513004365906     
           9          10   1.1522568393632038     
          10          11   1.3784173173300962     
          11          12   1.3956912429855319     
          12          13   1.0968250848516565     
          13          14   1.8939193754531856     
          12          15   1.3324475914999758     
          15          16   1.4941451546852706     
           6          17   1.1606908928454009     
          10          17   1.2456081290956926     
          16          17   1.3527253247158417     
           1          18  0.97853392026928254     
           1          19  0.97316800938359982     
           2          20  0.96453758980654580     
           4          21  0.96882532515698883     
           5          22  0.96892311605443449     
           8          23  0.96332660149883642     
           9          24  0.94643035779939810     
          11          25  0.96333357851636769     
          13          26  0.96452912916030409     
          14          27  0.97317460399034950     
          14          28  0.97853625719787807     
          15          29  0.96882821621081605     
          16          30  0.96892207369055983     
