           1           2   1.9057696849948180     
           2           3   1.0865435855526229     
           3           4   1.3851706269937314     
           4           5   1.3925403806272880     
           5           6   1.0947238306426652     
           6           7   1.7279974266858344     
           7           8  0.98461740953200216     
           7           9  0.98384998417136593     
           5          10   1.3594188563812326     
          10          11   1.4278873922810105     
          11          12  0.94899729964324664     
          12          13  0.95244508701452502     
          12          14  0.94141523391592485     
          12          15  0.94317721867063686     
           3          16   1.3731368917010602     
          11          16   1.4138751409564272     
           1          17  0.97676650327006165     
           1          18  0.97124686549686845     
           2          19  0.96291612356395562     
           4          20  0.95993691928775982     
           6          21  0.95299194416997379     
          10          22  0.96447871751858394     
          16          23  0.96549142895336104     
