$coord
    4.68089499490406   -2.13552137658051   -0.19302308408963      c
    4.00495028043880    0.07089109203422    0.78804499885077      c
    5.62483551963240    2.27571591396311    1.13537864285160      c
    8.02259309846927    2.47617094684902    0.06539470416898      c
    9.52401544368668    4.60309712887176    0.42484318897582      c
   12.00567016008520    4.69745709600485   -0.77336749618478      c
   13.57403389957613    6.65403123712191   -0.82859215999472      c
    8.61064071643192    6.58551715744909    1.91614669587293      c
    6.23562982439510    6.38946084165077    2.97014526823428      c
    5.12020430012921    8.27955402020407    4.48815333916637      o
    6.39304796890531   10.31334199502985    5.11648599180979      c
    7.08419954783576   11.78316519059445    3.15508220616955      f
    4.95867233661990   11.74472646615774    6.60330320448774      f
    8.54392380357227    9.85949121765179    6.39993359880214      f
    4.73470287292553    4.27887442979665    2.59328163480597      c
    3.35020153081807   -3.66379525084748   -0.36723388153085      h
    6.56800889819291   -2.52225978873275   -0.84410484982480      h
    2.08410604913864    0.32069907815533    1.44447871201929      h
    8.73435097454457    0.95963130657935   -1.09668439051874      h
   12.55012093538274    2.96554076350117   -1.71951722591352      h
   13.15196682634536    8.44163461866988    0.04425726058813      h
   15.36886778136522    6.53576603357746   -1.77795535791352      h
    9.77589734794835    8.22534217605729    2.21878581185723      h
    2.89131239687903    4.21881416516051    3.45817462891089      h
$periodic 0
$end
