   -0.19660950
    0.31110579
   -0.18754507
   -0.08184354
    0.02159392
   -0.05660218
    0.06861849
   -0.07501182
    0.06479821
   -0.04761968
   -0.02914098
   -0.03782903
   -0.02889335
   -0.04698506
    0.06446280
   -0.04615127
   -0.02763930
   -0.03626414
   -0.02825898
   -0.04610129
   -0.04814783
   -0.02873909
   -0.04468073
    0.07944504
    0.05066801
    0.03149312
    0.03229225
    0.03125934
    0.03258650
    0.03258381
    0.03126804
    0.03372874
    0.03252878
    0.03317812
    0.03242497
    0.03713628
    0.03696552
    0.03592511
