           1           2   1.8868634328250034     
           2           3   1.0982083293125833     
           3           4   1.2301727877698327     
           4           5   1.6415005568760921     
           5           6   1.1818800690992608     
           3           7   1.4530295804208835     
           6           7   1.1389605926084283     
           7           8   1.1285185340802251     
           8           9   1.1389675443582890     
           9          10   1.1818857128913742     
          10          11   1.6414805059634670     
           8          12   1.4530406217086700     
          11          12   1.2301886606905816     
          12          13   1.0981663270127024     
          13          14   1.8869143378293114     
           1          15  0.97842657561462387     
           1          16  0.97456638604961210     
           2          17  0.96076733302075323     
           4          18  0.96130289012373549     
           5          19  0.96971894738892783     
          10          20  0.96971931878409023     
          11          21  0.96130814570622869     
          13          22  0.96075624399393744     
          14          23  0.97457130959254956     
          14          24  0.97842563315955267     
