           1           2   1.8848262366870423     
           2           3   1.1105306197592284     
           3           4   1.5131166048200935     
           4           5   1.2219632844533215     
           5           6  0.86246500701694662     
           6           7  0.84104027786150382     
           7           8   1.0182713844806723     
           7           9   1.0192252086293350     
           6          10  0.84070047864095887     
          10          11   1.0194679583458035     
          10          12   1.0220131069809815     
           6          13  0.84029411310859536     
          13          14   1.0202711195561092     
          13          15   1.0228474624773167     
           4          16  0.10915416797038788     
           5          16   1.2222739773157503     
           3          17   1.1902625417850567     
          16          17   1.5127189120813176     
          17          18   1.1104483211724281     
          18          19   1.8848125941591913     
           1          20  0.97953894546677756     
           1          21  0.97683118834497307     
           2          22  0.96148536687221620     
           4          23  0.96901398011403028     
           7          24  0.97364773853021880     
           8          25  0.98901843246633969     
           8          26  0.98585375868459235     
           8          27  0.98323148526821680     
           9          28  0.98712673402013718     
           9          29  0.98347887856158245     
           9          30  0.98522589068408040     
          10          31  0.96942306277136214     
          11          32  0.98870798299174112     
          11          33  0.98855693384171039     
          11          34  0.98329907250063509     
          12          35  0.98391088456956788     
          12          36  0.98469739580755566     
          12          37  0.98604927879396431     
          13          38  0.97174680423580595     
          14          39  0.98830937813802966     
          14          40  0.98484270842404065     
          14          41  0.98316088769696364     
          15          42  0.99126028984482883     
          15          43  0.98297032326784917     
          15          44  0.98460574097014553     
          16          45  0.96773066771688110     
          18          46  0.96150599146853910     
          19          47  0.97680983902784368     
          19          48  0.97954656454755773     
