$coord
    3.86579404963738    2.31846831596006    1.35756171097689      c
    3.77939006980341   -0.14020193151793    0.87396093494677      c
    5.62726993003055   -2.02819964400040    1.66912701326622      c
    8.02470396796673   -1.38252375266173    2.56219489160524      c
    9.70897093672061   -3.24411941453121    3.28239361001765      c
    9.04145358136929   -5.76349201220085    3.13236335061011      c
    6.65469170920538   -6.47558601187867    2.24837695725032      c
    6.05240936643602   -9.14681363033026    2.12016663085806      c
    3.80193865057755  -10.15216022543103    1.51622578271525      c
    3.20883335890009  -12.80902768874922    1.38185272250286      c
    4.75059191618277  -14.76116038942646    1.71902193521751      c
    7.20150326802224  -14.71296675775950    2.26091997337006      f
    3.99884464951156  -17.15770874048151    1.53903594404343      f
    4.98422940798975   -4.57363423186497    1.51388445703207      c
    2.41092402804368    3.57979347437962    0.70146890316268      h
    5.36225758525523    3.17526820002007    2.43903044629184      h
    2.19379995153753   -0.89172847668421   -0.18252369408460      h
    8.58142084177635    0.57573405667083    2.66197715852249      h
   11.56399072593429   -2.72610400790900    3.95954728850991      h
   10.37089599643593   -7.20590401892852    3.69830266840540      h
    7.60791924474653  -10.38554727938427    2.58670568731579      h
    2.22185938623100   -8.93412102929114    1.08505760299091      h
    1.27877931507450  -13.30793041706561    0.94332429944969      h
    3.13670353398806   -5.06552946164478    0.80159046618919      h
$periodic 0
$end
