           1           2   1.9077526000101976     
           2           3   1.0849660889595367     
           3           4   1.3626985293739611     
           4           5   1.4476408952667261     
           5           6   1.4495568832621049     
           6           7   1.3567287538251320     
           7           8   1.1166084709645492     
           8           9   1.7404405990437442     
           9          10   1.1397598164189109     
          10          11   1.6994287181506373     
          11          12  0.97954274999933111     
          11          13  0.97356317053916219     
           3          14   1.3999741272342132     
           7          14   1.3744193915799099     
           1          15  0.97802208490275522     
           1          16  0.97302188562559500     
           2          17  0.96370354296538929     
           4          18  0.96656045386241751     
           5          19  0.97017578810147287     
           6          20  0.96859803431560232     
           8          21  0.96094185920584974     
           9          22  0.96081589440501813     
          10          23  0.95827642121926870     
          14          24  0.96274811989168352     
