           1           2   1.9013742167392831     
           2           3   1.0904981681697041     
           3           4   1.3606859563460905     
           4           5   1.4625115096734009     
           5           6   1.3903094674964578     
           6           7   1.0181125402950284     
           7           8  0.94355413240548380     
           8           9   1.7868726870141507     
           8          10   1.1350328867157320     
           9          10  0.16325952541410374     
           6          11   1.3508040999748183     
          11          12   1.0635383233829105     
          12          13   1.9291829555669509     
           3          14   1.3890057125318847     
          11          14   1.3993286624884451     
           1          15  0.97790628998701457     
           1          16  0.97260639355316181     
           2          17  0.96424380477206240     
           4          18  0.96557850239272258     
           5          19  0.96693548789337536     
           7          20  0.94150587318472390     
           7          21  0.95744841947078663     
          10          22  0.85038823875339309     
          12          23  0.95848071489593223     
          13          24  0.97134315284723627     
          13          25  0.97648535446663409     
          14          26  0.96632808537369885     
