$coord
    2.02409821913865   -0.18841264588066    0.22610834742876      c
    4.85646561562923   -0.16837380378104    0.11136109806205      c
    6.20934218712095   -2.43195586152592   -0.00528202276337      c
    8.81583168179753   -2.46749653118200   -0.09071049476824      c
    6.12939938172747    2.12342430577888    0.11835074306859      c
    8.74447074817224    2.10777910396946   -0.01195926447025      c
   10.11018558201996   -0.18681297392309   -0.08914420047266      c
   12.74007054698202    0.47846540525367   -0.12904126026517      c
   14.95605660264955   -0.92194076697990   -0.24219795991309      c
   17.23533885097853    0.34592637380549   -0.30222715347382      c
   17.32113711831621    2.97674863820006   -0.27916631452719      c
   15.14209090499281    4.41145131263846   -0.16578694180833      c
   12.84777694742444    3.14753324774425   -0.05864384114849      c
   10.42151797581907    4.10827497502864    0.01156362694741      n
    9.77971195999505    6.67571289674509    0.10262249032641      c
   10.89614030090599    8.25275771502040    1.88760706050389      c
   10.27431819571963   10.78897935896648    1.96030985177022      c
    8.52671026897583   11.76902584262849    0.27730948024419      c
    7.40353168188777   10.20018782100464   -1.49074768996064      c
    8.02839552414135    7.66550767284806   -1.59179499449530      c
    1.30405487113665   -2.10915063298775    0.32945362349940      h
    1.23290882269089    0.71561110053889   -1.44671284336178      h
    1.36163523468497    0.85279976162575    1.87349830055318      h
    5.18088143450523   -4.19596899548823   -0.01107549974712      h
    9.83403721295812   -4.23448109752542   -0.15019304135004      h
    5.09015683292427    3.87608509634619    0.24435388857814      h
   14.88724630594651   -2.96047095602287   -0.29150289748216      h
   18.98098367410360   -0.70802989076839   -0.38670048550588      h
   19.13086016520174    3.91762100703645   -0.35920765116142      h
   15.22746623272595    6.44998921632786   -0.18390834361478      h
   12.22648533377495    7.47319200461696    3.22275857889520      h
   11.14776114051642   12.00325918783649    3.34872104575516      h
    8.04164154245121   13.74954660520967    0.34300937534918      h
    6.04579083050776   10.95878312817636   -2.81274192353535      h
    7.18976819063340    6.44610614829111   -2.99605313103022      h
$periodic 0
$end
