$coord
        5.18333370528270        5.32430405581618        0.05459290686591      c
        4.30962976634551        3.18122049166945        1.01325785469247      c
        1.78166927443333        2.16699461569901        0.56178850836092      c
       -0.27010728435395        3.80171397074356        0.30065254739520      c
       -2.70633048236770        2.91172728354323        0.03394454621739      c
       -3.13109362603755        0.32199307455923        0.06685946878594      c
       -5.74989070601356       -0.74715654118049       -0.15519847611336      c
       -7.54581384206171        1.02212019657267       -0.36383766006770      f
       -5.99805602954863       -2.26747191367203       -2.17987442060776      f
       -6.37309178379655       -2.17058639226939        1.86145547479897      f
       -1.12801884563971       -1.34552124783059        0.31886637006451      c
        1.33617608414695       -0.45210914780799        0.52395612999316      c
        3.36095849532660       -2.32957876076880        0.67771445978507      c
        5.53343303392073       -2.24341451379690       -0.55589042190277      c
        6.28985985619604       -0.47752133830734       -2.16141155611264      f
        7.29438298011637       -4.02579783530519       -0.39566575389571      f
        7.05778929560074        5.98892718297699        0.47646377156583      h
        4.08988102574392        6.46118628193151       -1.23035542709049      h
        5.50403002487336        2.04949871230051        2.22940234211530      h
        0.06037963766026        5.81230190661402        0.35575354011715      h
       -4.26950592280024        4.20482888801330       -0.16508081178388      h
       -1.48228730144699       -3.35523346293330        0.32394348771755      h
        3.01382482580997       -3.99898121315564        1.79896439565289      h
$end
