           1           2   1.9161038115898477     
           2           3   1.0796787803674679     
           3           4   1.3821742535948249     
           4           5   1.4569086787020449     
           5           6   1.3948813867104168     
           6           7  0.95077408625364013     
           7           8  0.95379081605595117     
           7           9  0.94173853677865449     
           7          10  0.94060434292770612     
           4          11  0.10285078337521938     
           6          11   1.4199008159351070     
           3          12   1.3283894463282793     
          11          12   1.3966090550664578     
          12          13   1.0680799366640483     
          13          14   1.7478071421747858     
          14          15  0.98684966267105223     
          14          16  0.98094278553090042     
           1          17  0.97659135416330722     
           1          18  0.97339910540441943     
           2          19  0.95679549536048858     
           4          20  0.96437121419616034     
           5          21  0.96591566562753850     
          11          22  0.96563429544616131     
          13          23  0.94937464673309035     
