           1           2   1.8995118841102545     
           2           3   1.0920033562340021     
           3           4   1.3599503982599070     
           4           5   1.4638065731975767     
           5           6   1.3851141789789427     
           6           7   1.0110941014460784     
           7           8  0.96441922714547546     
           8           9  0.96758016657441714     
           9          10  0.98819113316663243     
          10          11   1.0088787849571166     
          11          12   1.0087730353948003     
          12          13  0.99924473683626625     
           9          14  0.97937714554705102     
          13          14  0.98238658839335080     
           6          15   1.3283137601516606     
          15          16   1.0732786914436623     
          16          17   1.9155302905725755     
           3          18   1.3866715291640854     
          15          18   1.3987443992047153     
           1          19  0.97822570570201361     
           1          20  0.97288074085354803     
           2          21  0.96439844913602890     
           4          22  0.96526741361751867     
           5          23  0.96720101215478727     
           8          24  0.96641605040887035     
           8          25  0.96529749433622891     
           9          26  0.95822583224909386     
          10          27  0.97723875671594729     
          10          28  0.97373765314967975     
          11          29  0.97686381728158977     
          11          30  0.97496890052832164     
          12          31  0.97684135359846891     
          12          32  0.97676098439875725     
          13          33  0.97084817757851782     
          13          34  0.96842502087173632     
          16          35  0.96175777904789350     
          17          36  0.97435748853124593     
          17          37  0.97786316556856923     
          18          38  0.96590554169896681     
