           1           2   1.8993194314988742     
           2           3   1.0921518747671479     
           3           4   1.3749732439271467     
           4           5   1.4196642495357190     
           5           6   1.3837789755938670     
           6           7   1.1016642315642495     
           7           8  0.96899042771153387     
           6           9   1.2487456640641259     
           9          10   1.0924495585277991     
          10          11   1.8985496612876176     
           3          12   1.3558704826968500     
           9          12   1.4348336935664643     
           1          13  0.97815433669489449     
           1          14  0.97363369934860411     
           2          15  0.96423271040161496     
           4          16  0.95959397770778043     
           8          17  0.98127696613317683     
           8          18  0.97666294697400491     
           8          19  0.97664347130629325     
          10          20  0.96235235245651329     
          11          21  0.97311367823803163     
          11          22  0.97805771296064226     
          12          23  0.96261413942284502     
