           1           2   1.8646006071382550     
           2           3   1.1215539902985656     
           3           4   1.4707567737816758     
           4           5   1.3589784954863955     
           3           6  0.11210030521364843     
           5           6   1.4707556620381257     
           6           7   1.1215550370880880     
           7           8   1.8645987303135212     
           3           9   1.1074440488995920     
           6           9   1.1074452109963435     
           1          10  0.97871474968589645     
           1          11  0.97591543036190842     
           2          12  0.96302665204502313     
           4          13  0.97386795420770300     
           5          14  0.97386795504024337     
           7          15  0.96302797070040369     
           8          16  0.97591603994728682     
           8          17  0.97871480106607767     
