           1           2   1.9044037882206823     
           2           3   1.0878573641701978     
           3           4   1.3680627177993903     
           4           5   1.4397298521776376     
           5           6   1.4575988560121291     
           6           7   1.3510277221593630     
           7           8   1.1181634050921492     
           8           9   1.7363260507813765     
           9          10   1.1465433801806297     
           8          11  0.10239747548534076     
          10          11   1.6953400535341112     
          11          12  0.97919718529992206     
          11          13  0.97653950598790973     
           3          14   1.3922900584367457     
           7          14   1.3799558514452939     
           1          15  0.97803824234285275     
           1          16  0.97263607204804581     
           2          17  0.96435326804136945     
           4          18  0.96888390039737404     
           5          19  0.97025847991322500     
           6          20  0.96595548789296914     
           8          21  0.96191175358675929     
           9          22  0.95858065669477732     
          10          23  0.95575297818176563     
          14          24  0.96300605935555394     
