           1           2  0.95719842746207373     
           2           3   1.1178619153202571     
           3           4  0.98074911685538124     
           4           5   1.3368263781316503     
           5           6   1.0509346291931505     
           6           7   1.0911694574910578     
           7           8   1.3598066471262389     
           8           9   1.4269450447880947     
           9          10  0.95012421301102379     
          10          11  0.94271606508716610     
          10          12  0.93903168498231970     
          10          13  0.95256299794595400     
           9          14   1.4064525709761355     
           8          15  0.10219753644756864     
          14          15   1.4204639129782168     
           7          16   1.3498176855653852     
          15          16   1.4666076618374437     
           6          17   1.0649184619462086     
          17          18   1.3557571315089036     
          18          19   1.4767212001428756     
          19          20   1.3598078991104325     
          20          21   1.1039403949139168     
          21          22   1.7204691900694300     
          22          23  0.98126355737912729     
          22          24  0.97381266395641464     
          20          25   1.3556500155477591     
          17          26   1.3518478424971132     
          25          26   1.4798729124420282     
           5          27   1.3763107694070666     
          27          28   1.4547088317745878     
          28          29   1.4216701570264869     
           4          30   1.4005866712858968     
          27          30  0.10403156534531832     
          29          30   1.4453010541971834     
           2          31  0.17155806166117457     
           3          31   1.7442742653870651     
           1          32  0.97604366943474663     
           1          33  0.97626778115745305     
           1          34  0.98150616097836318     
           8          35  0.96449360614318613     
          14          36  0.96748021235305692     
          15          37  0.96887255851479581     
          16          38  0.96617420870404780     
          18          39  0.96677552032223391     
          19          40  0.96631728860050248     
          21          41  0.95454538852541426     
          25          42  0.96788634168159515     
          26          43  0.96643978884208170     
          27          44  0.96678696958402499     
          28          45  0.96946477316379165     
          29          46  0.96913104448565446     
          30          47  0.96667332318270294     
