           1           2   1.9034267145833237     
           2           3   1.0887480739934594     
           3           4   1.3632196033712995     
           4           5   1.4256535370666421     
           5           6   1.0276558278720589     
           5           7   1.3669233312946829     
           7           8  0.95628078735858468     
           7           9   1.3334081740005073     
           9          10   1.0984347277886140     
          10          11   1.7280586240335822     
          11          12  0.97976042808969377     
          11          13  0.97762843785529974     
           3          14   1.3936265322030097     
           9          14   1.3770998420460940     
           1          15  0.97761594696033538     
           1          16  0.97227735157467454     
           2          17  0.96360201086039476     
           4          18  0.96237612874289813     
           6          19  0.98539889632036159     
           6          20  0.96866133860943548     
           6          21  0.96966412608348407     
          10          22  0.95167209261313079     
          14          23  0.96394694572914486     
