$coord
    1.78185200445583   -0.16763893208216    0.24771432769948      c
    4.61187769934704   -0.22363256953931    0.10310564947871      c
    5.90973698059075   -2.54460542300787    0.01439122512908      c
    8.48680504164657   -2.62524264568371   -0.11902693543979      c
    9.92138190781960   -0.38248548919128   -0.17244713851605      c
   12.58059188804416   -0.38009204784188   -0.31179212859969      c
   13.90092848042234    1.83797669688559   -0.36146006979430      c
   12.64783871871080    4.18348040642783   -0.27425737521688      c
   14.12509917721689    6.60165650693021   -0.33105128576947      c
   10.05965767321138    4.21839873820181   -0.13711644112729      c
    8.63563791644788    1.96957801792366   -0.08332225892035      c
    5.97691003166120    1.97932706255042    0.05446163783129      c
    1.00554527084495   -2.06959446122738    0.26727767728178      h
    1.00036371043458    0.84274333494940   -1.36699947036621      h
    1.16895729266130    0.80814375112507    1.95387478009176      h
    4.83364765434537   -4.28073154993559    0.05322139738906      h
    9.46430572447341   -4.41807844481002   -0.18627851007897      h
   13.56202466130295   -2.17075676209189   -0.37962878755480      h
   15.94083149710168    1.81075530840122   -0.46945419740167      h
   16.14263062700889    6.23207501066730   -0.44699593053127      h
   13.75782445413917    7.70761597490473    1.36624763140913      h
   13.57323148390505    7.74227824682188   -1.95377465528379      h
    9.06712602819296    6.00422050010302   -0.06834312135909      h
    5.00949369085630    3.77893411222297    0.12176661638636      h
$periodic 0
$end
