           1           2   1.9279983619527485     
           2           3   1.0628244441101988     
           3           4   1.5071467972131349     
           4           5   1.2806728754631262     
           5           6   1.0745128711808962     
           6           7   1.7414157708223623     
           7           8  0.99514772317893341     
           7           9  0.97433769769257594     
           5          10   1.4304084115300564     
          10          11  0.96485298074450554     
          10          12   1.2507818151807177     
          12          13   1.2810296986716605     
          13          14   1.5508754486060776     
          14          15   1.3276841800796362     
          13          16  0.11691745701469124     
          15          16   1.5443909004633589     
           3          17   1.2242322756949662     
          12          17   1.2503692048614499     
          16          17   1.2960899582264784     
           1          18  0.97685725333779927     
           1          19  0.97432020093003835     
           2          20  0.95803778515790694     
           4          21  0.96685304822837925     
           6          22  0.95230298700507610     
          13          23  0.96696954491250842     
          14          24  0.97031353776580376     
          15          25  0.97057793657041869     
          16          26  0.96368233302750794     
