           1           2   1.8952802177585377     
           2           3   1.0952218300590173     
           3           4   1.3668351595694612     
           4           5   1.4220461562780324     
           5           6   1.0887863216343439     
           6           7   1.9035019500545636     
           5           8   1.2753863882059497     
           8           9   1.0783784891172057     
           9          10  0.96800442469317793     
          10          11  0.99353257954034846     
          11          12   1.4107116648204812     
          12          13   1.4470724575972147     
          11          14  0.10960653550268182     
          13          14   1.4364685387110763     
          12          15  0.11184542065846043     
          14          15   1.4414239179727906     
          11          16   1.4172354274606276     
          13          16  0.11129326248257616     
          15          16   1.4418675867040525     
           8          17   1.3788295039715968     
           3          18   1.3302665266740756     
          17          18   1.4044588290626709     
          18          19  0.95641142247262712     
           1          20  0.97819313663005436     
           1          21  0.97274522766181259     
           2          22  0.96408510483636112     
           4          23  0.95874903266970812     
           6          24  0.96098634562825624     
           7          25  0.97299948006857884     
           7          26  0.97802247731842640     
          10          27  0.96170591898068447     
          10          28  0.95459550375784163     
          12          29  0.96935107813002497     
          13          30  0.97083233672219016     
          14          31  0.97120783038984737     
          15          32  0.97088956449858344     
          16          33  0.96845691637647424     
          17          34  0.95970316617160356     
