           1           2   1.8576459766275888     
           2           3   1.1414658577505610     
           3           4   1.1290993637793532     
           4           5   1.1275812102452274     
           5           6   1.1426874842896340     
           6           7   1.8566104396820524     
           5           8   1.4749469380814837     
           8           9   1.0099229635991303     
           9          10  0.98795844117303366     
          10          11   1.0059701768776201     
          11          12   1.0072022746910836     
          12          13   1.0090033400827938     
          13          14   1.0189054407708704     
           3          15   1.4758412424590086     
           8          15   1.2715419260370864     
          15          16   1.0104958486021935     
          16          17  0.98806962388656727     
          17          18   1.0085756115945979     
          18          19   1.0076601764143329     
          19          20   1.0068984555860399     
          20          21   1.0201221099279945     
           1          22  0.97867330977640876     
           1          23  0.97169855971840824     
           2          24  0.95504301251259438     
           6          25  0.95503754543362895     
           7          26  0.97159879328631182     
           7          27  0.97866832272956739     
           9          28  0.96888081441383100     
           9          29  0.96127970854161671     
          10          30  0.97428111137144269     
          10          31  0.97734075471818349     
          11          32  0.97623642844154368     
          11          33  0.97714221187160022     
          12          34  0.97678640141069395     
          12          35  0.97412797075173096     
          13          36  0.97470098450284826     
          13          37  0.97836460624332977     
          14          38  0.98805469662603518     
          14          39  0.98759233813778668     
          14          40  0.98789067489697535     
          16          41  0.96629854617236255     
          16          42  0.96784146838344576     
          17          43  0.97544892275940043     
          17          44  0.97713402040371156     
          18          45  0.97618530913380330     
          18          46  0.97280859053891067     
          19          47  0.97713216644872392     
          19          48  0.97765079892360540     
          20          49  0.97869487422301604     
          20          50  0.97835707248017711     
          21          51  0.98763872357277527     
          21          52  0.98755795003244673     
          21          53  0.98596965481412491     
