           1           2   1.8562094860471454     
           2           3   1.1372758284738023     
           3           4   1.5001651914513841     
           4           5   1.3063274083600234     
           5           6   1.0110286149009460     
           6           7  0.98757065414605294     
           7           8   1.0096826002532875     
           8           9   1.0189926266788183     
           5          10   1.4658513946126672     
          10          11   1.1440838070506452     
          11          12   1.8563268369363330     
           3          13   1.1391820576126428     
          10          13   1.1327569275635447     
           1          14  0.97810394756328256     
           1          15  0.97543779727491364     
           2          16  0.96447006002383495     
           4          17  0.96201250152592166     
           6          18  0.96770524890935983     
           6          19  0.97386305280904417     
           7          20  0.97655089181875343     
           7          21  0.97664657157548118     
           8          22  0.97830801331833039     
           8          23  0.97665681552517414     
           9          24  0.98788375359087188     
           9          25  0.98742896615694475     
           9          26  0.98799020131692483     
          11          27  0.95545677584387023     
          12          28  0.97174215016684995     
          12          29  0.97860947696289491     
