           1           2   1.8945799174920404     
           2           3   1.0962944237056305     
           3           4   1.3689215886514039     
           4           5   1.4121595936451752     
           5           6   1.0999190773725565     
           6           7   1.8915562771433532     
           5           8   1.2744901540794138     
           8           9   1.0811453418354007     
           9          10  0.96703260147262404     
          10          11  0.99329510689867995     
          11          12   1.4172257201968170     
          12          13   1.4418156568119302     
          11          14  0.10956725205023707     
          13          14   1.4414558335988368     
          12          15  0.11128664559082049     
          14          15   1.4364537411591469     
          11          16   1.4105771185141549     
          13          16  0.11187186187587005     
          15          16   1.4470982323204584     
           8          17   1.3766090141815628     
           3          18   1.3279102628448392     
          17          18   1.4065203935938775     
          18          19  0.95716016400955761     
           1          20  0.97832466838444898     
           1          21  0.97343549400343210     
           2          22  0.96370133728223217     
           4          23  0.96385836927799362     
           6          24  0.96340154521687082     
           7          25  0.96991132933150281     
           7          26  0.97796542291923483     
          10          27  0.96128859715421400     
          10          28  0.95439572170620568     
          12          29  0.96834415604146273     
          13          30  0.97089247874094564     
          14          31  0.97121167761761407     
          15          32  0.97082879655708687     
          16          33  0.96937348328758643     
          17          34  0.95916600542357333     
