           1           2   1.8669517694785154     
           2           3   1.1335216868232560     
           1           4  0.11295828163413496     
           3           4   1.7351526783092610     
           4           5   1.1425525084749248     
           5           6   1.6970363046962218     
           6           7  0.98094868642861099     
           6           8  0.97488333901074142     
           1           9  0.97835784032581019     
           1          10  0.97357432488155582     
           2          11  0.96651930324388668     
           3          12  0.96447641676980700     
           4          13  0.96214731209728832     
           5          14  0.95814753641597883     
