           1           2   1.8954326883584316     
           2           3   1.0951566226148535     
           3           4   1.3316958448315745     
           4           5   1.4866676551679856     
           5           6   1.3652332941259089     
           6           7   1.0975530300463574     
           7           8   1.8827247136036735     
           6           9   1.3025414824134209     
           9          10   1.0009831527388946     
          10          11   1.7266460200971563     
          10          12   1.1126130576120685     
          11          12  0.16854815183977695     
          12          13  0.95995066831789355     
           3          14   1.3824999128952726     
           9          14   1.4199287998107182     
           1          15  0.97770699977654896     
           1          16  0.97252489616569615     
           2          17  0.96392292809440672     
           4          18  0.95958037603615765     
           7          19  0.95839389988545165     
           8          20  0.97159663802027030     
           8          21  0.97780519102329500     
          13          22  0.98176463992806806     
          13          23  0.97656971929558434     
          13          24  0.97634732461119011     
          14          25  0.96059515539399742     
