           1           2   1.9259589100562966     
           2           3   1.0567701745895755     
           3           4   1.4561107851923449     
           4           5   1.3278717198214314     
           5           6   1.1975775778823226     
           6           7   1.6131095292121203     
           6           8  0.12199295498162560     
           7           8   1.2092543814557906     
           5           9   1.2564015510823765     
           8           9   1.1653068731927616     
           9          10   1.2953985998916830     
          10          11   1.0840019500560232     
          11          12   1.9023358775541457     
           3          13   1.2568472952487864     
          10          13   1.3297633965059992     
          13          14   1.1815382895477184     
           1          15  0.97754566341987914     
           1          16  0.97351690425140680     
           2          17  0.95998913227680793     
           4          18  0.96671045281998569     
           7          19  0.96420675727224092     
           8          20  0.93973817002042848     
          11          21  0.95440362219381880     
          12          22  0.97432442187424262     
          12          23  0.97874477944311256     
          14          24  0.94554449014347963     
          14          25  0.94042982228067995     
