           1           2   1.9041938518412951     
           2           3   1.0884727109201615     
           3           4   1.3209324928978303     
           4           5   1.4964240764149330     
           5           6   1.3480398237001556     
           6           7   1.0905674430449910     
           7           8   1.0700743041000205     
           8           9   1.1204406533487556     
           9          10   1.7022198805382109     
          10          11  0.98369576880950449     
          10          12  0.98369980322973039     
           8          13   1.5509305149736097     
           6          14   1.2575612176200524     
          13          14   1.2204084472109051     
           3          15   1.4329919294437301     
           5          15  0.10608641114731399     
          14          15   1.3390970735351422     
           1          16  0.97799827309647658     
           1          17  0.97293590201142599     
           2          18  0.96404715097736116     
           4          19  0.96828386917321896     
           5          20  0.96680662355677549     
           9          21  0.95286878536663933     
          13          22  0.97103094550708846     
          15          23  0.96397958232586844     
