           1           2   1.8970826132124974     
           2           3   1.0939291505564748     
           3           4   1.3683189203878818     
           4           5   1.4545953694606735     
           5           6   1.3687763084124802     
           6           7   1.0796979880994182     
           7           8  0.98183960811751070     
           6           9   1.2860256423346585     
           9          10   1.0702224477185940     
          10          11   1.7511908431081900     
          11          12  0.98820312731233328     
          11          13  0.96786623340077993     
           3          14   1.3697937576895238     
           9          14   1.4234731381375696     
           1          15  0.97820855867232326     
           1          16  0.97285944588882733     
           2          17  0.96446175426297542     
           4          18  0.96835845010203470     
           5          19  0.96473465926478952     
           8          20  0.97886644915312837     
           8          21  0.97602898767310797     
           8          22  0.97606353927245715     
          10          23  0.95199642345332824     
          14          24  0.96310516495894183     
