$coord
    1.59952167771543   -0.71607242920839    0.29622585208012      c
    4.09090714639929   -0.40975776403489    0.42920328862746      c
    5.41723042450166    1.04417837707327    2.32677252580831      c
    8.21259263947223    2.50450036706693    1.46500791655501      s
    8.50103687473198    3.94443126137184    4.39547562206882      c
   10.61205535237749    5.57423628557688    4.91942693472445      c
   12.49005084978408    6.00917254155010    3.30513337464474      c
    6.48716712652370    3.34765659335500    5.95374546574316      c
    6.38314070201779    4.36284495817631    8.60158648721385      c
    8.28895173103864    4.78162432438559    9.77447819352524      o
    4.13774688821282    4.87706255551551    9.57663840644252      o
    4.74366918021170    1.65846054812086    4.77617893870330      c
    2.49902171792682    0.55694220104880    6.03799215162786      c
    1.00935244582311    1.80069250295051    7.24278122082970      o
    2.18492204062799   -1.93673679962521    5.81442917799348      o
    0.75586276707813   -1.78911551933080   -1.20954231312170      h
    0.31819687666598    0.10391441558642    1.64826681118957      h
    5.29197806848211   -1.17109598755354   -1.04134533762101      h
   10.60538708636471    6.42484883276116    6.77473487354112      h
   12.55197491693596    5.14423891191300    1.45948523023830      h
   14.03221642237931    7.24108325646006    3.78580404928284      h
    2.68426158099982    4.18616480992362    8.64276320327507      h
    3.45322904716377   -2.73378241223505    4.76832967421227      h
$periodic 0
$end
