           1           2   1.8957988197921929     
           2           3   1.0955442617863651     
           3           4   1.3680354392601171     
           4           5   1.4703133149471643     
           5           6   1.3769033451826529     
           6           7   1.0556839636500268     
           7           8   1.3769088365054343     
           8           9   1.4703138067143149     
           9          10   1.3680343001729467     
          10          11   1.0955423449707382     
          11          12   1.8958018286816611     
          10          13   1.3651663403082146     
           7          14   1.3724961791306147     
          13          14   1.4754858065546650     
           6          15   1.3725019089100736     
           3          16   1.3651641703565294     
          15          16   1.4754857178905620     
           1          17  0.97842288560952950     
           1          18  0.97287617927547576     
           2          19  0.96457056830169008     
           4          20  0.96818454271592169     
           5          21  0.96815282651149037     
           8          22  0.96815372422804147     
           9          23  0.96818557046038922     
          11          24  0.96456995494152187     
          12          25  0.97287446158402302     
          12          26  0.97842306731221396     
          13          27  0.96546072226615320     
          14          28  0.96813176623990105     
          15          29  0.96813278394651170     
          16          30  0.96546263563693346     
