           1           2   1.9346913941197963     
           2           3   1.0597657814451766     
           3           4   1.3815471871837532     
           4           5   1.4612312277545350     
           5           6   1.3697025118421378     
           6           7  0.91420647878063777     
           7           8   1.0737566920850046     
           8           9  0.91852249863880164     
           8          10  0.94977769049756855     
           8          11  0.91839262437105251     
           4          12  0.10005639917619773     
           6          12   1.4231661057082692     
           3          13   1.3490854251499205     
           5          13  0.10076887957923596     
          12          13   1.3779519950605075     
          13          14   1.0596331010940989     
          14          15   1.9351567982357094     
           1          16  0.97662291219219133     
           1          17  0.97526457027194668     
           2          18  0.95849388143915704     
           4          19  0.96735400979537178     
           5          20  0.96523576335453110     
          12          21  0.96371482686240606     
          14          22  0.95780774470116881     
          15          23  0.97515335221843857     
          15          24  0.97642577550134479     
