           1           2   1.9220910462131893     
           2           3   1.0708493261490544     
           3           4   1.3944705659360579     
           4           5   1.4475192259843803     
           5           6   1.4232688623981939     
           4           7  0.10187747564394421     
           6           7   1.4501720649705721     
           3           8   1.3253205403732207     
           7           8   1.3877294563112521     
           8           9   1.0821310575122485     
           9          10   1.7404652649236820     
          10          11  0.97937603178205801     
          10          12  0.97155001806878338     
           1          13  0.97761863720693731     
           1          14  0.97446523231229121     
           2          15  0.95923626358245739     
           4          16  0.96716869075120271     
           5          17  0.97042227706923090     
           6          18  0.97047999148286090     
           7          19  0.96805375954660011     
           9          20  0.95114805931650104     
