$coord
    4.57920653832120    0.01774158204898    0.02790468781293      c
    1.74741400442815    0.00346267575916   -0.02919592576325      c
    0.37940142562521   -1.86682242226170    1.20582978409285      c
   -2.22931236482709   -1.86173810540156    1.19839228801741      c
   -3.55566645680093    0.02478477351353   -0.07607704408851      c
   -6.19899634530314    0.03105560041488   -0.10476638134825      n
   -7.52511764756792   -2.25373563435514   -0.22219051458198      c
   -9.77958847220403   -2.56922893884367    1.10196715757395      c
  -11.08351310498977   -4.82659039777618    0.97173333337553      c
  -10.18306456322391   -6.83595383901971   -0.45537558732555      c
  -11.57151316225576   -9.30201966468988   -0.57181074014566      c
   -7.92880151444912   -6.51315096531386   -1.76743538191157      c
   -6.61796986015912   -4.26196043241458   -1.66886113042600      c
   -7.51802027527750    2.32113820621265   -0.02120569341744      c
   -9.74243549107819    2.64234213417538   -1.39409110820974      c
  -11.04016725647450    4.90487128772428   -1.29682669175874      c
  -10.16289648644741    6.91409667882538    0.14486408021494      c
  -11.54438243117318    9.38550149968260    0.22601015597943      c
   -7.93840918228902    6.58576450800251    1.50546171793042      c
   -6.63430126397082    4.32940952707464    1.43990331676072      c
   -2.19199439766442    1.90201691700535   -1.32543625275425      c
    0.41589363962145    1.88650647758721   -1.28591650467660      c
    5.31788843083491   -1.88743633141260    0.24871887810180      h
    5.25018105838138    1.14914286665706    1.61523462650381      h
    5.34200518677222    0.83357388748134   -1.69794670074151      h
    1.37204499774604   -3.34693462196998    2.20390635104986      h
   -3.25955016110999   -3.32307181078326    2.18360963124996      h
  -10.50140549979960   -1.03312954623219    2.23623065100155      h
  -12.82759484124261   -5.03157802469509    2.01486724706675      h
  -13.44966314171444   -9.12733036094039    0.24214054094173      h
  -10.54351236501235  -10.74885220185807    0.47490990080734      h
  -11.74925208908548   -9.94379636275286   -2.51858802328100      h
   -7.19916145608092   -8.04843619782697   -2.89993131318386      h
   -4.88079111535894   -4.03909048399260   -2.71758044905372      h
  -10.44561376151945    1.10662010852441   -2.54049894711404      h
  -12.76068825076121    5.11401419384650   -2.37759775450390      h
  -13.40524551522608    9.21571102845096   -0.62774062447833      h
  -10.48887664258190   10.82619108562706   -0.80163370573906      h
  -11.76161662947384   10.03244866106419    2.16706424539171      h
   -7.22725580581735    8.12094193267452    2.64981494378272      h
   -4.92087139236155    4.10241081841919    2.52613063348582      h
   -3.19315105456175    3.36808308175306   -2.33324889178363      h
    1.43891614323040    3.35605169245458   -2.26904005233848      h
$periodic 0
$end
