$coord
    4.53096439995107    2.68413882496997   -0.78744220283091      c
    4.95721822352505    0.33167840491387   -0.03806965076658      c
    5.78183383383222   -0.38916569521869    2.50160209163424      c
    7.44738998722461    1.19036973408334    3.79053922404666      c
    8.32643152157273    0.50810218344457    6.14673743741607      c
   10.06485499807288    1.95808520686162    7.58079836296647      o
   10.59433410481111    4.27823740832445    6.90363276126546      c
    8.56885390690450    5.79051762668720    6.60369467639267      f
   12.02922787270727    5.34601307305965    8.67428845401173      f
   11.90033671852582    4.47846339632398    4.72113757120531      f
    7.56795464064591   -1.73240612154147    7.25704355241871      c
    5.85360344361133   -3.31037579531855    6.04951556990773      c
    5.08441750051771   -5.60951948141308    7.38560138001317      c
    2.77338663209883   -6.58061726396600    7.46774857677680      c
    4.95707370777945   -2.65909431610282    3.62355886556262      c
    3.22960279563838   -4.17361325414251    2.41719717826773      n
    3.97750427125815    3.11184901564248   -2.69759173696586      h
    4.68485457703078    4.26558115401071    0.48408400466207      h
    4.72220978181966   -1.19272520395859   -1.38590629949155      h
    8.06232957132873    2.89884865872108    2.86979790236418      h
    8.29816513763908   -2.21981823079233    9.09490349821249      h
    6.57974922305586   -6.49470859124988    8.46775756754046      h
    1.18652258590338   -5.69770645958814    6.55089156798291      h
    2.37264099775752   -8.25734776392142    8.54922788677052      h
    3.17103653078528   -5.98859066159589    2.99352529604411      h
    3.01174785219316   -3.90249567752035    0.54725451551580      h
$periodic 0
$end
