           1           2   1.8898904841011095     
           2           3   1.1000593280693118     
           3           4   1.3578529506614172     
           4           5   1.4863270201025294     
           5           6   1.3500643495496880     
           6           7   1.1261464017868112     
           7           8   1.7372202033491777     
           8           9   1.1261724171290972     
           9          10   1.3460299009294918     
          10          11   1.4914986240855383     
          11          12   1.3549749230661006     
          12          13   1.1001183498271148     
          13          14   1.8898305626646814     
          12          15   1.3612464781605238     
           9          16   1.3515461231879571     
          15          16   1.4823971689048250     
           6          17   1.3475321712816588     
           3          18   1.3584038457361960     
          17          18   1.4875192651640614     
           1          19  0.97849539187370449     
           1          20  0.97291628948384901     
           2          21  0.96450751363459064     
           4          22  0.96830036335118141     
           5          23  0.96496860938989393     
           7          24  0.95854351488369272     
           8          25  0.95857778765058699     
          10          26  0.96492521683233867     
          11          27  0.96557167196569427     
          13          28  0.96451436886326880     
          14          29  0.97289164123512450     
          14          30  0.97849002241962380     
          15          31  0.96827237685237433     
          16          32  0.96835510909075961     
          17          33  0.96833815293589920     
          18          34  0.96557542021763243     
