   -0.09405381
   -0.02844431
    0.01505372
   -0.07258673
    0.01604581
   -0.03011807
   -0.08900004
   -0.01516773
   -0.05555796
   -0.05269160
   -0.05792510
   -0.05730636
   -0.05121194
   -0.09982941
   -0.01407531
   -0.05796451
   -0.05179949
   -0.05634703
   -0.05729375
   -0.05239676
   -0.10034472
    0.03549092
    0.04634363
    0.03956008
    0.03912395
    0.04518943
    0.03688294
    0.03287333
    0.03933756
    0.02688397
    0.03646454
    0.03957312
    0.02443089
    0.02950662
    0.02596897
    0.02657643
    0.02766724
    0.03358593
    0.03011412
    0.03585907
    0.03840236
    0.03906392
    0.03196478
    0.03119170
    0.02562475
    0.03251514
    0.02756873
    0.02985581
    0.03063310
    0.02729768
    0.03388074
    0.03054958
    0.03303411
