$coord
    5.10012273086983    2.24356705075870   -0.42669302154984      c
    4.45613015507733   -0.10208424942796    0.19000438969154      c
    6.09568790641926   -1.99029867985691    1.34139814248911      c
    8.46985433579628   -1.43012724572981    2.36186265619398      c
    9.95574806408889   -3.28931087064251    3.41632545990041      c
    9.18196748915024   -5.82015972392362    3.48476376481435      c
   10.88606570434472   -7.72742232553455    4.51050188792190      c
   11.27441833629788   -9.98989364808644    3.51224677088855      c
    6.79293569682027   -6.33705406225599    2.52534921548511      c
    5.32508749653938   -9.34228575269736    2.73164198492247      s
    6.21224397698081  -10.90578547328309    4.72180864170547      o
    2.68123062074726   -9.10725817599760    2.32038334809042      o
    6.42240040423096  -10.60074474501798    0.07975073929571      f
    5.27516926319276   -4.49127680748317    1.49456876397285      c
    3.76282536971708    3.51093614295345   -1.28689214654995      h
    6.96760945844327    2.99204042450987   -0.12589295839284      h
    2.55879078404649   -0.75597805108824   -0.20116932471464      h
    9.14594187658933    0.49297662452309    2.34789879289893      h
   11.78273976602715   -2.80655067153276    4.18822376158795      h
   11.97190202828977   -7.12287272171489    6.13523489526689      h
   10.32155912039631  -10.62473403810786    1.83787617539990      h
   12.60149892229996  -11.28842288037709    4.34258006115026      h
    3.43057822762006   -5.04034927804913    0.82367093334004      h
$periodic 0
$end
