           1           2   1.8866987248711293     
           2           3   1.0983630431533848     
           3           4   1.3239370071228591     
           4           5  0.99322333846881750     
           4           6   1.3573627258326300     
           6           7  0.99533859148339421     
           6           8   1.3415138814756049     
           8           9   1.0324495427172196     
           9          10   1.3416191655915308     
          10          11  0.99538779978887981     
          10          12   1.3572672381749664     
          12          13  0.99319564018938222     
          12          14   1.3240745496938875     
          14          15   1.0982771287667343     
          15          16   1.8868343267262704     
          14          17   1.3190130055983869     
          17          18  0.99245442813095741     
           9          19   1.3373949690793199     
          17          19   1.3621276206750483     
          19          20  0.99563919133439138     
           8          21   1.3374891984517030     
          21          22  0.99568484907908095     
           3          23   1.3190907974705293     
          21          23   1.3620575167959048     
          23          24  0.99243579232011137     
           1          25  0.97564628016333876     
           1          26  0.97096369890071776     
           2          27  0.95936619855223482     
          15          28  0.95935605849722272     
          16          29  0.97099344866664727     
          16          30  0.97563223162246171     
