           1           2   1.0188443786945782     
           2           3   1.0089998314836615     
           3           4   1.0067614873116937     
           4           5   1.0064093050431784     
           5           6   1.0092176570245326     
           6           7   1.0067877277033317     
           7           8   1.0063707937317534     
           8           9   1.0067542351082490     
           9          10   1.0091180195310190     
          10          11   1.0052823644466953     
          11          12  0.98985714791236212     
          12          13   1.0070589345925169     
          13          14   1.2299729221365199     
          14          15   1.6213783605863361     
          15          16   1.0366752652245155     
          15          17   1.1408658784148975     
          13          18   1.5890841727169678     
          15          18  0.10907865505144047     
          17          18   1.1367687511434981     
          18          19   1.0339103522705950     
           1          20  0.98757790978701343     
           1          21  0.98754206755408702     
           1          22  0.98793512159307095     
           2          23  0.97210522650191189     
           2          24  0.97860947466288617     
           3          25  0.97696591838669433     
           3          26  0.97522195565127157     
           4          27  0.97781396827077560     
           4          28  0.97767086889795807     
           5          29  0.97348205478083050     
           5          30  0.97696793051756514     
           6          31  0.97695399087587309     
           6          32  0.97130484721800292     
           7          33  0.97762629699910786     
           7          34  0.97695945796650896     
           8          35  0.97718232042719144     
           8          36  0.97786683012749576     
           9          37  0.96833018355386169     
           9          38  0.97712072439902864     
          10          39  0.97657482311868204     
          10          40  0.97405430523313175     
          11          41  0.97809735885871718     
          11          42  0.97789397815738566     
          12          43  0.97325832001033863     
          12          44  0.96800278019274422     
          14          45  0.96398771479307643     
          16          46  0.98073542012314530     
          16          47  0.97116746621935490     
          16          48  0.97194421838597322     
          19          49  0.98367136515163511     
          19          50  0.97318991665600907     
          19          51  0.96809740686357793     
