           1           2   1.8831149596638395     
           2           3   1.1146812760352574     
           3           4   1.2522697663449669     
           4           5   1.6119813049855733     
           5           6   1.1354660470036804     
           3           7   1.4264950430437588     
           5           7  0.11512450309876959     
           6           7   1.1027622093621565     
           7           8   1.1279096300338076     
           8           9   1.8589502268814779     
           1          10  0.97916841004368338     
           1          11  0.97530850048989337     
           2          12  0.96205117373175997     
           4          13  0.97259853144301300     
           5          14  0.96621145913551121     
           8          15  0.96138665479715579     
           9          16  0.97586369047282639     
           9          17  0.97910959146508314     
