           1           2   1.9104774784748775     
           2           3   1.0807473929587326     
           3           4   1.3744407828203455     
           4           5   1.4097569829809951     
           5           6  0.97705126718619739     
           5           7   1.4042728593233698     
           7           8   1.3787808710857741     
           8           9   1.0871722503660504     
           9          10   1.7348685689666734     
          10          11  0.98242529348348462     
          10          12  0.97711573968999099     
           3          13   1.3390899778532159     
           8          13   1.3298453253912148     
          13          14   1.0254253764246337     
          14          15  0.94859511642068672     
          15          16   1.0121855937325011     
           1          17  0.97725784481464506     
           1          18  0.97150053316841589     
           2          19  0.96119192935619246     
           4          20  0.96437028157407889     
           7          21  0.96341417273914132     
           9          22  0.94865489342710707     
          15          23  0.97080240053966416     
          15          24  0.96710199744910808     
          16          25  0.98518731623426115     
          16          26  0.98380353488926431     
          16          27  0.98574200552532565     
