$coord
    3.27516895338809    1.58577064540890    1.65386109929428      c
    3.35663818773493   -0.69356527157005    0.61018639331729      c
    5.30439634839080   -2.60955201620854    0.98010363044447      c
    4.98005619596043   -4.97183487496230   -0.14733662670008      c
    6.80422996671612   -6.80656633195524    0.18672268757697      c
    6.46551024835941   -9.08201891715967   -0.90897885645220      f
    8.96433908030365   -6.40829674270972    1.59495902263457      c
    9.31342627213729   -4.05064582526327    2.72594753890652      c
   11.52205696689330   -3.43025510103451    4.24187592174038      c
   13.49198766391880   -4.87758071874194    4.78510106385636      c
   13.91609741107087   -7.24171857151509    4.07169847366183      f
   15.41482662881058   -4.09615889177628    6.20301296772604      f
    7.47853173758650   -2.18858132391751    2.40242906064202      c
    1.74579105420931    2.86800447603850    1.26212486106430      h
    4.69812724765622    2.26992285803518    2.93480667901058      h
    1.84718854678932   -1.25914397102945   -0.64877785193778      h
    3.32840680491367   -5.38589406277054   -1.26877458865314      h
   10.31755630860813   -7.91543368052548    1.78265454609731      h
   11.58362654696216   -1.55067401996621    5.03631813948138      h
    7.76757983228022   -0.37077336699928    3.27666374901306      h
$periodic 0
$end
