           1           2   1.8546252473417639     
           2           3   1.1384913163129113     
           3           4   1.5150154100441000     
           4           5   1.2905205597224396     
           5           6   1.1207501645557991     
           6           7   1.1092147340883711     
           7           8   1.1384905549748967     
           8           9   1.8546258608678978     
           7          10   1.5150135150844339     
           5          11   1.3410300683684897     
          10          11   1.2905223857029677     
           3          12   1.1092126547229648     
          11          12   1.1207513865273435     
           1          13  0.97761036407620128     
           1          14  0.97520901763929135     
           2          15  0.96346877399612940     
           4          16  0.96084373836554016     
           8          17  0.96346919486022808     
           9          18  0.97520857877020861     
           9          19  0.97761030395496251     
          10          20  0.96084342840251713     
