           1           2  0.97612800113215326     
           2           3  0.98174280055533392     
           2           4   1.7290841471096077     
           4           5   1.0952860153422470     
           5           6   1.3784735861707265     
           6           7   1.3964832960014144     
           7           8   1.0445531797784278     
           8           9   1.1184745002836693     
           9          10   1.2637950395230724     
          10          11   1.3665638241192783     
          11          12   1.4722446925555479     
          12          13   1.3975853856076015     
           9          14   1.3610043091114257     
          11          14  0.10687386983160493     
          13          14   1.4669702489637786     
           8          15   1.1183893640410516     
          10          16   1.1431079324888360     
          15          16   1.2640955665701832     
          16          17   1.3663489526116608     
          17          18   1.4724351180685091     
          18          19   1.3974858772570418     
          15          20   1.3610749823640140     
          17          20  0.10697120025318602     
          19          20   1.4671338305163557     
           7          21   1.3705412058725950     
          21          22   1.4413182647084570     
           5          23   1.3678505751504317     
          22          23   1.4498707321951267     
           4          24  0.95403038992050915     
           6          25  0.96513509210664217     
          11          26  0.96909347794720180     
          12          27  0.97156957598846794     
          13          28  0.97179314248296411     
          14          29  0.96633908759955789     
          17          30  0.96910520744496109     
          18          31  0.97157232444634045     
          19          32  0.97178626101195165     
          20          33  0.96639535654768294     
          21          34  0.96768587913811865     
          22          35  0.96967838934531381     
          23          36  0.96751812328590192     
