           1           2  0.98998766665510873     
           2           3   1.0447185964908530     
           3           4   1.4166633698114433     
           4           5   1.3509796542873183     
           5           6   1.1475081242516825     
           6           7   1.3807498443387749     
           7           8   1.3877593927160352     
           8           9   1.0424631307264229     
           9          10  0.99066574086192627     
           8          11   1.3451381517596444     
           7          12  0.10783915762695859     
          11          12   1.4565808021257036     
           6          13   1.2483467738566836     
          12          13   1.3679323640217640     
          13          14   1.1205492123567851     
          14          15   1.0389916167658193     
          15          16   1.3759179773491628     
          16          17   1.4588469000516302     
          17          18   1.4016708590810740     
          18          19   1.0260219471799437     
          16          20  0.10512806872854098     
          18          20   1.4089666568222472     
          15          21   1.3819289136318031     
          17          21  0.10649486800623269     
          20          21   1.4510394707573109     
           5          22   1.2697817420962176     
          14          22   1.1201160845302074     
           4          23  0.10045014242470579     
          22          23   1.3441846857693205     
           3          24   1.3152761391775623     
          23          24   1.4926397735159884     
           1          25  0.97994483218343198     
           1          26  0.97646966961931037     
           1          27  0.97646184210687159     
           4          28  0.96408967607691332     
           7          29  0.96632983692098817     
          10          30  0.97967393573791139     
          10          31  0.97645995536957986     
          10          32  0.97655592863544050     
          11          33  0.96658729958138667     
          12          34  0.96642144473842995     
          16          35  0.96796873238708725     
          17          36  0.96940267473594477     
          19          37  0.97838663126776637     
          19          38  0.98440134227486564     
          19          39  0.96818575963037345     
          20          40  0.96867496671222075     
          21          41  0.96793165802223913     
          23          42  0.96591619963984821     
          24          43  0.96868275161812978     
