           1           2   1.9026165280083995     
           2           3   1.0927100298574537     
           3           4   1.4706469008580643     
           4           5   1.1667599430274296     
           4           6  0.12735680797717977     
           5           6   1.2342273391939851     
           6           7   1.1358547517934194     
           3           8   1.2429513385554527     
           6           8   1.3690980957227585     
           8           9   1.1043016762772015     
           9          10   1.8887469290917029     
           1          11  0.97851010017515094     
           1          12  0.97258033076350547     
           2          13  0.96117294202651848     
           5          14  0.94236459955974450     
           7          15  0.95254801994146732     
           7          16  0.94117392551102053     
           9          17  0.95872504358487132     
          10          18  0.97347902205458359     
          10          19  0.97916518827368193     
