$coord
    1.91671577819407   -0.14045773683959   -0.14219081387256      c
    4.74481636276313   -0.14142646732109   -0.13599498462530      c
    6.14543493276682    2.07721258728916   -0.13223855497144      c
    8.63781914868269    2.13537177792752   -0.12677468960176      n
    9.93342354965477   -0.00820637294019   -0.12461063215852      c
   12.75266409891157    0.27589774585762   -0.11838808074366      c
    8.73282279272835   -2.36510509061601   -0.12794817095542      c
   10.13740923114219   -4.82673958353212   -0.12564610517398      c
    6.10929122698221   -2.38487772636588   -0.13369896517422      c
    1.18914642020051    1.78069973563356   -0.14307654561711      h
    1.19705369976242   -1.11957390901434    1.51994442849783      h
    1.20435179679528   -1.11833587044512   -1.80819514507943      h
    5.22436481515132    3.90529607380954   -0.13367053650314      h
   13.20936021048272    2.27692825960762   -0.11691320555347      h
   13.57988432967442   -0.59813712795051   -1.78767670802231      h
   13.57257986310448   -0.59891467011557    1.55409663882258      h
   12.16858263075444   -4.55204150214148   -0.12060560591560      h
    9.62827938532039   -5.92696301572478   -1.79021377152745      h
    9.62021737813094   -5.92845799503621    1.53543995106093      h
    5.11762786801027   -4.17411802084613   -0.13642120386596      h
$periodic 0
$end
