   -0.08699156
   -0.02978948
    0.01045882
   -0.03660004
   -0.03544057
   -0.00121233
   -0.00266657
   -0.03916645
    0.01853821
   -0.09755518
   -0.09757357
   -0.00266643
   -0.03916657
    0.01045966
   -0.02978982
   -0.08699302
   -0.03660068
   -0.03544037
   -0.00121254
    0.03480113
    0.03763709
    0.03166711
    0.03376592
    0.02939891
    0.02719616
    0.03984931
    0.03985839
    0.03553500
    0.03985232
    0.03553387
    0.03984369
    0.02719572
    0.03166882
    0.03763922
    0.03480109
    0.03376572
    0.02939903
