           1           2   1.0321032290307508     
           2           3   1.4232977194586081     
           3           4   1.4282652160468001     
           2           5  0.10083076563580190     
           4           5   1.4279897198120350     
           5           6  0.75503678524734352     
           6           7  0.78835847513919644     
           6           8   1.6589081343001257     
           6           9   1.6587511000740136     
           8           9  0.11294531352615929     
           3          10  0.10474576517539852     
           5          10   1.4136790897359599     
           2          11   1.3647767296280922     
           4          11  0.10482473726654518     
          10          11   1.4220049686789464     
          11          12   1.0312597483010468     
           1          13  0.98478811710138836     
           1          14  0.96744433402714347     
           1          15  0.96743555744325693     
           3          16  0.96690501414164465     
           4          17  0.96560325550505033     
           7          18  0.98194056353397197     
           7          19  0.98189451164282515     
           7          20  0.97331794094667334     
          10          21  0.96200627484158241     
          12          22  0.98439512489622261     
          12          23  0.96734912693781483     
          12          24  0.96730502368115645     
