           1           2   1.8602406460331504     
           2           3   1.1395018299336515     
           3           4   1.4983917248696019     
           4           5   1.3062976724549771     
           5           6   1.0239441774474631     
           5           7   1.4666820057921028     
           7           8   1.1453242082918778     
           8           9   1.8486310765281033     
           3          10   1.1413144759986473     
           7          10   1.1295815894146373     
           1          11  0.97838863131177090     
           1          12  0.97217942266490909     
           2          13  0.95879468887510466     
           4          14  0.96390282602891530     
           6          15  0.98411999486287105     
           6          16  0.96947590434464759     
           6          17  0.96966809193939052     
           8          18  0.96327817050508258     
           9          19  0.97238482993836339     
           9          20  0.97807104945923373     
