$coord
    4.51760476419767    0.06019900508657   -0.46752784245713      c
    1.68938971910905    0.03239073536701   -0.33471504975314      c
    0.27701121130182   -1.74024707996747   -1.65698479654777      c
   -2.33135930833962   -1.74226126927624   -1.54847697836306      c
   -3.60122896332620    0.03658372912055   -0.08223951877792      c
   -6.25010875075641    0.04922766114466    0.03796136518890      n
   -7.58592632995351   -2.20669714134929    0.14867458405306      c
   -6.56856381964803   -4.32400076049872    1.35839665807654      c
   -7.90178401251434   -6.55346711342902    1.45941875226514      c
  -10.30165346809155   -6.77361172826489    0.37503421518162      c
  -11.59700883658090   -9.18111141448316    0.56159141880515      c
  -13.88983215364484   -9.79130820953243   -0.24326532812162      c
  -15.56411272344832   -8.33231645974706   -1.41968052492018      f
  -14.88072327152734  -12.09390787838348    0.04462036901001      f
  -11.31112256331119   -4.65221980840454   -0.83287521880475      c
   -9.98119350864204   -2.41947603594805   -0.94683897092169      c
   -7.52780747804294    2.37255884238101    0.05522887744769      c
   -6.68197786912767    4.37172451976290   -1.43277008998614      c
   -7.92802129549939    6.66527109534854   -1.38991982856532      c
  -10.04800439161716    7.03103833841271    0.11304265808854      c
  -11.42919494460772    9.50258784324839    0.13324043289935      c
  -10.88380321922433    5.02567553178378    1.59210261218666      c
   -9.64556885330119    2.73113242025742    1.58053637395422      c
   -2.19539858146673    1.82109121167839    1.25135349794028      c
    0.40817754205703    1.81329571422850    1.11315516742289      c
    5.22510829806114   -1.60755024298344   -1.43569168036020      h
    5.33040865677315    0.12451992577404    1.42165624381575      h
    5.16706186940347    1.72840028171491   -1.48666146168021      h
    1.22783585630324   -3.13543582261123   -2.80560232659145      h
   -3.40105610382337   -3.12239201552244   -2.60585590898263      h
   -4.72880718845850   -4.19320073902367    2.23136880065557      h
   -7.08523505253360   -8.16158664356400    2.41572701510718      h
  -10.57876313083429  -10.69324804689535    1.48354906129310      h
  -13.14480637017748   -4.74747393019777   -1.71316087944147      h
  -10.78501802502018   -0.81002241725382   -1.90973374632753      h
   -5.04278794150557    4.11597094939212   -2.62199053811398      h
   -7.24425303315543    8.19387819638597   -2.55863207274800      h
  -10.29950320472795   10.98422096831524   -0.73195010106562      h
  -11.89560665814719   10.05899612145827    2.05773218016589      h
  -13.19353312311257    9.33765974153260   -0.91827932815704      h
  -12.52154025738495    5.27394626404139    2.78634470104045      h
  -10.30601018022208    1.20169786436913    2.76008986884938      h
   -3.16101886414094    3.20763325986280    2.39657342263056      h
    1.47226451621309    3.20578612067772    2.16148378180711      h
$periodic 0
$end
