$coord
    2.29613382016177   -2.18651268891510   -2.16283683308307      c
    3.07534913620057    0.12523154204391   -1.55185053450254      c
    4.97638840326584    1.53297154904675   -2.87812082246596      c
    5.84187042121454    3.91343211369239   -2.30958829077751      c
    7.70843442649965    4.78930906827108   -3.96355668315304      c
    8.30328860586854    3.08531270095038   -5.83221095269905      c
   10.09773965537711    3.35389175380297   -7.81789978121352      c
   10.71422907854043    1.64701856184679   -9.67901529723917      c
   12.56781758793677    2.52855660030984  -11.34279517933868      c
   13.40661577025771    4.92349973487629  -10.79126425782076      c
   15.26835544876790    6.45974209015901  -12.03525590634534      c
   16.57048793134694    5.79525670246664  -14.08226099469801      c
   11.85835486456585    6.10953260050922   -8.14211625873051      s
    6.51430429962270    0.34176278713905   -5.53088144173296      s
    0.85827561841942   -3.14653378368326   -1.09555925446342      h
    3.07957005733803   -3.18200837649092   -3.75629654180917      h
    2.26728673128368    1.09821063846538    0.05625647937180      h
    5.13963176492521    4.99074355157822   -0.73489829394519      h
    8.60702903387210    6.60694722033351   -3.81596512915896      h
    9.83621000710687   -0.18189323466386   -9.81267599817692      h
   13.27212053250803    1.43740634978204  -12.90456083969507      h
   15.58177032236924    8.29260412044692  -11.18365581080066      h
   16.31627312269449    3.99439791757625  -14.99179478469508      h
   17.94059357807556    7.04602143518965  -14.91221832947021      h
$periodic 0
$end
