           1           2   1.8560699471054061     
           2           3   1.1374626062560180     
           3           4   1.5000516415678988     
           4           5   1.3073924130858681     
           5           6   1.0102731390189066     
           6           7  0.98781245734654821     
           7           8   1.0063508941345805     
           8           9   1.0067501069221576     
           9          10   1.0069581769907296     
          10          11   1.0090366730187708     
          11          12   1.0060445848751480     
          12          13   1.0084580945280890     
          13          14   1.0070742676386359     
          14          15   1.0200200125417374     
           5          16   1.4648396474421399     
          16          17   1.1436723762723471     
          17          18   1.8567322695380111     
           3          19   1.1395113909868846     
          16          19   1.1324019531089546     
           1          20  0.97812507565040741     
           1          21  0.97546379290054031     
           2          22  0.96448850259712893     
           4          23  0.96220938532253486     
           6          24  0.96565410064274637     
           6          25  0.97392023464946953     
           7          26  0.97785524933298273     
           7          27  0.97376915614800263     
           8          28  0.97738605168786297     
           8          29  0.97536408896729121     
           9          30  0.97656941857393975     
           9          31  0.97730962420499889     
          10          32  0.96872027361280599     
          10          33  0.97681211779575539     
          11          34  0.97730395362923539     
          11          35  0.97475697850907173     
          12          36  0.97662997921664618     
          12          37  0.97679740506945534     
          13          38  0.97687928928424195     
          13          39  0.97567064366505973     
          14          40  0.97812003580072071     
          14          41  0.97866239773518471     
          15          42  0.98683120119895740     
          15          43  0.98768673443549782     
          15          44  0.98774295997144268     
          17          45  0.95047693039185943     
          18          46  0.97206102003762129     
          18          47  0.97821382924896516     
