           1           2   1.9072939706079581     
           2           3   1.0841754335411180     
           3           4   1.3764724314319967     
           4           5   1.3826188164338433     
           5           6   1.0875121195252393     
           6           7   1.9037550338051195     
           5           8   1.3809738783189416     
           8           9   1.3581572587559674     
           9          10   1.1144518069220370     
          10          11  0.99788518651764402     
          11          12  0.99079006618255350     
          12          13  0.97101585091028109     
          13          14  0.97059166194776925     
          10          15   1.0057319010491987     
          14          15  0.99142270195133420     
          13          16  0.95231630164523540     
          16          17  0.98444012255686519     
          17          18  0.99055543874014129     
          13          19  0.95103600672325261     
          18          19  0.98357080370602590     
           3          20   1.3920087270710026     
           9          20   1.3538141774116839     
           1          21  0.97835505770943099     
           1          22  0.97321785851395204     
           2          23  0.96429746054410814     
           4          24  0.96404106232582709     
           6          25  0.96449494158055549     
           7          26  0.97294713932527743     
           7          27  0.97846252748180518     
           8          28  0.96155292914557400     
          11          29  0.96903730533527077     
          11          30  0.96582057868306737     
          12          31  0.97420281690509924     
          12          32  0.97473738496641960     
          14          33  0.97453710704568153     
          14          34  0.97189318862221341     
          15          35  0.96747295004416189     
          15          36  0.96807610953270529     
          17          37  0.96988616131536165     
          17          38  0.97221781092153758     
          18          39  0.97209366027503163     
          18          40  0.96998246228688834     
          20          41  0.95843362332085846     
