           1           2   1.8921325115277396     
           2           3   1.0969905484066211     
           3           4   1.3942798107797152     
           4           5   1.3912392928590118     
           5           6   1.0398166945256242     
           6           7   1.6952109330001228     
           6           8   1.1188150905084693     
           7           8  0.14805334577020335     
           5           9   1.2581542521835789     
           9          10   1.2857721104800222     
           9          11   1.2480602073997678     
          11          12   1.0617239676539327     
          12          13   1.9305737484530314     
           3          14   1.2871084571764253     
          11          14   1.4119019836660522     
          14          15  0.96758532536572628     
           1          16  0.97812524756502672     
           1          17  0.97353575472511056     
           2          18  0.96332806123358106     
           4          19  0.95346002270332819     
           8          20  0.86219391574780591     
          10          21  0.89863934776427690     
          10          22  0.94099819153126130     
          12          23  0.95459109211391391     
          13          24  0.97525818394097974     
          13          25  0.97720696462804157     
