           1           2   1.8644184083791444     
           2           3   1.1209930609076908     
           3           4   1.4758541092979307     
           4           5   1.3507716720487284     
           3           6  0.10873849621896152     
           5           6   1.4758555951581571     
           6           7   1.1209953383550806     
           7           8   1.8644135808866948     
           3           9   1.1093356251494120     
           6           9   1.1093317675498757     
           1          10  0.97904481219920958     
           1          11  0.97578360127839325     
           2          12  0.96459568121352679     
           4          13  0.97489730109603912     
           5          14  0.97489728127299202     
           7          15  0.96459725173324595     
           8          16  0.97578441352317724     
           8          17  0.97904550216544883     
