$coord
    4.72943685814839   -2.72709553645656    0.01757844637435      c
    2.29034777901795   -1.28752395314475    0.01572475238785      c
    0.00050805723357   -2.55602015444468    0.01319659983079      c
   -2.30988522355998   -1.31006586297687    0.01310188762371      c
   -4.70976273079765   -2.82519082974916    0.00809086540419      c
   -2.31990270970271    1.32408126045470    0.01735663020641      c
   -4.70726765374043    2.86102270436982    0.02144868840556      c
   -0.02298184118380    2.59596268488390    0.01832378913658      c
    2.27888408108426    1.35202163946785    0.01673312025172      c
    4.70415306159692    2.81481393283668    0.01574490896870      c
    4.38091277572412   -4.75156585595393    0.01729675198449      h
    5.84833818584636   -2.25560248500572    1.68132683438155      h
    5.85159375498436   -2.25557102095760   -1.64392782532163      h
    0.01235955003401   -4.60088084124856    0.01121936531210      h
   -4.28501944866378   -4.83536579908636    0.00274315181127      h
   -5.84039167649862   -2.40095467889540   -1.65986998877110      h
   -5.84232452035346   -2.41020581375093    1.67703829952497      h
   -6.38554066374005    1.68497699594074    0.02047961002436      h
   -4.76356297390185    4.07838290210449   -1.63858310016172      h
   -4.76119156763849    4.07200706680488    1.68627099314526      h
   -0.04358147694103    4.64086647107414    0.02027260433605      h
    4.33538001488641    4.83568733052211    0.01569690861016      h
    5.82835620456778    2.35411463924582   -1.64741718329278      h
    5.83016380334072    2.35440510438241    1.67772113449518      h
$periodic 0
$end
