$coord
   -5.35118722026473    0.01237497133351   -0.06501350610024      c
   -2.53035042618920    0.10241856165763   -0.05632145982901      c
   -1.21265254483735    2.37577663360768   -0.03897829036837      c
    1.41351639937500    2.32791010835933   -0.03303105562875      c
    2.83847109786940    4.79187217998720   -0.01440382469695      c
    1.31294485479954    6.81267755611777   -0.00449211138468      f
    4.34064678187572    5.03866773081420    2.02466636824709      f
    4.34874095272363    5.06478607455056   -2.04420557957733      f
    2.68841700858021    0.02101723228499   -0.04430807274321      c
    5.49806138483515   -0.26834487943462   -0.04040362862928      c
    1.15609220563638   -2.12855114821351   -0.06041857074639      c
   -1.32619228673561   -2.09969617697451   -0.06627382942838      n
   -6.15432094134640    1.90043883699628   -0.05361523314530      h
   -6.01419116462023   -1.02440087170998    1.58221794530282      h
   -6.00447035472628   -1.00002874412798   -1.73121716318394      h
   -2.21096012925813    4.15277890351852   -0.03033541558362      h
    6.48371495200687    1.52829103966624   -0.02896143901169      h
    6.08615988593473   -1.32290855792373   -1.70769189939041      h
    6.07992420201106   -1.34069681165086    1.61769832047581      h
    2.01399588208625   -3.98562110779770   -0.06906433393217      h
$periodic 0
$end
