           1           2   1.0288811717527195     
           2           3   1.3929977323718108     
           3           4   1.4185268855759903     
           4           5  0.94548070265677320     
           5           6  0.95193353878609410     
           5           7  0.94108733874079276     
           5           8  0.94105463234062858     
           2           9  0.10843266770931542     
           4           9   1.3925697681978211     
           9          10   1.0320479000137333     
           3          11  0.11642018910770330     
           9          11   1.3689967663944274     
           2          12   1.3938663557431803     
          11          12   1.4728686246191374     
           1          13  0.98523017830423509     
           1          14  0.96437271954978243     
           1          15  0.96430837038984119     
           3          16  0.96453386191149770     
          10          17  0.98293797747526990     
          10          18  0.96645991007483434     
          10          19  0.96643524035552564     
          11          20  0.96039066249528193     
