           1           2  0.96354465752075891     
           2           3   1.0923063544005427     
           2           4  0.16262121102544475     
           3           4   1.7181388470793917     
           3           5   1.0406192975059698     
           5           6   1.2270514634511867     
           6           7   1.6165678885800943     
           7           8   1.0297229478701238     
           7           9   1.0851290326624210     
           5          10   1.4904861575589130     
           7          10  0.11701304775722049     
           9          10   1.1466761090141875     
          10          11   1.0351016649107228     
           1          12  0.98228119606526054     
           1          13  0.97705908593158908     
           1          14  0.97687983760535635     
           6          15  0.97242755923239776     
           8          16  0.98314186964512462     
           8          17  0.96837888291929963     
           8          18  0.97020840346579984     
          11          19  0.98147529973715442     
          11          20  0.96473992226222249     
          11          21  0.96296012314049628     
