           1           2   1.8967560087799602     
           2           3   1.0941512296808735     
           3           4   1.3603399240354792     
           4           5   1.4738105799224752     
           5           6   1.3731488381850592     
           6           7   1.0782030732272478     
           7           8   1.9167770363031500     
           6           9   1.3329022407362110     
           9          10  0.97423404391529111     
          10          11   1.7889873701542509     
          10          12   1.0993504966991821     
          11          12  0.16249476646706201     
           3          13   1.3721178887509184     
           9          13   1.4257984745208687     
           1          14  0.97776095100968252     
           1          15  0.97244048427300211     
           2          16  0.96396987166017611     
           4          17  0.96751720581869216     
           5          18  0.96781589627752140     
           7          19  0.95822149179949045     
           8          20  0.97229828575342381     
           8          21  0.97633168243784052     
          12          22  0.87521271647004673     
          13          23  0.96139291231922619     
