           1           2   1.8567122666638072     
           2           3   1.1361388057358142     
           3           4   1.4961983940309549     
           4           5   1.3051633974762868     
           5           6   1.0116862890810878     
           6           7  0.98929629656464757     
           7           8   1.0080100899885587     
           8           9   1.0069767435381358     
           9          10   1.0081504896881577     
          10          11   1.0062312958216384     
          11          12   1.0083294238133025     
          12          13   1.0069638409012063     
          13          14   1.0076966927340274     
          14          15   1.0203881191192055     
           5          16   1.4645095160265129     
          16          17   1.1395417743472642     
          17          18   1.8523615470509329     
           3          19   1.1434929028007661     
          16          19   1.1314160974250902     
           1          20  0.97814226171858420     
           1          21  0.97549673764989597     
           2          22  0.96342482843949773     
           4          23  0.96022138699275739     
           6          24  0.97388908112703876     
           6          25  0.96121725983735196     
           7          26  0.97754920915145016     
           7          27  0.97253447941547577     
           8          28  0.97736349496139829     
           8          29  0.97667667639434863     
           9          30  0.96879542201331481     
           9          31  0.97688867785570277     
          10          32  0.97818566115713956     
          10          33  0.97151914985681087     
          11          34  0.97341503377500205     
          11          35  0.97760542569505970     
          12          36  0.97754426981805931     
          12          37  0.97409981406266011     
          13          38  0.97749110540301054     
          13          39  0.97711108212709696     
          14          40  0.97469045822965161     
          14          41  0.97873432800395321     
          15          42  0.98158038940978243     
          15          43  0.98719193203783262     
          15          44  0.98745879346402732     
          17          45  0.96284934771222075     
          18          46  0.97141649753809978     
          18          47  0.97781900528929377     
