           1           2   1.8939078098383828     
           2           3   1.0967396261068905     
           3           4   1.3636094630881874     
           4           5   1.4760696032438849     
           5           6   1.3610839344901424     
           6           7   1.0875644504846718     
           7           8   1.9022840747980820     
           6           9   1.3447227320201682     
           9          10  0.71322862763216022     
           9          11  0.10684625436917626     
          10          11   1.6021415649978636     
           9          12  0.10657859358805004     
          10          12   1.6089919301558493     
          11          12  0.11981262679830491     
          10          13  0.80695658577848928     
           3          14   1.3531944383021286     
           9          14   1.4660872868782899     
           1          15  0.97680957360097576     
           1          16  0.97124509214610566     
           2          17  0.96300764597139066     
           4          18  0.96613142454413892     
           5          19  0.96363821558250817     
           7          20  0.94953486209673965     
           8          21  0.97157911116319673     
           8          22  0.97581623261229777     
          14          23  0.95589965549836953     
