           1           2   1.9080813603660238     
           2           3   1.0754647705238609     
           3           4   1.3835239024580877     
           4           5   1.4190835611904400     
           5           6  0.97690894324226041     
           6           7   1.7793283508676769     
           6           8   1.1121787004615675     
           7           8  0.16303530160107310     
           5           9   1.3289887010599546     
           9          10   1.0755101340540245     
          10          11   1.9081085568245451     
           9          12   1.3835651798616861     
           3          13   1.3290224924256633     
          12          13   1.4190037593915257     
          13          14  0.97700017333567979     
          14          15   1.7792122029408204     
          14          16   1.1122514636056433     
          15          16  0.16302190491978016     
           1          17  0.97569262969017834     
           1          18  0.97126597952535620     
           2          19  0.95918800069417476     
           4          20  0.96267398550111072     
           8          21  0.86923614997160348     
          10          22  0.95919142501914367     
          11          23  0.97123671315898030     
          11          24  0.97569014545998867     
          12          25  0.96265261387064349     
          16          26  0.86914525392134001     
