           1           2   1.9037681679342768     
           2           3   1.0814330468568392     
           3           4   1.3479604650103301     
           4           5   1.4632608874495934     
           5           6   1.3999904462236437     
           6           7  0.97307785690991422     
           7           8   1.2310265671780301     
           7           9   1.6944753831730914     
           8           9  0.19756927384697676     
           6          10   1.3231522400167370     
          10          11   1.0653712576522305     
          11          12   1.9188340515025966     
           3          13   1.3867414638207649     
          10          13   1.4048398319808939     
           1          14  0.97725608402149466     
           1          15  0.97229122220364528     
           2          16  0.96264729738597488     
           4          17  0.96472842895683597     
           5          18  0.96648600711514365     
           8          19  0.94869884941596450     
           8          20  0.94150986431626116     
          11          21  0.95910667796006854     
          12          22  0.97118647850126438     
          12          23  0.97634769471393490     
