           1           2  0.97352640203447605     
           2           3   1.0157219554319747     
           3           4   1.2757128638066684     
           4           5   1.5369463015871228     
           5           6   1.0312255150192975     
           5           7   1.2262786360845759     
           7           8   1.2990048327465893     
           8           9   1.5440277290451736     
           9          10   1.3129011933229058     
           8          11  0.10513935336219542     
          10          11   1.5483186026386022     
           7          12   1.2398763603232756     
          11          12   1.2915207423317896     
           3          13   1.4668527601091346     
           5          13  0.10440524508813613     
          12          13   1.2495644989000800     
          13          14   1.0240756698454772     
           1          15  0.97871826353247771     
           1          16  0.97702413850104697     
           1          17  0.98305697684401894     
           4          18  0.96480582613029442     
           6          19  0.98541095165375137     
           6          20  0.96851770822410821     
           6          21  0.96558429260936562     
           9          22  0.96315865878368745     
          10          23  0.97054045833070068     
          11          24  0.96469051669405226     
          14          25  0.97533088793055356     
          14          26  0.96919037733952518     
          14          27  0.97953447355798140     
