           1           2   1.8530797499646818     
           2           3   1.1361564575385921     
           3           4   1.5041854070451115     
           4           5   1.3015038696039016     
           5           6   1.0121127239403844     
           6           7  0.98539997062582674     
           7           8   1.0092918274907230     
           8           9   1.0064356956043201     
           9          10   1.0067925447272534     
          10          11   1.0092196942861469     
          11          12   1.0057431545695352     
          12          13   1.0078433022998021     
          13          14   1.0076822349484347     
          14          15   1.0064192875624556     
          15          16   1.0088254436526380     
          16          17   1.0189312574487455     
           5          18   1.4681532234341628     
          18          19   1.1413152194554581     
          19          20   1.8575246861847829     
           3          21   1.1374724209714784     
          18          21   1.1300610983194559     
           1          22  0.97700269459723854     
           1          23  0.97530698556142170     
           2          24  0.96452016882639424     
           4          25  0.96222272322115354     
           6          26  0.96933275683587361     
           6          27  0.97139232215127114     
           7          28  0.97154615418842627     
           7          29  0.97760699338307600     
           8          30  0.97863058564592065     
           8          31  0.96853787280655457     
           9          32  0.97790664744543510     
           9          33  0.97759301539536925     
          10          34  0.97063235254765901     
          10          35  0.97658514879132186     
          11          36  0.97738157653126478     
          11          37  0.97292260506356643     
          12          38  0.97736185375327311     
          12          39  0.97715807871341009     
          13          40  0.97502043264483007     
          13          41  0.97365321368799695     
          14          42  0.97772683411031480     
          14          43  0.97695871321088523     
          15          44  0.97710905206733700     
          15          45  0.97260630909469847     
          16          46  0.97691198669805279     
          16          47  0.97844254275780773     
          17          48  0.98767328258419851     
          17          49  0.98772620038912318     
          17          50  0.98793796453705829     
          19          51  0.95404653848476206     
          20          52  0.97151077049717438     
          20          53  0.97855153478692092     
