$coord
    1.99247704752150   -0.52468998743812   -0.45313241484911      c
    4.23973396948545    0.49864179960520   -0.00674158090679      c
    5.65364829835306    0.37711272809183    2.35172138083276      c
    7.90580475603429    1.73875211975874    2.59438349481090      c
    9.26738320110355    1.70317784900813    4.80915524468584      c
    8.54510056767399    0.23421646016662    6.88798485870920      c
   10.09394301135589    0.43023617309657    9.17093094859038      c
   10.75396246028505   -1.38989382108148   10.76152677955176      c
    6.30115881616357   -1.14043429256613    6.61859982047242      c
    5.23724427486981   -2.68281206512215    8.60832061270448      n
    6.49652701800891   -4.39331873723049    9.45652678016879      o
    3.08712795119806   -2.20238428704194    9.23208737793538      o
    4.86633143712293   -1.02914603429427    4.42825639451381      c
    1.08955466671722   -0.33243158580538   -2.26499282615533      h
    0.95876860192612   -1.57800549893534    0.94544942559642      h
    5.16768112779201    1.55297157027887   -1.49463662433531      h
    8.56493861144516    2.86739745612960    1.02618318475689      h
   10.97046513417358    2.81792217126167    4.96123029542174      h
   10.85030154967561    2.31281063345139    9.45615630045540      h
   10.16230965241681   -3.32105098998487   10.54623620167575      h
   11.94634175328119   -0.98032233127990   12.35921771790829      h
    3.12334389029875   -2.08488698761013    4.36549608603309      h
$periodic 0
$end
