   -0.08772920
   -0.02930457
    0.01024483
   -0.04959892
    0.01626274
   -0.03181130
   -0.08686427
   -0.06205461
    0.13852977
   -0.28469682
    0.08619853
   -0.06511378
   -0.05613355
   -0.06176049
   -0.05498736
   -0.10395395
    0.36049131
   -0.37011208
   -0.37310076
   -0.07361374
    0.03441079
    0.03871140
    0.03075378
    0.04100862
    0.05633912
    0.03558226
    0.03582992
    0.06286125
    0.02516751
    0.02783055
    0.05626981
    0.03749881
    0.03210046
    0.03126028
    0.05007147
    0.04671873
    0.02497811
    0.04216452
    0.05209765
    0.06869908
    0.32142822
    0.02732592
