           1           2  0.99574965090405287     
           2           3  0.99544208679740021     
           2           4  0.89194372270929489     
           4           5   1.1212534228905071     
           5           6   1.0807795098018214     
           6           7   1.1206154518570441     
           7           8   1.6796631157899347     
           6           9   1.0919697910286446     
           8          10   1.1791822202093649     
           9          10   1.2735445191489636     
          10          11   1.3491201693858184     
          11          12   1.4592542564307109     
          12          13   1.0241799447462880     
          12          14   1.3635451596232668     
           9          15   1.3669846627199298     
          11          15  0.10644612627444801     
          14          15   1.4760090037884734     
           4          16  0.15325232316200144     
           5          16   1.6595925272050687     
           6          16  0.10691623242450568     
           2          17  0.99544524049186223     
           1          18  0.98495702260466600     
           1          19  0.97918586351753745     
           1          20  0.98340097966429807     
           3          21  0.98422643129748444     
           3          22  0.98382326265573705     
           3          23  0.98412674134082889     
           7          24  0.96585780704155677     
           8          25  0.97182831018727855     
          11          26  0.96713559512570246     
          13          27  0.98602766901169270     
          13          28  0.97443104257807955     
          13          29  0.97283358500687656     
          14          30  0.97033326645489104     
          15          31  0.96362057130421708     
          17          32  0.98349490890754787     
          17          33  0.98011220067592886     
          17          34  0.98501988868511359     
