           1           2   1.8763266923511819     
           2           3   1.1085304992285467     
           3           4   1.4364920407570565     
           4           5   1.3705549617847330     
           5           6   1.4540550416307871     
           6           7   1.1075243018588476     
           7           8   1.8695935109857718     
           6           9   1.1767646010430297     
           9          10   1.3873671653607398     
          10          11   1.4388882980252700     
          10          12  0.16989611299742066     
          11          12   1.4384260702145266     
           3          13   1.2058123834559191     
           9          13   1.1772740524095209     
          12          13   1.3789440411313483     
           1          14  0.97773283078743312     
           1          15  0.97321245725313654     
           2          16  0.96303941621559475     
           4          17  0.95759189140839984     
           7          18  0.96168686723986507     
           8          19  0.96637793966703078     
           8          20  0.97729739572036156     
