           1           2   1.0103124186780508     
           2           3   1.1973803078430563     
           3           4   1.5973328711509809     
           2           5   1.1637847192564608     
           4           6   1.2317679641208967     
           5           6   1.2450286615690835     
           6           7   1.3247957428945363     
           7           8   1.4848149705503955     
           8           9   1.0220478851715866     
           8          10   1.3396376105695973     
           5          11   1.3336545607389776     
           7          11  0.10952154766715591     
          10          11   1.5021315521838141     
           1          12  0.98157351652854263     
           1          13  0.97525208352456372     
           1          14  0.97525104013965858     
           3          15  0.96878127214471466     
           4          16  0.97359514656142410     
           7          17  0.96757521388927881     
           9          18  0.98644807252934363     
           9          19  0.97521074425344456     
           9          20  0.97520834258150080     
          10          21  0.97107932185827939     
          11          22  0.96821469789113690     
