$coord
    2.07936621886617    0.23236539712728    0.31753670628212      c
    4.21133397870600   -1.09470164360386    0.46392383663342      c
    5.70641454548464   -1.90169241647100   -1.65697130793027      c
    5.35839741856889   -1.50244422446985   -4.19960017684316      c
    7.23435421316379   -2.59496287239113   -5.70901755607218      c
    9.05649997327074   -3.85508355542393   -4.35348450986012      c
   11.25772788847920   -5.20091902536555   -5.20704966487042      c
   11.97581186033492   -5.43808675819184   -7.60609767927034      c
    8.42014850027258   -3.67445508768457   -1.13817500317175      s
    1.05561327882508    0.77207665680977    1.98846879472970      h
    1.28605874106163    0.81713379574394   -1.46118500633512      h
    4.93905564479625   -1.64860188482907    2.29389540291599      h
    3.79477512225288   -0.44693522282083   -4.95365725011745      h
    7.24921426559257   -2.46672931496600   -7.73656219414942      h
   12.37024555651770   -6.06493332505889   -3.72405134516573      h
   10.92684924779159   -4.60927748953453   -9.13885314141649      h
   13.64818600820595   -6.47747112843657   -8.10947292166207      h
$periodic 0
$end
