           1           2   1.0382212648528772     
           2           3   1.1087244964664877     
           3           4   1.1007553645459969     
           4           5   1.3839539797004337     
           5           6   1.4696781400196552     
           6           7   1.3861607938233589     
           5           8  0.10902861686024054     
           7           8   1.4912651421080858     
           4           9   1.2861209133439377     
           8           9   1.3361670681858984     
           2          10   1.6243700150824802     
           9          10   1.1674422454767306     
          10          11   1.0201489696054522     
           1          12  0.98434735725979738     
           1          13  0.96709892081540338     
           1          14  0.96709908885395612     
           5          15  0.96895754696006731     
           6          16  0.97067274882249122     
           7          17  0.97128130120422207     
           8          18  0.96414627751503956     
          11          19  0.98109753501317332     
          11          20  0.97258200455573929     
          11          21  0.97258351578483926     
