           1           2   1.9160488045753128     
           2           3   1.0795834200607139     
           3           4   1.3803619805054188     
           4           5   1.4550803616853831     
           5           6   1.3766546106795732     
           6           7  0.97709544749177035     
           6           8   1.3565567258165236     
           8           9  0.97506223843809559     
           3          10   1.3286986050105314     
           8          10   1.3460949983864683     
          10          11   1.0730326048848464     
          11          12   1.7450280372881957     
          12          13  0.98640632357083868     
          12          14  0.98323807992887369     
           1          15  0.97658712976252948     
           1          16  0.97342082795879459     
           2          17  0.95714987932363138     
           4          18  0.96401605366693166     
           5          19  0.96429803450513019     
          11          20  0.94692016724373895     
