           1           2   1.9026384088765815     
           2           3   1.0893606627090242     
           3           4   1.3647800708143534     
           4           5   1.4281564200524359     
           5           6   1.0284104542076689     
           5           7   1.3592665830686559     
           7           8  0.96281071225526005     
           7           9   1.3450142399625675     
           9          10   1.0684901313400055     
          10          11   1.7477994171115250     
          11          12  0.99475408311962199     
          11          13  0.97422566611988459     
           3          14   1.3891213840852394     
           9          14   1.3893718025124624     
           1          15  0.97764806592648346     
           1          16  0.97243824466134476     
           2          17  0.96393142827988099     
           4          18  0.96546252996294712     
           6          19  0.98540366761896847     
           6          20  0.96810752879998141     
           6          21  0.96900483974597373     
          10          22  0.95212453950192211     
          14          23  0.96334278024962583     
