   -0.08817050
   -0.02954664
    0.00592634
   -0.03855053
   -0.05646779
    0.05908434
    0.03197374
   -0.04507901
   -0.16331278
    0.03257987
   -0.04504312
    0.00631596
   -0.02945758
   -0.08809491
   -0.03789278
   -0.05843709
    0.05547850
   -0.07731414
    0.00267878
   -0.06252761
   -0.05681949
   -0.05799863
   -0.05307971
   -0.10130333
    0.03597370
    0.03687558
    0.03468551
    0.03800519
    0.03455725
    0.04325101
    0.04381480
    0.03505608
    0.03712404
    0.03631230
    0.03868766
    0.03209880
    0.03053373
    0.04992062
    0.04006966
    0.03872201
    0.03339957
    0.03706539
    0.03356192
    0.02865080
    0.02867294
    0.02896099
    0.03449902
    0.03095414
    0.03360538
