           1           2   1.9127117517567871     
           2           3   1.0849391944613296     
           3           4   1.3555254959682324     
           4           5   1.4276240303182159     
           5           6   1.0609785453963518     
           6           7   1.7017106991498663     
           6           8   1.0738721976579653     
           7           8  0.16005828485109258     
           8           9  0.96284580631020489     
           5          10   1.1936352320245631     
           3          11   1.3497910768347354     
          10          11   1.2333261845223102     
          11          12   1.1119020673002971     
          12          13   1.8791649886957931     
           1          14  0.97797743368242540     
           1          15  0.97547575671848008     
           2          16  0.96128461439205570     
           4          17  0.97165071786558455     
           9          18  0.97923861535485079     
           9          19  0.97277156469465620     
           9          20  0.97760581475745179     
          10          21  0.93607340411276752     
          12          22  0.96095353836504316     
          13          23  0.97335688601261738     
          13          24  0.97810953774238574     
