   -0.08810647
   -0.02947228
    0.00626666
   -0.03780167
   -0.05850076
    0.05539169
    0.03238481
   -0.04498668
   -0.16314261
    0.03231618
   -0.04339427
    0.00597079
   -0.02998871
   -0.08750866
   -0.04051793
   -0.05644631
    0.05928329
   -0.07778616
    0.00316526
   -0.06270121
   -0.05703913
   -0.05779575
   -0.05325856
   -0.10129587
    0.03629910
    0.03707097
    0.03502100
    0.03872194
    0.03209664
    0.04384430
    0.04781543
    0.03268023
    0.03980439
    0.03609270
    0.03321577
    0.03426020
    0.04965151
    0.02972310
    0.03832330
    0.04114986
    0.03748359
    0.03301133
    0.02847746
    0.03342298
    0.02925029
    0.02859832
    0.03364123
    0.03086877
    0.03443994
