           1           2   1.0368648636213140     
           2           3   1.6215291985440945     
           3           4   1.2290313991545292     
           4           5   1.0176736144602014     
           2           6  0.11048175938864836     
           4           6   1.5924861009340168     
           6           7   1.0362818234357973     
           2           8   1.1401426793643545     
           6           8   1.1327421745104236     
           1           9  0.98066144191997384     
           1          10  0.97139495815312671     
           1          11  0.97139554117677407     
           3          12  0.96368659843561633     
           5          13  0.98534955337259400     
           5          14  0.97492688784872417     
           5          15  0.97492134421841170     
           7          16  0.97908411278956875     
           7          17  0.97187606830165474     
           7          18  0.97187711010917044     
