           1           2   1.9014993066180677     
           2           3   1.0880900398015656     
           3           4   1.2453206647243986     
           4           5   1.5090680539323171     
           5           6   1.1027548694521487     
           6           7   1.8806050975297559     
           5           8   1.1468563655660966     
           8           9   1.0212577660246285     
           9          10   1.6701556785094720     
           9          11   1.1751309642952974     
          10          11  0.17141940901115868     
          11          12  0.88189435823248929     
          12          13  0.99511848636966149     
          12          14  0.99596674282890874     
          12          15  0.99530680301444463     
           3          16   1.4986162895792337     
           5          16  0.11719488476039649     
           8          16   1.1515437492809579     
           1          17  0.97763659650073376     
           1          18  0.97369941547710204     
           2          19  0.96343834920602278     
           6          20  0.95646868105357530     
           7          21  0.97242158455333172     
           7          22  0.97709853072958852     
          13          23  0.98460245366888532     
          13          24  0.98049838304376591     
          13          25  0.98285560457301313     
          14          26  0.98341859808111232     
          14          27  0.98343214078334351     
          14          28  0.98349404423178433     
          15          29  0.98013712200288128     
          15          30  0.98461567672186567     
          15          31  0.98282788014615641     
