           1           2   1.9153340388676789     
           2           3   1.0764433007128882     
           3           4   1.4720351055255196     
           4           5   1.3582654156441782     
           3           6  0.10101150534092279     
           5           6   1.4726215319603637     
           6           7   1.0746269546218885     
           7           8   1.9172328722880083     
           6           9   1.2298663382206754     
           9          10   1.2898788544295385     
          10          11   1.5494343666437267     
          11          12   1.3274971025696156     
          10          13  0.11762561525029550     
          12          13   1.5493240849839385     
           3          14   1.2293703824558153     
           9          14   1.2610824946295776     
          13          14   1.2901089763961107     
           1          15  0.97819298282957790     
           1          16  0.97505225164243259     
           2          17  0.95692278120265661     
           4          18  0.96703076526459075     
           5          19  0.96719035930740982     
           7          20  0.95687713254297102     
           8          21  0.97522049784202358     
           8          22  0.97818345850096144     
          10          23  0.96472764854402238     
          11          24  0.97106325563257379     
          12          25  0.97107450441930143     
          13          26  0.96455080970091089     
