$coord
    1.99740697423771    0.14494596200101    0.08513837321743      c
    4.81363418331673    0.14373559077459   -0.18090381897428      c
    6.17764524754076    2.39089641628565   -0.21185040742448      c
    8.77187595105524    2.35994614282204   -0.45432891684476      c
   10.05314133224623    0.06357274297355   -0.66942222316346      c
   12.71007929941536    0.09906755128198   -0.92460439340822      c
   14.86693545944778    0.16988933501725   -1.13516375999418      n
    8.71868637125016   -2.22238220046540   -0.63766705984521      c
   10.04877880305034   -4.71084690531532   -0.84906094158821      c
    6.11234459364717   -2.12868900922280   -0.39340548217810      c
    1.25451445687388    2.05972111876335    0.07346609887990      h
    1.44981216001777   -0.75975432641763    1.85213791551294      h
    1.13006047734007   -0.91170040863918   -1.45324595546237      h
    5.19823832290594    4.17408298341026   -0.04711165966930      h
    9.83559383618319    4.10206571286592   -0.48237584048295      h
   12.06051200744423   -4.45386160945932   -1.17670905037692      h
    9.25827967265967   -5.81456512604279   -2.39638768112812      h
    9.79993072730259   -5.79452394909509    0.88502651009473      h
    5.06200881821619   -3.88144207408449   -0.36934608248581      h
$periodic 0
$end
