$coord
    4.00309837410122  -10.04176465227835    1.16643949711800      f
    6.21073141310671   -8.92752323983155    0.71490542725742      c
    7.83285481327845  -10.64634339876477   -0.11786523050567      f
    6.60455999248621   -6.48101508969959    1.07691306326034      c
    8.90468933125061   -5.03895250173282    0.65294705551460      c
    8.86811469444402   -2.45808417931429    1.20968539897255      c
   10.97847347604896   -0.97333814567428    0.83272707976086      c
   13.17975933354269   -2.04234217973762   -0.11678338239883      c
   15.33378168142067   -0.48576641971631   -0.53760556138889      n
   17.26141284923630   -0.53856403017735    1.25414055785464      c
   19.38400153473770    1.02649016565281    1.11417743576668      c
   19.76455370685171    3.35491598014119   -1.25973695838954      s
   17.39311288353503    2.47131833114053   -3.44851564334515      c
   15.48737593996099    0.74062247347942   -2.86298009839099      c
   13.68336512166247    0.24931120582941   -4.72441676790534      c
   13.76077324883056    1.43736019136312   -7.05221905819689      c
   15.66504628128723    3.13615658361724   -7.60424072014934      c
   17.48202710588613    3.63454210293497   -5.79146904851186      c
   21.27885756783542    0.88952908514259    2.91415320341270      c
   21.09677786904043   -0.76897054764418    4.92732441873247      c
   18.98335948295349   -2.28904138763662    5.12504369170305      c
   17.10060540362449   -2.17864247999893    3.31392670512446      c
   13.24364246939487   -4.61042470747644   -0.67201550392572      c
   11.13275622470161   -6.09495224165972   -0.29071346934952      c
    4.99436942223008   -5.43894804115631    1.77673753994846      h
    7.16294508246524   -1.61261845021785    1.94552258848999      h
   10.93472131241754    1.02132339066254    1.25926710229856      h
   12.18700263549955   -1.08151789912727   -4.34277792379291      h
   12.31940262967150    1.01433123810647   -8.43208234312456      h
   15.74443807664659    4.06741478503445   -9.41523789688283      h
   18.99049477440747    4.95660568938420   -6.16245068398977      h
   22.88922417342345    2.12710573115542    2.72474487504381      h
   22.57941280099496   -0.84963792103169    6.32332586190523      h
   18.78034857091521   -3.57838134754025    6.69239542020273      h
   15.46489575657776   -3.37858367005281    3.51360679504532      h
   14.96034667203022   -5.43047237156344   -1.41060939345626      h
   11.22559849912674   -8.07741994533617   -0.74309699096490      h
$periodic 0
$end
