           1           2   1.8675640322307880     
           2           3   1.1286178660265531     
           3           4   1.0962698820816379     
           4           5   1.1064478560152804     
           5           6   1.3784675937067274     
           6           7   1.4734070583339771     
           7           8   1.3819166895446755     
           6           9  0.10940434658802703     
           8           9   1.4954630122730412     
           5          10   1.2865410730744484     
           9          10   1.3318030003030414     
           3          11   1.5173052449940814     
          10          11   1.1619651968058577     
          11          12   1.0705717647948956     
          12          13   1.9141832171590150     
           1          14  0.97719935360855636     
           1          15  0.97123466841206529     
           2          16  0.96085503029707853     
           6          17  0.96876030320711914     
           7          18  0.97042014373053775     
           8          19  0.97098953364285578     
           9          20  0.96402073378613662     
          12          21  0.95360295681377782     
          13          22  0.97483981551145871     
          13          23  0.97756705806179778     
