           1           2  0.93945120541324678     
           2           3  0.94214728607095310     
           2           4  0.95487151069448661     
           2           5  0.95180621861321757     
           5           6   1.4072661772421236     
           6           7   1.3847832808200586     
           7           8   1.0493507901732488     
           8           9   1.0225942028645925     
           9          10   1.3553918936775562     
          10          11   1.0105620296902762     
          10          12   1.4027526301107518     
          12          13   1.4421131565255665     
          13          14   1.4263382609998576     
           9          15   1.3800139966189220     
          12          15  0.10471598710556553     
          14          15   1.4444691670430096     
           8          16   1.1004929582547454     
          16          17   1.3379615583439177     
          17          18   1.4841870355960571     
          18          19   1.3541468740971299     
          19          20   1.1052580294729095     
          20          21   1.7212942343655739     
          21          22  0.97550309293881365     
          21          23  0.97057557458881649     
          19          24   1.3548748478449784     
          16          25   1.3374710127154070     
          24          25   1.4849872012821224     
           7          26   1.3313973981884657     
          11          26   1.0423279686316904     
          26          27   1.4016584479379239     
           5          28   1.4014351351780336     
          27          28   1.4401506136228015     
           6          29  0.96256589313455976     
          12          30  0.96715493378581185     
          13          31  0.96879790693842405     
          14          32  0.96932926402317421     
          15          33  0.96536852342373636     
          17          34  0.96181841462242434     
          18          35  0.96798461324517149     
          20          36  0.95446070755837731     
          24          37  0.96708580643365238     
          25          38  0.96218881367980480     
          27          39  0.96560623885279373     
          28          40  0.96501203746276587     
