$coord
    5.46703916992536    0.03367529910480   -0.05518586118691      c
    2.63985512638709    0.00952645606622   -0.03788514082232      c
    1.27535518658432   -2.23374433029363    0.08709964188068      c
   -1.33602685332501   -2.22045932985913    0.11931059553101      c
   -2.72335004047040    0.01203158573680    0.05516198221387      c
   -5.54074314513964   -0.08992808677464    0.08819442832142      c
   -1.33534879557364    2.26205662836159   -0.06944169896117      c
   -2.53404437494719    4.70080167980960   -0.15264425372415      n
   -4.68039766818115    4.90203639098979    0.62929345104159      o
   -1.30538163779006    6.44854193744980   -0.99385842144456      o
    1.29349913355956    2.25037842936501   -0.12844811521149      c
    6.21861379969690   -1.86747520123406   -0.24717210163084      h
    6.17770063435054    0.84339586082785    1.69923469549231      h
    6.16778239844379    1.18787344855705   -1.60598810246622      h
    2.26971698543837   -4.01514830284503    0.15409874383491      h
   -2.34119324084429   -3.99481255972675    0.19891812830973      h
   -6.18689257932879   -2.01164008124755   -0.24537903065909      h
   -6.35637946748992    1.15443725201380   -1.33120316771901      h
   -6.25204186512890    0.54487371597010    1.91274208824521      h
    2.26690280317404    4.04142486420949   -0.23439431343905      h
$periodic 0
$end
