   -0.19626428
    0.31144402
   -0.18687486
   -0.08162864
    0.02196318
   -0.05438680
    0.06802128
   -0.07559396
    0.06460120
   -0.04695391
   -0.02884144
   -0.03754973
   -0.02894342
   -0.04755971
    0.06435465
   -0.04804654
   -0.02921134
   -0.03771177
   -0.02887473
   -0.04716008
   -0.04772189
   -0.02798695
   -0.04568570
    0.07881032
    0.03789423
    0.03249132
    0.03285555
    0.03172497
    0.03287310
    0.03178974
    0.03174072
    0.03279449
    0.03178439
    0.03291716
    0.03254689
    0.03744753
    0.03903136
    0.04990968
