           1           2   1.8929289895728623     
           2           3   1.0960422852575005     
           3           4   1.3956304072186496     
           4           5   1.3931233622604975     
           5           6   1.0421034365188586     
           6           7   1.6926728758939875     
           6           8   1.1187188562738286     
           7           8  0.14747060355008751     
           5           9   1.2533111179709260     
           9          10   1.2934576757898790     
           9          11   1.2457392399015157     
          11          12   1.0627974904929891     
          12          13   1.9297426990377533     
           3          14   1.2871435475027553     
          11          14   1.4126820834096057     
          14          15  0.96591127222573914     
           1          16  0.97797256432486490     
           1          17  0.97288213612636876     
           2          18  0.96340238992768357     
           4          19  0.94982948277987378     
           8          20  0.86118204112004271     
          10          21  0.89721171446000947     
          10          22  0.94016953638101097     
          12          23  0.95365763750160482     
          13          24  0.97523801650208830     
          13          25  0.97725494165232651     
