           1           2   1.8744607671632434     
           2           3   1.1161596869676853     
           3           4   1.1638694814651669     
           4           5   1.1513543428553334     
           5           6   1.1398240026737387     
           6           7   1.8614026934603789     
           5           8   1.4654067415436931     
           8           9  0.97414361870028832     
           9          10   1.7314091520707016     
           9          11   1.1743305294049267     
          10          11  0.17190997796969879     
           3          12   1.4572688795828870     
           8          12   1.2365966265313708     
          12          13  0.99856767323035012     
          13          14   1.7060496914451211     
          13          15   1.1441310496512451     
          14          15  0.15518540119115670     
           1          16  0.97504330444590159     
           1          17  0.97207672502498077     
           2          18  0.95826825188355658     
           6          19  0.94482499633346606     
           7          20  0.96828590103502932     
           7          21  0.97608288608222848     
          11          22  0.79172810624558587     
          15          23  0.86641473575744221     
