$coord
    1.65391199139336    0.45471316923233   -3.25094337783581      c
    4.39429194928289    1.06210815536137   -3.48185299086910      c
    6.13172409537470    0.39166711867194   -1.79240720153111      c
    8.83073340497180    0.91269803315123   -1.88770225278700      c
    9.95642577239646    2.41803226980719   -3.73665331951949      c
   12.52816705725970    2.85639532952251   -3.72697532451091      c
   14.07776791235045    1.81561768969490   -1.88013927569234      c
   16.87301325437852    2.26568642358612   -1.89112614467143      c
   12.96716159787965    0.31364154374953   -0.03367187427621      c
   10.39713493347668   -0.12562800355226   -0.03478800887412      c
    1.03643431146454   -0.67774542464951   -4.85786975919564      h
    0.53743537865896    2.18642930242322   -3.25326413848645      h
    1.26539817831923   -0.58278242509000   -1.52002472134758      h
    4.90857430965301    2.10922663423336   -5.15934440149101      h
    5.52827842277380   -0.67262975837026   -0.14870018603667      h
    8.81111654075929    3.27105485819289   -5.19274646065933      h
   13.35173438515867    4.03505117915850   -5.17890682020693      h
   17.33849755138282    3.97526618197970   -2.93230917448710      h
   17.84017980934570    0.68362961579028   -2.79189264141606      h
   17.59340899992100    2.43527942443529    0.02738902386733      h
   14.13532501958099   -0.51565842705145    1.42324547851048      h
    9.57580462061655   -1.29835086158216    1.42329466028212      h
$periodic 0
$end
