           1           2   1.8483076975724293     
           2           3   1.1473127030637378     
           3           4   1.1748795447155167     
           4           5   1.1410158147207883     
           5           6   1.1241022581611424     
           6           7   1.8669313515287684     
           5           8   1.4877040504021466     
           8           9  0.92478728899694418     
           9          10   1.4734854544167855     
           9          11   1.4742160426872026     
          10          11  0.37885352936569533     
           3          12   1.4279049434242166     
           8          12   1.2242981985088934     
          12          13  0.98149464258034846     
          13          14   1.4419061953908261     
          13          15   1.4449646141738259     
          14          15  0.35821995840446563     
           1          16  0.97467198156368162     
           1          17  0.96765655165769471     
           2          18  0.94241013081464897     
           6          19  0.95750633717792188     
           7          20  0.96014519267932252     
           7          21  0.97391554729780250     
