           1           2   1.9024884708150851     
           2           3   1.0931042790608727     
           3           4   1.4684670196540450     
           4           5   1.1672838422201512     
           4           6  0.12741203171602944     
           5           6   1.2338325134585784     
           6           7   1.1356504609270934     
           3           8   1.2449767789154071     
           6           8   1.3728799425046243     
           8           9   1.0929886553857409     
           9          10   1.9006263716794844     
           1          11  0.97848100470421828     
           1          12  0.97232734343524985     
           2          13  0.96110670747208982     
           5          14  0.94249585431121075     
           7          15  0.95173939590908596     
           7          16  0.94474272945835613     
           9          17  0.95813148519332558     
          10          18  0.97327047708248815     
          10          19  0.97878694450994874     
