           1           2   1.0317334147855732     
           2           3   1.3671255646496632     
           3           4  0.98224915312496552     
           3           5   1.3432495857142310     
           5           6  0.98224649378362705     
           5           7   1.3671275698688936     
           7           8   1.0317324622503212     
           7           9   1.3488573856418469     
           9          10  0.98322753501609261     
           2          11   1.3488576799085434     
           9          11   1.3622357297337546     
          11          12  0.98322805451082507     
           1          13  0.98225836039144954     
           1          14  0.96371937654489481     
           1          15  0.96370773408532040     
           8          16  0.98225854738020202     
           8          17  0.96372539685612790     
           8          18  0.96370222292628749     
