           1           2   1.8983099388138647     
           2           3   1.0934937300183567     
           3           4   1.3608306071803455     
           4           5   1.4764984646151373     
           5           6   1.3722188576584200     
           6           7   1.0594947853352110     
           7           8   1.9378594740018031     
           6           9   1.3551059031793871     
           9          10  0.94973598409959403     
          10          11  0.94888783743759753     
          10          12  0.93580600488476473     
          10          13  0.94486321800571116     
           3          14   1.3758866129457021     
           5          14  0.10043582647571034     
           9          14   1.4348635901954383     
           1          15  0.97741671556102938     
           1          16  0.97181154673503778     
           2          17  0.96385880938534996     
           4          18  0.96683446486881164     
           5          19  0.96805400315818124     
           7          20  0.95494120213481359     
           8          21  0.97410186281021938     
           8          22  0.97601792603955240     
          14          23  0.96069497245351954     
