$coord
    2.27197365214996   -1.48806410489231    0.99494787739424      c
    4.25230999102822   -0.11636851141163    0.28389600450468      c
    5.61034630775536    1.64989203822999    1.86275102150441      c
    5.10870823935559    2.26433823271766    4.33138497429090      c
    6.80335542665131    4.00975989141327    5.18373721113055      n
    7.08012693959036    5.49497607671650    8.17373966881861      si
   10.44682714180163    4.68801073886032    9.31907628156070      c
   10.81784408873718    5.17112064481698   12.14215237403794      c
   11.23349542314873    1.98505600524181    8.66658139657703      c
    6.90990570790097    9.07203318846319    7.48404968925222      c
    5.02684882551019    9.71944134285772    5.38983076043026      c
    6.34131349996797   10.64118856931180    9.84132308409781      c
    4.49645083370075    4.39789317955224   10.48122456812024      c
    1.82153997997995    5.07268980398314    9.61689819008393      c
    4.64526470040494    1.58510471633948   11.13030895275470      c
    8.41836550270294    4.52082497453687    3.23144337828255      c
    7.77600306721030    3.12753646171587    1.14267317008455      c
    9.00449097385945    3.12579551689114   -1.29650591892741      c
   11.01819019897928    4.49319478132647   -1.91499440872538      c
    1.34751709028476   -2.76753403649470   -0.28820687377613      h
    1.49874734303657   -1.38429300170775    2.87382262048919      h
    4.94332768488264   -0.30263138743870   -1.63185893751641      h
    3.64733472949003    1.56734358871136    5.54087122689098      h
   11.75088488688254    5.94898732391283    8.31865049695119      h
    9.60154026512267    3.95429767113708   13.26357482387581      h
   10.38934615817727    7.12243478190404   12.61834171817542      h
   12.76731980473811    4.79446333459436   12.68336538945624      h
   10.05305245344187    0.61515890007857    9.63917164804885      h
   13.18657947035820    1.65605790071766    9.22618540632642      h
   11.07746321052270    1.64529369300482    6.64696863836507      h
    8.77972666897680    9.65724431302860    6.81156379432447      h
    3.11226726132462    9.21493946322000    5.93388482787558      h
    5.48516448504490    8.71474357553179    3.65803120566434      h
    5.06745304579311   11.73872687425643    4.99379300285895      h
    4.47745177094103   10.20382071167518   10.58428294240950      h
    6.39186637874992   12.64942766670328    9.39460005409637      h
    7.72178427273603   10.28099659527412   11.31864342394764      h
    4.83394354179412    5.43433320733904   12.24230499096941      h
    1.37006389390031    4.20110939076233    7.81398258324987      h
    1.60349845531384    7.10376754801643    9.41340276669823      h
    0.44469009747747    4.42392377034758   11.00365307409185      h
    4.41096442265797    0.41361767200689    9.46096504211730      h
    3.16429087458654    1.08927947988714   12.47228739329124      h
    6.45309515209482    1.12081619601925   11.98487372255663      h
    9.92014886192663    5.85489301710960    3.48177540836006      h
    8.17884968470394    1.89125431369129   -2.70236422089274      h
   11.91918977382692    5.75171914624884   -0.59510624350925      h
   11.83821904061731    4.39903990264519   -3.77425070202556      h
$periodic 0
$end
