$coord
    5.61592228817497   -2.25110072099298    1.17946550371864      c
    4.82511936351411   -0.08000050131042    0.17559442460317      c
    6.06771040274180    1.30794520985762   -1.80053001574356      c
    8.29695625082393    0.44324198861315   -2.83363021482033      n
    9.10930640731651    2.04822434205035   -4.63074424612753      c
   11.24129244648086    1.77081150165104   -6.02257651699065      n
   11.61995756172945    3.56050567280860   -7.62673429280913      c
   10.07445933236708    5.57388693699387   -7.95518722650094      n
    7.82089950685522    6.02061422946372   -6.59840856542686      c
    6.58969223896903    7.89824644914024   -7.06002119218424      o
    7.37327493495071    4.03759274486852   -4.80131841415450      c
    5.42357229974894    3.57368178163828   -2.99698187255924      c
    3.33252584167503    5.31046643650631   -2.71895728354249      c
    1.34500614515546    5.19059310931245   -1.18739893475739      c
    4.56313880977169   -3.16061428961162    2.66139054084360      h
    7.31182756754347   -3.21113215262841    0.59055463109913      h
    3.10483360524962    0.75254553020905    0.87810475988482      h
    9.19293404427887   -1.15290731040289   -2.32135212114172      h
   13.28704889546688    3.46292328896605   -8.80243921049438      h
   10.50443576093787    6.90734106749837   -9.25875860897554      h
    3.48794352091783    6.90993020908704   -3.98497638579275      h
    1.00990561237628    3.68313169368144    0.13272843752793      h
   -0.06298051476838    6.65927668157448   -1.21652455330906      h
$periodic 0
$end
