           1           2   1.8504566872063490     
           2           3   1.1359424996334861     
           3           4   1.1620299608499525     
           4           5   1.2378256317892842     
           5           6   1.2002028019268529     
           6           7   1.5959719449059357     
           6           8  0.10974660668470190     
           7           8   1.2488126346897344     
           8           9   1.0577195561792374     
           8          10  0.13556685459251816     
           9          10   1.6663583408392810     
           5          11   1.3004884544771018     
           9          11   1.1232523328901522     
           3          12   1.3988195407452966     
          11          12   1.2368242211042013     
          12          13   1.1189404339383506     
          13          14   1.8769165382198227     
           1          15  0.97868713715298916     
           1          16  0.97304597621921918     
           2          17  0.95331688015110994     
           4          18  0.93115961691228066     
           7          19  0.95556723960585166     
           8          20  0.93153792326853324     
          13          21  0.95764643005125649     
          14          22  0.96714488432887047     
          14          23  0.97786006806004599     
