           1           2  0.99537938239750834     
           2           3  0.99501446594143172     
           2           4  0.89760616826805917     
           4           5   1.0994351334043011     
           5           6   1.1133224347853408     
           6           7   1.0318832262925612     
           7           8   1.3715537555013906     
           8           9   1.4719864429498410     
           9          10   1.3629941063632718     
          10          11   1.1016676346066987     
          11          12   1.7243737384197351     
          12          13  0.97909176817291144     
          12          14  0.97363307078856365     
          10          15   1.3612352070878970     
           7          16   1.3712428021052179     
          15          16   1.4729284933154343     
           6          17   1.0152507640421127     
          17          18   1.3899316488632716     
          18          19   1.4455313640500826     
          17          20  0.10202030291858891     
          19          20   1.4378130353038898     
          18          21  0.10845579859974980     
          20          21   1.4326071171132508     
          17          22   1.3839294511062767     
          19          22  0.10899136084738485     
          21          22   1.4517718247584488     
           4          23  0.14327025817614580     
           5          23   1.6463755805436688     
           6          23  0.13158596912504139     
           2          24  0.99511934758837817     
           1          25  0.98523376758574166     
           1          26  0.97974858882308347     
           1          27  0.98381601997994617     
           3          28  0.98434584252254198     
           3          29  0.98409744628671936     
           3          30  0.98448851252720182     
           8          31  0.96718229610706874     
           9          32  0.96665795537625909     
          11          33  0.95412202061999885     
          15          34  0.96775296467306637     
          16          35  0.96743136292812237     
          18          36  0.96732816502943919     
          19          37  0.97042383815094424     
          20          38  0.97108852641711252     
          21          39  0.97058264752575807     
          22          40  0.96796698603445808     
          24          41  0.98381081415715310     
          24          42  0.97956069705136317     
          24          43  0.98528426680777548     
