$coord
    8.51220555429550    6.80297924014995    7.74560338950581      c
    6.70827169431332    5.58796871183156    6.49826820736418      c
    6.73133988494830    5.20731524360544    3.76623726230930      c
    4.70328572903964    4.01173342929756    2.56511246448932      c
    4.77528644703286    3.70597357358192   -0.03115792220351      c
    6.84790781875836    4.59262050868369   -1.35318047395416      c
    8.79560060183266    5.75505044444945   -0.00366795002018      c
   11.04065568696165    6.74109798387781   -1.31376181362096      c
   13.12246945646623    7.60094093482041    0.06055790165190      c
   15.18407582225166    8.53683222292558   -1.24641763793201      c
   15.10146354422345    8.60359009028729   -3.85851913922364      c
   12.94119183915283    7.70277087171816   -5.07659856665913      c
   12.75986956306313    7.75772254705083   -7.85022561930533      c
   10.76965834071054    6.55257635326380   -9.09623109321061      c
   10.68529272644163    6.66557463271070  -11.70579380468294      c
   12.55970925421898    7.97185577877653  -12.97840511520416      c
   14.47844944814803    9.13479462087793  -11.58159336414796      c
   16.47037419522212   10.55380639338207  -12.85757356824795      c
   18.27749844873027   11.80224438374027  -11.64845337599043      c
   14.55659396176210    9.00527064594692   -9.07413006802042      n
   10.97204396495341    6.78222701712576   -3.82220485055418      n
    8.72464325562464    6.04178527345035    2.48537279408058      n
    8.44529605947543    7.06557626362993    9.76162480073875      h
   10.11040939974107    7.57260368810039    6.75132741417697      h
    5.08800800633941    4.81719570868308    7.48004828952360      h
    3.11180094687797    3.34885996288858    3.65670167820192      h
    3.23288523986322    2.78990252616258   -1.00873213755981      h
    7.00404891469691    4.41412336715998   -3.37464600212645      h
   13.07056182561997    7.51086881436664    2.09373260045539      h
   16.83127793727006    9.20919615280369   -0.24260757000935      h
   16.64205059357268    9.32101784701551   -4.97949570833446      h
    9.35997875636127    5.56958227370802   -8.00576215135468      h
    9.17820032586362    5.75037577412913  -12.73775143950644      h
   12.54971677324278    8.10462074295044  -15.01458074469434      h
   16.38476762949081   10.54636876372050  -14.90104737062859      h
   18.34002426063748   11.80807757670215   -9.61593053078444      h
   19.72048126545050   12.84235142526946  -12.63524541177176      h
$periodic 0
$end
