$coord
    3.15119899876362    2.13621957457027    0.96315201113802      c
    4.80339448072995    0.43510980136897    0.16662683638971      c
    5.78951198817136   -1.64433085615033    1.72480273710052      c
    4.15591082863740   -3.44717571217637    2.78699072716177      c
    1.51433803741003   -3.43933990339564    2.31673172211793      c
   -0.04371508066037   -5.18119246273934    3.38994050672419      c
    0.93718076063961   -7.04799559454094    5.01609967691261      c
    3.46358961704691   -7.16138002972975    5.47319796641552      c
    5.15883413948576   -5.40960494286095    4.35214392374605      c
    7.76986942140490   -5.57770990188865    4.75555584770970      c
    8.81288599546844   -7.59684110779264    6.38942651430918      c
    9.08468392942959  -10.05772462006789    5.45199116352448      c
    8.35706351015563  -10.67849261338007    2.94509085742622      c
    8.54455168352053  -13.08450885799056    2.06163739379323      c
    9.45626611699967  -15.02178072635554    3.64505358736749      c
   10.21673945168367  -14.49338442068204    6.04419154399293      c
   10.11147451868864  -11.99924063095654    7.02769919391760      c
   10.92025817541660  -11.41058855363814    9.48667864705153      c
   12.05087454258966  -13.35263737943714   11.12206029005566      c
   14.11569476707350  -14.64703151773508   10.55716816184438      c
   10.64190301305549   -8.94073591614162   10.42051619501900      c
   11.47785068173548   -8.25633502860267   12.87603030873642      c
   11.18773980402814   -5.86156205418968   13.76904235746568      c
   10.04125283824573   -3.99144526138241   12.26006505387330      c
    9.24923468371688   -4.55674022797422    9.88056035595711      c
    9.54707205094910   -7.02270795498261    8.86871868708699      c
    9.41051845616882   -3.82556389702968    3.63578295186768      c
   12.06640530467898   -3.97944151100497    3.97658091473273      c
   13.64207991815044   -2.22522872209393    2.95242775880228      c
   12.65170725720324   -0.20437223296804    1.52973514321975      c
   10.11730286172165   -0.01038732713222    1.13509355136645      c
    8.40713141413309   -1.82030384401574    2.13323464332073      c
    2.48662878689318    3.63750412873019   -0.24046443775609      h
    2.42057335083046    2.10652686557849    2.86424973532719      h
    5.54281852790718    0.54335300207103   -1.74090575422216      h
    0.75399441926603   -2.02349804372548    1.06077282414358      h
   -2.04736749493766   -5.14802604109962    2.99994575703365      h
   -0.33145674589594   -8.39715248044865    5.87427954158790      h
    4.23072925784268   -8.60588375029531    6.69407483259335      h
    7.63188342131763   -9.19093793164183    1.75056387544030      h
    7.97664695607491  -13.53349667080017    0.15322827274509      h
    9.54248345060721  -16.93435920948937    2.93626780760101      h
   10.89889598821711  -15.98783311204520    7.25309854065946      h
   11.09913724174588  -13.67455378485833   12.90746257985071      h
   15.13035570374893  -14.33326327963083    8.81909752111751      h
   14.88715456581490  -16.04719855401256   11.81755317956283      h
   12.37440612004949   -9.67575496086838   14.03517138430683      h
   11.83565419250377   -5.37500130187571   15.64286956385042      h
    9.80755318082999   -2.10626624126725   13.00683272859892      h
    8.38008391227433   -3.12623650293358    8.71263886491149      h
   12.81624127800922   -5.52516085856510    5.07852066161676      h
   15.65977157937673   -2.36103579588348    3.22928600276703      h
   13.92491986599875    1.19115882335244    0.75567368060683      h
    9.36910927133423    1.55280724454528    0.05860761442974      h
$periodic 0
$end
