$coord
    1.73883667236632    0.21424499511288    0.00392924877009      c
    4.53993372657149   -0.00813221649003   -0.00614670299819      c
    6.02144131276844    1.99610386572408   -0.01623956136730      n
    8.40246692187590    1.08638309736357   -0.02317816049737      n
    8.45433417103078   -1.47191273110604   -0.01761557822166      c
   10.66817725860498   -2.80544470653248   -0.02285217730790      n
    5.96186620013979   -2.26875001845744   -0.00643649296431      c
    4.95704366780552   -4.90212189971346    0.00325936330544      c
    1.21029435427227    2.19707275683840    0.00168119344942      h
    0.95430142083996   -0.69674609481169    1.67534521226717      h
    0.94174270127239   -0.70386098717367   -1.65762365997838      h
    9.87630232569243    2.28665903573185   -0.03143117969986      h
   12.33741945633979   -1.91940897653235   -0.03162879166728      h
   10.61535682998569   -4.69412890660483   -0.01882229269020      h
    6.49093710266746   -6.27181274975671    0.00047644223500      h
    3.78229438117581   -5.23796010859166   -1.65627006213847      h
    3.79496692185300   -5.23054434439242    1.67316210900179      h
$periodic 0
$end
