           1           2   1.0278432330673088     
           2           3   1.5040229025095870     
           3           4   1.1446572659656944     
           3           5  0.13216172054807362     
           4           5   1.2236617068085875     
           5           6   1.1429052118911580     
           2           7   1.3047884310188538     
           5           7   1.3994484490452410     
           7           8   1.0254934442637187     
           1           9  0.98450639317313404     
           1          10  0.97321631302585732     
           1          11  0.97321327962535797     
           4          12  0.94582820215377661     
           6          13  0.95672919910689724     
           6          14  0.95306222547571262     
           8          15  0.98453886849720851     
           8          16  0.97691354120686547     
           8          17  0.97691198845191995     
