           1           2   1.8994751440654614     
           2           3   1.0917044990510720     
           3           4   1.3530976347954939     
           4           5   1.4736099610923801     
           5           6   1.3525123492470001     
           6           7   1.1029533563328431     
           7           8   2.7838588455985067     
           6           9   1.3006849073251507     
           9          10   1.0839164984381557     
          10          11   1.9096481185630756     
           3          12   1.3851827402202588     
           9          12   1.4048886699774568     
           1          13  0.97771056807134082     
           1          14  0.97236224529054349     
           2          15  0.96375166643729659     
           4          16  0.96711448054157279     
           5          17  0.96919701566768290     
          10          18  0.96061610831625077     
          11          19  0.96930517292409202     
          11          20  0.97658551276555661     
          12          21  0.96234730105961375     
