$coord
    4.36640979981683   -0.87770303198264   -2.63709445535757      c
    4.84587011420665    0.29578264154631   -0.46550955713166      c
    3.12512917782802    1.94813040383918    0.82761347548787      c
    3.53542947420486    3.16607808025005    3.08034822951588      c
    1.50474123077121    4.67635278100418    3.88839592032600      c
    1.44410884662644    6.20905809618356    6.27547208632329      c
    3.86685961214162    6.08510178756991    7.83867997475581      c
    3.75717577233911    7.81967483214563   10.14915708364393      c
    1.92734074062574    6.88632745646293   12.17649305833170      c
    1.77481350217768    8.63037158037413   14.47681221320866      c
    0.86945480576309   11.31762190559978   13.90249822071392      c
   -1.65651088268124   11.40874936875860   12.50861479020515      c
   -2.65157253168644   14.10890304478186   12.27318499550908      c
   -4.88190807636361   14.33716554516249   10.45024623452372      c
   -7.21688317393539   12.88116653300191   11.32302399553456      c
   -9.55813594376184   13.43157953530197    9.72111234050736      c
   -9.32578464207439   12.47941178408938    7.01214957087854      c
   -0.49992485827929    4.60370386110016    2.21805082098322      c
   -2.87575184146351    5.89884033712715    2.43156530700844      c
   -4.76994089033529    5.72629822057304    0.78507594077463      c
    0.14989429993061    2.66106905014418   -0.35362376927690      s
    5.73310245854443   -2.09510114974992   -3.52036453034271      h
    2.58175232361782   -0.64833356248239   -3.59168074531420      h
    6.64964377689011    0.04611782127625    0.46923941770299      h
    5.27273462347385    2.95501656307543    4.11123619912293      h
   -0.14539633695806    5.55450306470215    7.42211818184200      h
    1.07554895149165    8.18445923102745    5.78170973341895      h
    5.45606518431678    6.66635886823123    6.65625620255544      h
    4.19858197751154    4.14360667184709    8.45528308079605      h
    3.21207999277524    9.70896943932341    9.52823163394450      h
    5.64464108667588    7.95574231648992   10.97635434675971      h
    2.54079004953858    5.01946157581388   12.81439235954564      h
    0.04062484542201    6.67020961020383   11.37887726042245      h
    3.63642922451211    8.74201594186613   15.36438102993358      h
    0.48489876397259    7.77659027747665   15.84582727660847      h
    2.29658576371051   12.31345564321815   12.79407735515528      h
    0.67958790568705   12.32750291505545   15.69451574391243      h
   -3.02673828433398   10.24630219432821   13.52102155880076      h
   -1.42997243488598   10.62582360726708   10.61411284592600      h
   -1.12349350465714   15.32146083959586   11.59171163162838      h
   -3.20898627638425   14.80307154434381   14.13600858313783      h
   -4.29351319103081   13.65767793490004    8.59336649133997      h
   -5.37759380388111   16.33331412118497   10.25905180566242      h
   -7.62138321519454   13.39340281184286   13.28267545772750      h
   -6.83510801759399   10.85491117343323   11.26902181436579      h
   -9.91078961388653   15.46565459269161    9.70375237635388      h
  -11.18842378216842   12.52477108627845   10.60671859251190      h
   -7.83691683895189   13.47319380373091    6.00542953835795      h
  -11.08933840190572   12.77623988528760    5.99837158229736      h
   -8.89883639363708   10.46808486994837    6.99111456134707      h
   -3.07415063945523    7.08641935642381    4.08456781288147      h
   -4.63112407750808    4.55715308679081   -0.87591701098173      h
   -6.50831259133807    6.74596467514732    1.04866977365864      h
$periodic 0
$end
