           1           2   1.9091590297569625     
           2           3   1.0798721314919673     
           3           4   1.3831053489756249     
           4           5   1.4148116884503519     
           5           6   1.0797487933441041     
           6           7   1.8963977554553690     
           5           8   1.2599481126406638     
           8           9   1.1647448654920969     
           9          10   1.0213878992357699     
           8          11   1.3470468751842744     
           3          12   1.3187040359193343     
          11          12   1.4281601561479473     
          12          13   1.0249791606265981     
           1          14  0.97810482622457862     
           1          15  0.97376684051778073     
           2          16  0.96149901840604945     
           4          17  0.96689565377617503     
           6          18  0.96134794384162703     
           7          19  0.97250273207750659     
           7          20  0.97832126889618953     
           9          21  0.93420289817171498     
          10          22  0.94019368398040959     
          10          23  0.96063831986027881     
          13          24  0.98070410661873564     
          13          25  0.97360481573493085     
          13          26  0.96213187340834705     
