           1           2  0.95842501816527326     
           2           3   1.1125237222478124     
           3           4  0.98394054644443207     
           4           5   1.3301324193950155     
           5           6   1.0653848992742410     
           6           7   1.1001492932846699     
           7           8   1.3486569289432278     
           8           9   1.4362004035186764     
           9          10  0.95070807327298101     
          10          11  0.95470265138282140     
          10          12  0.94602278004184281     
          10          13  0.93408722203056294     
           9          14   1.3971694627781421     
          14          15   1.4259937284881123     
           7          16   1.3500625277225673     
          15          16   1.4626776195875832     
           6          17   1.0359023113492476     
          17          18   1.3772796592268781     
          18          19   1.4526476157443156     
          19          20   1.4072220886712878     
          20          21   1.0266360717209566     
          18          22  0.10508383741917926     
          20          22   1.3991195111167685     
          17          23   1.3706032292624366     
          19          23  0.10382957105255936     
          22          23   1.4622092188957982     
           5          24   1.3703631937384941     
          24          25   1.4582215696384988     
          25          26   1.4187603918887903     
           4          27   1.3997361544249560     
          24          27  0.10366526169965566     
          26          27   1.4459575234496060     
           2          28  0.16969190818796837     
           3          28   1.7445349467222069     
           1          29  0.98177495819761285     
           1          30  0.97632091213458638     
           1          31  0.97681791623813441     
           8          32  0.96375713091595416     
          14          33  0.96871049903018813     
          15          34  0.96927966682904976     
          16          35  0.96616734209318944     
          18          36  0.96799402217252306     
          19          37  0.96861949845315121     
          21          38  0.98431947516038243     
          21          39  0.96768133254813704     
          21          40  0.97795297241188661     
          22          41  0.96918881550191960     
          23          42  0.96781040232197013     
          24          43  0.96665542155823703     
          25          44  0.96990685407421673     
          26          45  0.96947677443079938     
          27          46  0.96675063715104503     
