   -0.20992809
    0.48657628
   -0.20874023
   -0.20257375
   -0.02981192
   -0.04046358
    0.06551556
   -0.06680851
    0.05784171
    0.03368142
   -0.10929519
   -0.03518368
   -0.03075963
   -0.03057355
   -0.04286180
    0.06696258
   -0.05522659
   -0.03232401
    0.01148293
   -0.08192483
    0.30744607
   -0.19162513
   -0.19812473
   -0.03443775
   -0.05385979
    0.03911030
   -0.03370523
   -0.02960639
    0.06705523
    0.05334909
    0.04802598
    0.04753477
    0.05140917
    0.03635976
    0.04132675
    0.07797964
    0.05266757
    0.03901136
    0.06592342
    0.06857479
