           1           2   1.9149125485146921     
           2           3   1.0773294014226269     
           3           4   1.3877359156923295     
           4           5   1.4514730268150990     
           3           6  0.10026904596032080     
           5           6   1.4268960794485697     
           4           7  0.10342021488416898     
           6           7   1.4411756813774805     
           3           8   1.3370363466829356     
           5           8  0.10196062219571850     
           7           8   1.4067026330793675     
           8           9   1.0291689445513017     
           9          10   1.4040339582503463     
          10          11   1.4433246170959018     
           9          12  0.10221236305822627     
          11          12   1.4263297731916507     
          10          13  0.10449856304349767     
          12          13   1.4522244088708878     
           9          14   1.3428431953023376     
          11          14  0.10122728712165127     
          13          14   1.3871120349526900     
          14          15   1.0685653141641369     
          15          16   1.9235825206240083     
           1          17  0.97826305947294112     
           1          18  0.97442199143904040     
           2          19  0.96011490689934820     
           4          20  0.96688761403693613     
           5          21  0.97100269994991806     
           6          22  0.97093415306904474     
           7          23  0.96952947740068374     
          10          24  0.96936701820279247     
          11          25  0.97079895466453736     
          12          26  0.97087833275781166     
          13          27  0.96908293306321880     
          15          28  0.96064620437266901     
          16          29  0.97369771472487365     
          16          30  0.97755039535305488     
