           1           2   1.9042516522625188     
           2           3   1.0875877619688925     
           3           4   1.3999731195480869     
           4           5   1.3690428684146241     
           5           6   1.0876797175068158     
           6           7   1.9043419850248142     
           5           8   1.3955942355795070     
           8           9   1.3527347107356702     
           9          10   1.0555518095737388     
          10          11  0.97397447216815558     
          11          12  0.99503079172698583     
          12          13   1.0076168982495082     
          13          14   1.0081270789141814     
          14          15   1.0073794654477872     
          15          16   1.0064747851876443     
          16          17  0.97042308731890337     
          17          18   1.8082068329997227     
          17          19   1.1046977764267980     
          18          19  0.16083732310860852     
           3          20   1.3606754349635397     
           9          20   1.3893097456872616     
           1          21  0.97820496795661716     
           1          22  0.97282059531163734     
           2          23  0.96414635030312412     
           4          24  0.96340087967972299     
           6          25  0.96452788058829386     
           7          26  0.97263584814390724     
           7          27  0.97815819429922013     
           8          28  0.96622707721768886     
          11          29  0.96528026301853243     
          11          30  0.96755857954258329     
          12          31  0.97378886621710792     
          12          32  0.97533922452004362     
          13          33  0.97542525382352840     
          13          34  0.97657382587819941     
          14          35  0.97707621222424934     
          14          36  0.97487590391361101     
          15          37  0.97576960788981038     
          15          38  0.97528167450752556     
          16          39  0.95444416277722888     
          16          40  0.95713121942003743     
          19          41  0.87828550270182615     
          20          42  0.95837253950754531     
