           1           2   1.8845415955369682     
           2           3   1.1001202343796168     
           3           4   1.3235789835070992     
           4           5  0.99315348082601740     
           4           6   1.3573158362653910     
           6           7  0.99551001218530233     
           6           8   1.3415888463801457     
           8           9   1.0331461747534307     
           9          10   1.3415735179750858     
          10          11  0.99550989708450999     
          10          12   1.3573442694307967     
          12          13  0.99314756808523752     
          12          14   1.3235203096104329     
          14          15   1.1002839332711833     
          15          16   1.8843373216861274     
          14          17   1.3179236873328311     
          17          18  0.99235971265089640     
           9          19   1.3365251163869716     
          17          19   1.3629587431294579     
          19          20  0.99562331199782805     
           8          21   1.3365316602520116     
          21          22  0.99562470047782858     
           3          23   1.3179907989175079     
          21          23   1.3629320480268849     
          23          24  0.99236150027502334     
           1          25  0.97568944747001241     
           1          26  0.97082629302429468     
           2          27  0.95969849625328896     
          15          28  0.95973486726628221     
          16          29  0.97080735147879049     
          16          30  0.97569229035060701     
