$coord
    2.26838082057928    0.46164417401648   -0.11636458688021      c
    5.03473928601856   -0.00673494468038   -0.13267161454525      c
    6.76200809298777    1.86528995326174   -0.15655710359706      n
    8.98529142176992    0.91319984381887   -0.16620255926385      n
    8.79584219133862   -1.59476264234019   -0.14894532588010      n
   11.01016789089467   -3.15091399773478   -0.15466797457260      c
    6.32591535020694   -2.28582994945380   -0.12727766361778      c
    5.39408524451340   -4.92858809298000   -0.10399755938358      c
    1.92837018904876    2.48489171575677   -0.12490264927596      h
    1.40654115854304   -0.36325030764266    1.56194242525688      h
    1.38385693896734   -0.38101487425103   -1.77392723708998      h
   12.63555774082019   -1.89197007319628   -0.17273683445373      h
   11.05519703655404   -4.35230515257606   -1.83133954758542      h
   11.07754684921790   -4.33291415195065    1.53497773821488      h
    6.95154438420739   -6.26741500646597   -0.10636077799523      h
    4.21612639054862   -5.27746976862593   -1.75693259522401      h
    4.23933044840457   -5.25633414033115    1.56951984749400      h
$periodic 0
$end
