           1           2   1.9030736030311686     
           2           3   1.0896160926103950     
           3           4   1.3660426086806576     
           4           5   1.4068965236977828     
           5           6  0.96029872435535557     
           5           7   1.4013909877893007     
           7           8   1.3671936966774172     
           8           9   1.0964561440331939     
           9          10   1.7268350742835490     
          10          11  0.98572768354188611     
          10          12  0.97865581222230291     
           3          13   1.3903287290221757     
           8          13   1.3825945419021040     
           1          14  0.97741861526687079     
           1          15  0.97215177453586055     
           2          16  0.96383797841685459     
           4          17  0.96161636507388670     
           7          18  0.96315107857705473     
           9          19  0.95396583076341868     
          13          20  0.96537634806958006     
