           1           2   1.8554405644022185     
           2           3   1.1485141568206807     
           1           4  0.12523915044298720     
           3           4   1.7231548502787728     
           4           5   1.1493684110844038     
           3           6  0.10095451898154736     
           5           6   1.6932586076719585     
           6           7  0.98064869017923151     
           6           8  0.97752600911050358     
           1           9  0.97897081025530774     
           1          10  0.97579829143946850     
           2          11  0.96357577685235840     
           3          12  0.96188658859029308     
           4          13  0.96199084640169086     
           5          14  0.95579931053446787     
