$coord
    3.62042338087628    1.17488445130821   -2.17231465176009      c
    3.58351568959595    1.37649229033306    0.32892096063002      c
    5.51326827040651    2.52314908624564    1.91966704159912      c
    5.12411930168870    2.66279835373942    4.52521753109427      c
    6.86548993450221    3.72318191633286    6.16322005227226      c
    6.39203055792505    3.73754626714730    8.89003907092401      c
    4.14024162853662    4.03766216190859    9.94579526808082      c
    9.13687780990675    4.73801873232123    5.18870518534212      c
   10.88985961873384    5.78508892148155    6.76350271673871      n
    9.54123937085383    4.56562267367266    2.56906417318779      c
   11.93821159870303    5.59319327763100    1.47139151273873      c
   12.24296738023578    8.09744775303456    1.93397345011975      f
   14.03250892079355    4.49080190419601    2.42870317028062      f
   12.10040858056045    5.33709975992406   -1.03620502821357      f
    7.76974898273733    3.48325563728199    0.97341439814697      c
    2.08833510853238    0.29500429759180   -3.17921216093844      h
    5.15069549512663    1.87052690577718   -3.31592634073139      h
    1.97218509666670    0.64305726385276    1.35621555629506      h
    3.41255266620443    1.87394824889071    5.30972550967119      h
    8.02927426810305    3.44143646162502   10.08227671357861      h
    2.46661529759895    4.37483366230300    8.83753101633540      h
    3.89116472902907    3.98760863783741   11.96404367258750      h
   10.32196847456150    6.29311627099589    8.50152482697232      h
   12.33069293871698    6.78500175294525    6.03932201370099      h
    8.16820435501946    3.39430275740196   -1.02161119299147      h
$periodic 0
$end
