           1           2   1.9133837807487697     
           2           3   1.0801627900307715     
           3           4   1.3794006594533661     
           4           5   1.4417795809139242     
           5           6   1.0257762705218256     
           5           7   1.3334724617058105     
           7           8   1.0926702014837582     
           8           9   1.7338346185243345     
           9          10  0.97668741740441056     
           9          11  0.96756531692831038     
           7          12   1.3726708644957510     
           3          13   1.3384047286500329     
          12          13   1.4425753779518748     
          13          14   1.0265297388297954     
           1          15  0.97818709670874704     
           1          16  0.97436061780197702     
           2          17  0.95914199015053336     
           4          18  0.96382087104131908     
           6          19  0.98395727601804950     
           6          20  0.96873801679040061     
           6          21  0.97360576170145519     
           8          22  0.95018116755595050     
          12          23  0.96482171891109270     
          14          24  0.98422962220810040     
          14          25  0.97418091051284506     
          14          26  0.96793571130855505     
