$coord
    2.33075262015003    0.74778486204416    0.56207292842390      c
    5.00255871798545    0.53206809477941    0.43603902074426      o
    6.18260350808858    0.09783396997113    2.63864187897352      c
    5.09351700310191   -0.08336425297708    4.62420564294738      o
    8.97742894091231   -0.13480756445171    2.28602649694017      c
    9.97511558064613   -2.19918330952193    3.30811535083241      n
   12.43766263144116   -2.60690410098927    3.12187013596923      c
   13.29140752423108   -4.85262716691882    4.08819287668694      n
   14.07396860004397   -0.90021026091333    1.88902848846276      c
   16.84705956287153   -1.42790158831895    1.69102820189512      c
   12.99706331055051    1.25311432345149    0.89045375657354      c
   10.40309320885224    1.70140629547661    1.05463824174993      c
    9.26636556201837    4.05702998387791   -0.02414632564753      c
    1.69583339792755    1.17342004115958   -1.34465141947564      h
    1.79279815681743    2.25725475330571    1.86253512044304      h
    1.50114549190386   -1.02113320460557    1.22442805623792      h
   12.01620650821726   -5.75492293467596    5.17666662151324      h
   15.09578958092668   -4.93132277010724    4.68138841763177      h
   17.16386647322151   -3.25178478647338    0.79407761562182      h
   17.72144202235381   -1.47039574081850    3.55880257715256      h
   17.77694400594845    0.02464163056577    0.57610776906394      h
   14.18699531917187    2.62567203810759   -0.04829215851169      h
   10.73177754627191    5.44531056087513   -0.41306199324487      h
    7.90474707657526    4.87772971103594    1.27961524531852      h
    8.28307820395869    3.63234441791143   -1.78177558894119      h
$periodic 0
$end
