           1           2   1.9047503090959337     
           2           3   1.0876493706746000     
           3           4   1.3968515506149921     
           4           5   1.3680269152598701     
           5           6   1.0927944735747117     
           6           7   1.7334276838277032     
           7           8  0.97967575767523618     
           7           9  0.97267341749685443     
           5          10   1.3895638096715808     
          10          11   1.3530630786682543     
          11          12   1.0626629420857199     
          12          13  0.98505115429648937     
           3          14   1.3639251176275240     
          11          14   1.3853177535238825     
           1          15  0.97784299204414560     
           1          16  0.97248024202438244     
           2          17  0.96364256345314681     
           4          18  0.96504943737246229     
           6          19  0.95392269492565285     
          10          20  0.96583057077730905     
          13          21  0.97944187402439709     
          13          22  0.97656526674567545     
          13          23  0.97650811986698605     
          14          24  0.96026523429243005     
