$coord
    3.59234475971225    2.01061987029844    1.26273748451159      c
    3.47571517230091   -0.43900347079267    0.72881312313318      c
    5.08442611261130   -2.41496521030767    1.76602127318145      c
    4.50804337826372   -4.93836816131696    1.25967041625512      c
    5.99374295810634   -6.83911092470795    2.23203274457986      c
    5.34361221685116   -9.24575855309223    1.69235990186003      f
    8.14000476629779   -6.41784816367667    3.72269219718963      c
    9.59286414327317   -8.56106557312504    4.65486044921178      c
   11.90161834885400   -8.50752316737370    5.63865399577005      c
    8.65517517834114   -3.86570189923734    4.18541847084871      c
   10.65055117298667   -3.21831220497863    5.63220219820252      f
    7.19819683544484   -1.91613256842890    3.25892413304339      c
    2.31249023158538    3.33734376071005    0.40427618838902      h
    4.93948243317898    2.79215874830035    2.57078723637489      h
    2.05293140118287   -1.10575901161832   -0.58148738232384      h
    2.89356008851522   -5.43371864884669    0.11692422422771      h
    8.63655061718901  -10.35784803799203    4.44931542830360      h
   12.98339213357352   -6.80224156293733    5.85839458838597      h
   12.79898902931656  -10.22560507271829    6.25711170384960      h
    7.74545768197760   -0.00739263630465    3.71039285157821      h
$periodic 0
$end
