$coord
    3.77366716002044    3.14234837526131    0.11064605095747      c
    3.57099123779510    0.89826826301675    1.21236439577154      c
    5.44512979378726   -0.32705207077449    2.82038927718808      c
    7.84771651687049    0.67263812419794    3.24771712375204      c
    9.53721714786417   -0.57388384224226    4.80142488555250      c
    8.88579475970593   -2.82710259684401    5.95091389442161      c
    6.50285232731540   -3.88438353689679    5.55315189436335      c
    5.70263835596215   -6.26086740060408    6.69810296917556      c
    7.11598218138678   -7.82238862502266    8.06102713875050      c
    4.81902180040006   -2.60169091362166    3.98830377217637      c
    2.27730914886615    3.89211572636735   -1.04528147362160      h
    5.41782018713891    4.32525827070747    0.30792558204970      h
    1.85051976044373   -0.18058361816400    0.94401806147030      h
    8.40180926932949    2.42288786270502    2.36156113446750      h
   11.39068038525971    0.22234322834792    5.12064054765030      h
   10.23163493517370   -3.76139780460775    7.16423516690669      h
    3.74552252151334   -6.75330223843589    6.34613402510834      h
    9.07614452991412   -7.46634032773024    8.46809949944541      h
    6.35208564924390   -9.54462272781761    8.82680387298474      h
    2.96292717658833   -3.39884213884446    3.66923709566927      h
$periodic 0
$end
