           1           2   1.9158200148177333     
           2           3   1.0799098447997588     
           3           4   1.3825052987045972     
           4           5   1.4561077534470914     
           5           6   1.3923105582765900     
           6           7   1.0291655915755484     
           6           8   1.3740220132405654     
           8           9  0.95409097855843572     
           3          10   1.3251658905608230     
           8          10   1.3565342851586122     
          10          11   1.0705562928180703     
          11          12   1.7495504619584428     
          12          13  0.98226678591952277     
          12          14  0.97547282562826443     
           1          15  0.97734360087276873     
           1          16  0.97399054106337202     
           2          17  0.95819960944997418     
           4          18  0.96549887008433088     
           5          19  0.96741915885951169     
           7          20  0.98523316096923264     
           7          21  0.96972189280935039     
           7          22  0.96732111340779359     
          11          23  0.94834553859084803     
