           1           2   1.0249167494615532     
           2           3   1.4183179413816043     
           3           4   1.4390326546112187     
           4           5   1.3982110502818368     
           5           6   1.3217356340035322     
           2           7   1.3855333377904464     
           4           7  0.10114455533938674     
           6           7   1.4610357412809609     
           6           8  0.98595294125640409     
           8           9  0.97663888225506090     
           8          10  0.97637476328143880     
           8          11  0.98616534273063927     
          11          12   1.4478298474627158     
          12          13   1.3982721755348555     
          13          14   1.0248153359580348     
          11          15  0.10181830775560892     
          13          15   1.4056061570527167     
          15          16   1.4524455793713988     
           5          17   1.0825362430338965     
          11          17   1.3310688536506543     
          16          17   1.3884199823199275     
           1          18  0.98600407916589550     
           1          19  0.97325828943520598     
           1          20  0.97332610814126141     
           3          21  0.96916662219608496     
           4          22  0.96887743667201387     
           7          23  0.96698931591739701     
           9          24  0.98408548540214902     
           9          25  0.98735776657906282     
           9          26  0.98408056941835564     
          10          27  0.98409532996346583     
          10          28  0.98408980180644001     
          10          29  0.98736009748987730     
          12          30  0.96582345649050816     
          14          31  0.98613128899353308     
          14          32  0.97327209716048269     
          14          33  0.97324464927684617     
          15          34  0.97032124799338426     
          16          35  0.96883274749268733     
