           1           2   1.8758410074185607     
           2           3   1.1113702127752623     
           3           4   1.4476169423876590     
           4           5   1.3752684352110127     
           5           6   1.4519859617826163     
           6           7   1.1069856257276880     
           7           8   1.8805327072960156     
           6           9   1.2095470761419340     
           9          10   1.3069800765544297     
          10          11   1.5466668159890777     
          11          12   1.2915657028823069     
          12          13   1.5465619599644325     
           3          14   1.2105118588715356     
           9          14   1.2277630422507670     
          13          14   1.3060373734270887     
           1          15  0.97787053986473027     
           1          16  0.96516954411895550     
           2          17  0.96317544976170932     
           4          18  0.96695589962595352     
           5          19  0.96443948910740573     
           7          20  0.95935710675736663     
           8          21  0.97247432668781419     
           8          22  0.97798994411612061     
          11          23  0.96227499878270251     
          12          24  0.96221195317882202     
