           1           2   1.9014743890748158     
           2           3   1.0937642934851983     
           3           4   1.4697526969246011     
           4           5   1.1674976177798122     
           4           6  0.12741410382640866     
           5           6   1.2336838245129178     
           6           7   1.1353305441754431     
           3           8   1.2427115180290049     
           6           8   1.3703534267862325     
           8           9   1.1032949015797993     
           9          10   1.8896246507870991     
           1          11  0.97850527317195946     
           1          12  0.97236687459772231     
           2          13  0.96128549142593278     
           5          14  0.94235816928299876     
           7          15  0.95240832963791444     
           7          16  0.94156223766605829     
           9          17  0.95857998580028581     
          10          18  0.97367111218010149     
          10          19  0.97917404934987162     
