           1           2   1.8990347066674125     
           2           3   1.0924472931583256     
           3           4   1.3693039328370629     
           4           5   1.4469487380016557     
           5           6   1.3811933077059968     
           6           7   1.0697672946987842     
           7           8  0.98270735971466283     
           6           9   1.2755734019552982     
           9          10   1.1009365098967407     
          10          11   1.7308459686827895     
          11          12  0.97417116802652415     
          11          13  0.97027337440023997     
           3          14   1.3740493693590956     
           9          14   1.4118044677947210     
           1          15  0.97807632995441829     
           1          16  0.97199592461824857     
           2          17  0.96456088608732438     
           4          18  0.96839926832409073     
           5          19  0.96481898002373656     
           8          20  0.97910574561651120     
           8          21  0.97608390326659167     
           8          22  0.97610375058343923     
          10          23  0.94931824920898411     
          14          24  0.96022098755426810     
