   -0.08907009
   -0.02966954
    0.00312133
   -0.03572797
   -0.06860350
    0.13822726
   -0.27552729
    0.07620099
    0.10858737
   -0.06934918
   -0.05201608
   -0.06701845
    0.08008537
   -0.32042348
   -0.00733546
   -0.02666967
   -0.08906294
   -0.04101274
    0.03494955
    0.03640270
    0.03289316
    0.03861701
    0.03030921
    0.03012575
    0.03614366
    0.05574599
    0.04471301
    0.04873146
    0.03557757
    0.03154173
    0.04681850
    0.03431545
    0.04882198
    0.01616942
    0.04684521
    0.03793619
    0.03600708
    0.04259945
