           1           2   1.8611345349760711     
           2           3   1.1386494097071853     
           3           4   1.5024966732082072     
           4           5   1.2998966476676654     
           5           6   1.0120137547783359     
           6           7  0.98654348495777011     
           7           8   1.0082329396381025     
           8           9   1.0076579488317348     
           9          10   1.0065116398476666     
          10          11   1.0066694694955800     
          11          12   1.0091697164006272     
          12          13   1.0069290909793143     
          13          14   1.0069543086077417     
          14          15   1.0072668749655387     
          15          16   1.0088715600302443     
          16          17   1.0188731521222929     
           5          18   1.4723984959701517     
          18          19   1.1409153585899949     
          19          20   1.8529041009956133     
           3          21   1.1396410233288916     
          18          21   1.1279534689529966     
           1          22  0.97841022150482215     
           1          23  0.97222675378867063     
           2          24  0.95882353704259815     
           4          25  0.96365638022778266     
           6          26  0.96513365168846099     
           6          27  0.97260769404256053     
           7          28  0.97509509422558460     
           7          29  0.97657889259170116     
           8          30  0.97248410012836028     
           8          31  0.97539787311924797     
           9          32  0.97701496054850345     
           9          33  0.97564456390246768     
          10          34  0.97771425448912352     
          10          35  0.97742841685778670     
          11          36  0.97345920263930763     
          11          37  0.97681144824680821     
          12          38  0.97691609655972667     
          12          39  0.97236457819874422     
          13          40  0.97731197502593936     
          13          41  0.97635514647542332     
          14          42  0.97620370662344835     
          14          43  0.97743174540528444     
          15          44  0.97266142491142893     
          15          45  0.97701997446142297     
          16          46  0.97848965331140736     
          16          47  0.97668376114920985     
          17          48  0.98794757564695534     
          17          49  0.98770517483857845     
          17          50  0.98813159932757788     
          19          51  0.96250970004363012     
          20          52  0.96989101985527615     
          20          53  0.97781366715101270     
