   -0.09790925
   -0.02821335
   -0.02298223
   -0.01464461
   -0.13844620
    0.55430428
   -0.10618986
   -0.10959254
   -0.10307759
   -0.10911019
   -0.10838024
   -0.10899388
   -0.11220925
   -0.10672747
   -0.10686102
   -0.01383142
   -0.02316101
   -0.02805548
   -0.09790950
    0.02826651
    0.02694842
    0.03149116
    0.02224764
    0.02835022
    0.03709074
    0.03104624
    0.03643318
    0.02858711
    0.03590515
    0.02642451
    0.03422952
    0.02803543
    0.02669591
    0.03787262
    0.03193743
    0.03588681
    0.03420245
    0.02083665
    0.03018478
    0.02767911
    0.03518167
    0.03105922
    0.03560846
    0.02879395
    0.02442327
    0.03132012
    0.02710474
    0.02814779
