           1           2   1.8849394266211124     
           2           3   1.1102770668932807     
           3           4   1.5137069759938715     
           4           5   1.2169626959115352     
           5           6  0.87375518553981735     
           6           7  0.84215394930179188     
           7           8   1.0177479385210741     
           7           9   1.0211350341523722     
           6          10  0.84204595571021812     
          10          11   1.0210779244841139     
          10          12   1.0202591114752853     
           6          13  0.83638898429612341     
          13          14   1.0220516297222324     
          13          15   1.0214466686607124     
           4          16  0.10875521308056560     
           5          16   1.2200371375441836     
           3          17   1.1889075444360537     
          16          17   1.5138973120830221     
          17          18   1.1103582399768597     
          18          19   1.8848658428829739     
           1          20  0.97951995890814092     
           1          21  0.97680405794959757     
           2          22  0.96146504007026490     
           4          23  0.96751291188647359     
           7          24  0.97246902763810361     
           8          25  0.98569442064856294     
           8          26  0.98552622808898871     
           8          27  0.98355005118230632     
           9          28  0.98642846925458794     
           9          29  0.98354230883432991     
           9          30  0.98515615304737869     
          10          31  0.96585897009702559     
          11          32  0.98661705134109090     
          11          33  0.98888362656886386     
          11          34  0.98367656765945943     
          12          35  0.98722340979071821     
          12          36  0.98336635242250114     
          12          37  0.98629304751636093     
          13          38  0.97450997473271239     
          14          39  0.98515195371210695     
          14          40  0.98741812209930957     
          14          41  0.98311666921349361     
          15          42  0.98701328784239872     
          15          43  0.98286682481817611     
          15          44  0.98648129673681950     
          16          45  0.96417113795409581     
          18          46  0.96150252148691540     
          19          47  0.97681574223531797     
          19          48  0.97952448967715344     
