           1           2   1.9124191066058054     
           2           3   1.0800906319248946     
           3           4   1.3754148978811649     
           4           5   1.4663193593225827     
           5           6   1.3644937413865836     
           6           7  0.91374406126211505     
           7           8   1.0740160794040334     
           8           9  0.91815278946651968     
           8          10  0.91849040826771133     
           8          11  0.94974240605599558     
           6          12   1.4277817615960109     
           3          13   1.3369417392634531     
          12          13   1.3719421561616949     
          13          14   1.0767124727608619     
          14          15   1.9164385992999293     
           1          16  0.97688667917248628     
           1          17  0.97163984763967126     
           2          18  0.95946683706303570     
           4          19  0.96713812334036819     
           5          20  0.96536727545317602     
          12          21  0.96126781436049724     
          14          22  0.95456610094984007     
          15          23  0.97371398519084029     
          15          24  0.97737308383344113     
