           1           2   1.9182895667387723     
           2           3   1.0733164840497915     
           3           4   1.3921063206585931     
           4           5   1.4261641867774923     
           5           6   1.0113993725118102     
           6           7   1.0029771891143568     
           5           8   1.3578304457850459     
           8           9   1.0635650001936876     
           9          10   1.9271654272620165     
           8          11   1.3765925599454674     
           3          12   1.3401521933420761     
          11          12   1.4448733166779009     
          12          13   1.0098643130146123     
          13          14   1.0017245520049753     
           1          15  0.97839940073479792     
           1          16  0.97460427382195169     
           2          17  0.95903759415331546     
           4          18  0.96411932884798945     
           6          19  0.97049521149337536     
           6          20  0.97186835919872439     
           7          21  0.98726979600211540     
           7          22  0.98693762329314128     
           7          23  0.98488349345240622     
           9          24  0.95917081140428218     
          10          25  0.97179215849705458     
          10          26  0.97772939949295512     
          11          27  0.96678939131041342     
          13          28  0.97365544440317053     
          13          29  0.97281581229974867     
          14          30  0.98835317116204835     
          14          31  0.98652791010097618     
          14          32  0.98687429106401392     
