           1           2   1.8965033563461022     
           2           3   1.0953124738236517     
           3           4   1.2396738770406972     
           3           5  0.14174081016080220     
           4           5   1.2066024116190062     
           5           6   1.4611825956388753     
           6           7   1.0407133146490759     
           7           8   1.1948959952912710     
           8           9  0.98645167563308922     
           7          10  0.17972004364215211     
           8          10   1.7137613529481632     
           3          11   1.3753636228090751     
           6          11   1.2695938384841940     
          11          12   1.1013899961300984     
          12          13   1.8946562036193255     
           1          14  0.97737287008205764     
           1          15  0.97359308321868832     
           2          16  0.95998581094475699     
           4          17  0.93894829054825735     
           7          18  0.92154541726716332     
           9          19  0.96244371148208896     
           9          20  0.98307770481818013     
           9          21  0.97225980035553528     
          12          22  0.96034386956833251     
          13          23  0.97395200121544701     
          13          24  0.97803422145233021     
