           1           2   1.8970363612965666     
           2           3   1.0938736948357597     
           3           4   1.3523780519483846     
           4           5   1.4728528815479529     
           5           6   1.3580161882702861     
           6           7   1.1025229081963104     
           7           8   2.7914894474000769     
           6           9   1.2905167553930177     
           9          10   1.1021559807448851     
          10          11   1.7209273422665721     
          11          12  0.98336383420963669     
          11          13  0.98431446665933020     
           3          14   1.3838640039895616     
           9          14   1.3995529949925913     
           1          15  0.97730844069479461     
           1          16  0.97188629610918542     
           2          17  0.96327512473989974     
           4          18  0.96365995339896093     
           5          19  0.96886235813241395     
          10          20  0.94919848337565593     
          14          21  0.96274331916478562     
