           1           2   1.9141258433200525     
           2           3   1.0772690772671560     
           3           4   1.3875961731405284     
           4           5   1.4177240272576033     
           5           6  0.98136809155137006     
           6           7  0.99984006621536503     
           6           8  0.98888693251966309     
           6           9  0.98787870805493461     
           5          10   1.4017032200400770     
          10          11   1.4023868902785310     
          11          12   1.0748718470643339     
          12          13   1.9091592417686727     
           3          14   1.3064247817163148     
          11          14   1.2987582895404755     
          14          15   1.1653027549541073     
           1          16  0.97862631067467987     
           1          17  0.97492367788298440     
           2          18  0.95281686136992105     
           4          19  0.96188545780641488     
           7          20  0.98507062550774038     
           7          21  0.98450432731454052     
           7          22  0.98461578440155118     
           8          23  0.98696395015341121     
           8          24  0.98485262736640444     
           8          25  0.98342759638820221     
           9          26  0.98697197694634975     
           9          27  0.98414017395802211     
           9          28  0.98486398363070060     
          10          29  0.96341800995648397     
          12          30  0.96138165022066202     
          13          31  0.97309065254868132     
          13          32  0.97811632112146196     
          15          33  0.94200013314381059     
          15          34  0.94442199405029070     
