$coord
    5.25249949792909   -3.28401081514875  -10.53624372986846      c
    5.14368496106359   -1.84025698232831   -8.03481306001082      c
    3.63532183459332    0.60394061660466   -8.34054539396556      c
    3.84575287220997   -3.55726089028057   -6.35058900171152      o
    3.43346392856329   -2.92363048704292   -3.93248080894366      c
    2.25189738130025   -4.87481671923196   -2.69237086834481      n
    2.00450638851723   -7.28457968776645   -3.84412783677903      c
    4.10715086543818   -8.57986818379394   -4.73573426110969      c
    3.82291359824384  -10.93349046586395   -5.82791334674212      c
    1.45724088064301  -12.05626171896698   -6.03410820912659      c
    1.16783267514331  -14.59834167526096   -7.24700728988807      c
   -0.62856041425876  -10.75234678057978   -5.11729766338086      c
   -0.36881900266521   -8.38985575509763   -4.03478060283315      c
    1.27532392350576   -4.57118082787817   -0.22801277079568      c
    0.18330512609113   -2.30997557404018    0.54704940610574      c
   -0.76315955635331   -2.08410104739266    2.97243957021764      c
   -0.66007028799230   -4.10072335336670    4.63558779075258      c
    0.41050340880619   -6.35919802945028    3.85987374853723      c
    1.38065506762702   -6.59820256648159    1.44743677805424      c
    3.98817306589294   -0.93996244409667   -2.95448800798933      o
    7.80880398083130   -1.29720880800188   -7.06189594630644      c
    3.35110364415402   -3.69358305155923  -11.19444123957889      h
    6.24332018235575   -5.06386729788964  -10.27626233112233      h
    6.23141296631423   -2.16644184241801  -11.95158602646538      h
    1.72070875665696    0.17767235930878   -8.95668262352804      h
    4.53683362706718    1.80170774403206   -9.74294652535944      h
    3.55178554374836    1.61261559947668   -6.55440076708519      h
    5.95768260253894   -7.73886557068056   -4.56423011759356      h
    5.46918745781029  -11.92723892162142   -6.51648769707076      h
    2.79714658479612  -15.78776172756186   -6.85223568619366      h
    1.01692863366360  -14.38917666955414   -9.29160852648079      h
   -0.52830749332355  -15.54413610688042   -6.57618728772032      h
   -2.48420816588137  -11.59455435671235   -5.25363923383304      h
   -2.00088310582833   -7.39343033889123   -3.32060643381726      h
    0.09483044509333   -0.73186104699163   -0.73613663701525      h
   -1.59757168428704   -0.31754388014774    3.56073193710049      h
   -1.40541940469913   -3.91428702812509    6.52576452017698      h
    0.50382381247213   -7.94412870361857    5.14277285043870      h
    2.22533694248866   -8.35750697037528    0.84996725024991      h
    8.81215364240966   -0.12385338475725   -8.41506946256550      h
    8.84322162660720   -3.05668686859720   -6.81133869353406      h
    7.72108549492387   -0.31368554839661   -5.26160391318139      h
$periodic 0
$end
