           1           2   1.8891815211461016     
           2           3   1.1010295135645778     
           3           4   1.3625503699168235     
           4           5   1.4353857638890415     
           5           6  0.96001966481474488     
           5           7   1.3183328023677361     
           7           8   1.1010919252256564     
           8           9   1.8891143922496583     
           7          10   1.3625508610577308     
           3          11   1.3183637508564485     
          10          11   1.4353725727658633     
          11          12  0.96001947281388056     
           1          13  0.97753224151241969     
           1          14  0.97233721156507369     
           2          15  0.96298043346861251     
           4          16  0.96031750767806534     
           8          17  0.96298294520818328     
           9          18  0.97232943434933639     
           9          19  0.97753437173685298     
          10          20  0.96030750742336057     
