           1           2   1.9159577516487467     
           2           3   1.0772335414797256     
           3           4   1.3868414626002559     
           4           5   1.4007686645846409     
           5           6  0.94324259867449278     
           5           7   1.3920995723264817     
           7           8   1.3971674210294713     
           8           9   1.0757087015300089     
           9          10   1.9161514027346540     
           3          11   1.3051989088443954     
           8          11   1.2978101787492045     
          11          12   1.1724905075697176     
           1          13  0.97813898847626479     
           1          14  0.97463918133973071     
           2          15  0.95269409619149137     
           4          16  0.96443454973224030     
           7          17  0.96432331594941678     
           9          18  0.95748456584358710     
          10          19  0.97456974788818718     
          10          20  0.97807293212446311     
          12          21  0.94818805272151496     
          12          22  0.94385864460035118     
