           1           2   1.8963969879398899     
           2           3   1.1007415568317855     
           3           4   1.2957863020025104     
           4           5   1.0294509965634928     
           4           6   1.4761869314615059     
           6           7   1.1956613516779504     
           7           8   1.0047547653047628     
           3           9   1.3584741634526643     
           6           9  0.13042314108651409     
           7           9   1.2339776651497867     
           9          10   1.1089350928696389     
          10          11   1.8834246225941909     
           1          12  0.97921569591690849     
           1          13  0.97527891658978516     
           2          14  0.95804340571577573     
           5          15  0.97531117499428599     
           5          16  0.98184876659103359     
           5          17  0.96740229828609137     
           8          18  0.97802924477543007     
           8          19  0.97206583553634962     
           8          20  0.97452085818980916     
          10          21  0.95950785896053925     
          11          22  0.97343000599625973     
          11          23  0.97880741792692472     
