           1           2   1.9013505995218098     
           2           3   1.0857432936121494     
           3           4   1.4374072427595155     
           4           5   1.3604424460998654     
           5           6   1.0809340840030117     
           6           7   1.9108087593764780     
           5           8   1.3344837705025268     
           8           9  0.95094094506308569     
           9          10   1.7568202626712901     
           9          11   1.1260274497192704     
          10          11  0.17692919107172067     
          11          12  0.95621238943875009     
           8          13   1.4132570323234563     
           3          14   1.2383953183046257     
          13          14   1.3564426753157290     
          14          15   1.2063808779587064     
           1          16  0.97775118595396682     
           1          17  0.97232147533504554     
           2          18  0.96099215912272273     
           4          19  0.96583262127646374     
           6          20  0.96069979427229812     
           7          21  0.97151554590925238     
           7          22  0.97738612928648627     
          12          23  0.97610969238943435     
          12          24  0.97583579377712426     
          12          25  0.98117200350662181     
          15          26  0.94395660672560877     
          15          27  0.93975494889251776     
