           1           2   1.0320553626422948     
           2           3   1.5897781039293259     
           3           4   1.1245707384808838     
           3           5  0.14834278462154823     
           4           5   1.1245133209672380     
           2           6   1.2353470573815124     
           5           6   1.5897822068670258     
           6           7   1.0320549683124471     
           1           8  0.98589638673285251     
           1           9  0.97327422392016960     
           1          10  0.97329552325686697     
           3          11  0.96710560380317689     
           5          12  0.96710121253115799     
           7          13  0.98589593523465358     
           7          14  0.97327596193968247     
           7          15  0.97329419826703156     
