           1           2   1.0319046043462081     
           2           3   1.3249934132636443     
           3           4   1.4875972824873234     
           4           5   1.0328848235040287     
           5           6   1.7537785452186219     
           5           7   1.0893032362355961     
           6           7  0.15746567023584113     
           4           8   1.1056087087793729     
           2           9   1.4816031121646644     
           4           9  0.12977065918197236     
           8           9   1.1543930704311451     
           9          10   1.0329441241813035     
           1          11  0.98536213937529604     
           1          12  0.97346180499646962     
           1          13  0.97151183924601270     
           3          14  0.96972542208912249     
           7          15  0.87368493295120120     
          10          16  0.98105483425452300     
          10          17  0.96666543736725397     
          10          18  0.96554578576903238     
