           1           2   1.9014615404482798     
           2           3   1.0903916018103408     
           3           4   1.3625602480304710     
           4           5   1.4624573707500068     
           5           6   1.4080330120119586     
           6           7   1.0108861390632471     
           7           8  0.95276754131735075     
           8           9   1.8102102957643780     
           8          10   1.1041251970760586     
           9          10  0.16038680433124611     
           6          11   1.3586304204904431     
          11          12   1.0584895799563716     
          12          13   1.9323376536158634     
           3          14   1.3881157493706873     
           5          14  0.10043957584793331     
          11          14   1.4017499803970717     
           1          15  0.97815556966472150     
           1          16  0.97268347671839073     
           2          17  0.96437568841593346     
           4          18  0.96835200871235005     
           5          19  0.96832958885879583     
           7          20  0.95094984480881328     
           7          21  0.94824975774509290     
          10          22  0.87721687690201922     
          12          23  0.95920233027464052     
          13          24  0.97306953489752579     
          13          25  0.97716877710420413     
          14          26  0.96386054325159654     
