           1           2   1.8976206935930287     
           2           3   1.0933894092237053     
           3           4   1.3457642667104586     
           4           5   1.4703750524932508     
           5           6   1.3834560706133465     
           6           7   1.0730691121807998     
           7           8   1.9161003247687833     
           6           9   1.3084150760151230     
           9          10  0.98058066165446600     
          10          11   1.7427804151381177     
          10          12   1.1148920191896396     
          11          12  0.17173179532175581     
          12          13  0.95822109014614343     
           3          14   1.3723559268487751     
           9          14   1.4319136881875236     
           1          15  0.97761553082113906     
           1          16  0.97277738841108596     
           2          17  0.96358235571285766     
           4          18  0.95980249702863418     
           7          19  0.95558949323545561     
           8          20  0.97250905921607567     
           8          21  0.97601038109943916     
          13          22  0.98170750700730181     
          13          23  0.97705802557359478     
          13          24  0.97687541080318652     
          14          25  0.96248781478001733     
