$coord
    2.69339008344298   -0.32042990582358   -1.35671966593742      c
    4.84488204483657    0.23592724855267    0.09916444400488      o
    6.19027060793332   -1.71587002170052    1.12143288087798      c
    5.58724682539846   -4.26790148972839    0.80979475169860      c
    7.03018290151612   -6.12754740951385    1.94206783031797      c
    8.27829183116743   -0.99292238141439    2.55392298705822      c
    9.74193016185931   -2.86274458970290    3.63917709805120      c
    9.11393910460199   -5.44703012566372    3.37279997877351      c
   10.94697610139410   -6.84258451222529    4.80605380507137      c
   11.35347271965851   -9.40104433257379    5.23861130017223      c
   13.37218785924141  -10.12218214363658    6.70878692917393      c
   15.03449512663262   -8.33039885053205    7.73852519867792      c
   16.97286566231828   -9.31428140063614    9.12383672147238      o
   18.72142895581907   -7.64902465449801   10.22887488647945      c
   14.66538891462095   -5.76630914574909    7.32837820561669      c
   12.59241192850528   -5.04880674457709    5.88985197733089      c
   11.84894676448162   -2.64576877071634    5.17261058018895      n
   13.02229992281227   -0.39323282188464    5.88400638948929      c
   13.63627828915183    0.05068223990522    8.40783537531823      c
   14.82785051130993    2.25623562138901    9.11772093467151      c
   15.42674275272859    4.10105234294653    7.32713268633857      c
   16.68335075210834    6.46245220835821    7.94275735090854      c
   17.56737998591091    7.22598702873062   10.15807066498663      c
   17.51506615640124    6.00613566632963   12.35146403581196      f
   18.70229246748501    9.44861515446673   10.49221765184477      f
   14.77686048379349    3.65274781204516    4.80637612124304      c
   13.60389086374154    1.44204565896918    4.08595760565760      c
    1.93679173288792    1.50037230246169   -1.94676338584774      h
    1.26230089290134   -1.32620057588796   -0.25091692397326      h
    3.17385477210872   -1.43389327356615   -3.03370149313479      h
    3.97318915669586   -4.81756186548109   -0.30540797748623      h
    6.52864986682531   -8.09137923543197    1.71633841899124      h
    8.66856465103777    0.99209486612777    2.79008235309582      h
   10.10799959265973  -10.79747710657193    4.42873521558881      h
   13.74865515074689  -12.08701185515623    7.09418480177661      h
   20.06580627941700   -8.83886884180011   11.23463666341082      h
   17.80864562787323   -6.36644196476622   11.57236124792265      h
   19.72782964462036   -6.54024043209414    8.80017024832442      h
   15.94727138208987   -4.36521361713134    8.06417314016570      h
   13.13274354405928   -1.33468603797554    9.81735479787134      h
   15.27006433731151    2.54780994030907   11.08390288223409      h
   16.95369178196784    7.77835787920533    6.40509553402008      h
   15.22430775967372    5.05594271455080    3.39283970258492      h
   13.16025313925283    1.10430743232850    2.12421364532007      h
$periodic 0
$end
