           1           2   1.8976436974573851     
           2           3   1.0975743517246592     
           3           4   1.5204286107739760     
           4           5   1.2167778900559798     
           5           6  0.87810124896703534     
           6           7  0.83603650152108466     
           7           8   1.0215468820955755     
           7           9   1.0221453600622339     
           6          10  0.84145553097506320     
          10          11   1.0203534567351000     
          10          12   1.0211172149908092     
           6          13  0.84172305231866962     
          13          14   1.0212406335507325     
          13          15   1.0179010266886226     
           4          16  0.11079352138342531     
           5          16   1.2126836615769971     
           3          17   1.1917916768087384     
          16          17   1.5205364716445802     
          17          18   1.0977478649245682     
          18          19   1.8983443359361627     
           1          20  0.97927629846024011     
           1          21  0.97707085303190422     
           2          22  0.95979216601974637     
           4          23  0.96457213694844801     
           7          24  0.97455531418298691     
           8          25  0.98696000381592364     
           8          26  0.98650355969157677     
           8          27  0.98288087908483357     
           9          28  0.98528829642136695     
           9          29  0.98314150772764730     
           9          30  0.98744616298379384     
          10          31  0.96603894668530432     
          11          32  0.98721977462742172     
          11          33  0.98650258133449420     
          11          34  0.98340824482933376     
          12          35  0.98664277115228671     
          12          36  0.98369038022688504     
          12          37  0.98886189734515995     
          13          38  0.97266131201520312     
          14          39  0.98660555782354209     
          14          40  0.98516063405445764     
          14          41  0.98356216782790540     
          15          42  0.98581048219021339     
          15          43  0.98358652286675419     
          15          44  0.98555553764126169     
          16          45  0.96899001195463730     
          18          46  0.96307889949024938     
          19          47  0.97363940310210850     
          19          48  0.97898986487064277     
