           1           2   1.0250069925929786     
           2           3   1.4077542010117654     
           3           4   1.4538632083307563     
           4           5   1.3711026927740118     
           5           6   1.0564680035320424     
           6           7   1.0720157845357903     
           7           8   1.3567743754925561     
           8           9   1.4701289097287868     
           9          10   1.3760654861910526     
          10          11   1.0512998245380680     
          11          12   1.3867722806260985     
          12          13   1.4527564300388489     
          11          14  0.10497400628595178     
          13          14   1.4338336353138292     
          12          15  0.10800749043675502     
          14          15   1.4337905838795835     
          11          16   1.3866653296623006     
          13          16  0.10800966919114087     
          15          16   1.4528015614182068     
          10          17   1.3758471203265368     
           7          18   1.3565893222189933     
          17          18   1.4702867905839179     
           6          19   1.0655890548449654     
          19          20   1.3657474946350707     
          20          21   1.4572193938056828     
          21          22   1.4294421547981018     
          20          23  0.10491985268942615     
          22          23   1.4290762032162978     
          19          24   1.3653317713888093     
          21          24  0.10497966191029882     
          23          24   1.4574618372756671     
           3          25  0.10263091837567090     
           5          25   1.3628755674335582     
           2          26   1.3970931439227607     
           4          26  0.10446150167080143     
          25          26   1.4654694532920962     
           1          27  0.98563121227377604     
           1          28  0.97637742393357241     
           1          29  0.97074991978046432     
           3          30  0.96880927087894164     
           4          31  0.96804795578548952     
           8          32  0.96746736167349101     
           9          33  0.96808680489169918     
          12          34  0.96870338209594475     
          13          35  0.97101579459885090     
          14          36  0.97174637036728362     
          15          37  0.97101112030755909     
          16          38  0.96867037421780799     
          17          39  0.96805441864929087     
          18          40  0.96741407703044413     
          20          41  0.96818039149215573     
          21          42  0.97103022374566095     
          22          43  0.97180056785133950     
          23          44  0.97101329986903251     
          24          45  0.96817979690523115     
          25          46  0.96808552487496036     
          26          47  0.96973869639829435     
