           1           2  0.98461258587221301     
           2           3   1.0646317449790119     
           3           4   1.3507789864716933     
           4           5   1.4048672041880581     
           5           6   1.0395981203748350     
           6           7   1.0354370374208082     
           7           8   1.3488116536092309     
           8           9   1.0189491839866083     
           8          10   1.4029074460259372     
          10          11   1.4413685531856502     
          11          12   1.4250072929106845     
           7          13   1.3773426120978329     
          10          13  0.10310772676857023     
          12          13   1.4449059594856695     
           6          14   1.0873590296705316     
          14          15   1.3551539590961703     
          15          16   1.4558956366939022     
          16          17   1.4069219243828219     
          17          18   1.0236098001685554     
          15          19  0.10366225098150758     
          17          19   1.3958969145095748     
          14          20   1.3469355774819365     
          16          20  0.10151487742947507     
          19          20   1.4676407944872327     
           5          21   1.3286130174497524     
           9          21   1.0142067508917163     
          21          22   1.4130305719637664     
           3          23   1.3653539033437074     
          22          23   1.4330159110858554     
           1          24  0.97946000390340338     
           1          25  0.97656513040564119     
           1          26  0.97664698012626028     
           4          27  0.96271236760039480     
          10          28  0.96798455140222184     
          11          29  0.96973697440045303     
          12          30  0.97022497218753967     
          13          31  0.96620079347496080     
          15          32  0.96284355218174933     
          16          33  0.96895316598552828     
          18          34  0.98623609376529775     
          18          35  0.97371185245163527     
          18          36  0.97497461736352786     
          19          37  0.97005773221285585     
          20          38  0.96315826182891207     
          22          39  0.96794382979551274     
          23          40  0.96511320258917155     
