           1           2   1.8992395701488738     
           2           3   1.0918243141867341     
           3           4   1.3582530539632081     
           4           5   1.4766400589968001     
           5           6   1.3687588986311645     
           6           7   1.0784929303851347     
           7           8   1.9076697778097176     
           6           9   1.3350504072327254     
           9          10  0.97989330724701673     
          10          11   1.7782000562819080     
          10          12   1.1042771867575982     
          11          12  0.16077755750773162     
           3          13   1.3773242777387371     
           9          13   1.4196810182234307     
           1          14  0.97768791276227540     
           1          15  0.97258929112302595     
           2          16  0.96352077191252061     
           4          17  0.96486335107044841     
           5          18  0.96791647942465664     
           7          19  0.96017292913842955     
           8          20  0.97123490637743404     
           8          21  0.97649998940807681     
          12          22  0.87276292709376624     
          13          23  0.96463821572679775     
