           1           2   1.9218644278802823     
           2           3   1.0711225239161659     
           3           4   1.5041767732151614     
           4           5   1.2809931459080106     
           5           6   1.0735308015529867     
           6           7   1.7421381002372949     
           7           8  0.99523690517594710     
           7           9  0.97429622922380732     
           5          10   1.4317463170460321     
          10          11  0.96524644338045817     
          10          12   1.2487972633565771     
          12          13   1.2819621859760715     
          13          14   1.5500166100462918     
          14          15   1.3289499414839956     
          13          16  0.11702729028941061     
          15          16   1.5433557244964664     
           3          17   1.2212665989458265     
          12          17   1.2523470580912843     
          16          17   1.2978086991967610     
           1          18  0.97743481798863996     
           1          19  0.97462194220925025     
           2          20  0.95618621528722780     
           4          21  0.96515542293791334     
           6          22  0.95221673212306968     
          13          23  0.96704912000354037     
          14          24  0.97033228380710546     
          15          25  0.97064034681473599     
          16          26  0.96439558079828736     
