           1           2   1.0283337473325707     
           2           3   1.4115830309278090     
           3           4   1.4179312919174980     
           4           5   1.0282583169372532     
           2           6  0.10513269244819139     
           4           6   1.4017595348507461     
           3           7  0.10047672287369240     
           6           7   1.4207577752893927     
           7           8  0.95059017861306616     
           8           9  0.95082653096679204     
           8          10  0.93938609906316395     
           8          11  0.93939593063080218     
           2          12   1.4093353912931004     
           4          12  0.10644983474203897     
           7          12   1.4112919980487164     
           1          13  0.98513644307515869     
           1          14  0.97006161653176570     
           1          15  0.96996249273975266     
           3          16  0.96576395630997292     
           5          17  0.98512397702074794     
           5          18  0.97007739250921154     
           5          19  0.97004410538900476     
           6          20  0.96646728813682914     
          12          21  0.96747619757781200     
