$coord
    5.56052570176340   -0.23217735283188    0.22531136175799      c
    2.72696382739734   -0.08539138476794    0.19120336650732      c
    1.32221797778262   -2.29416921672232    0.30200033060033      c
   -1.31191828705532   -2.29269071650085    0.26794805426380      c
   -2.64017267213805   -4.77971569620214    0.48197486900633      c
   -4.42631305420221   -5.16819377307621    1.81950691171351      o
   -1.65225917649226   -6.64945964583716   -0.93467820412490      o
   -2.62942129215055   -0.01010327149092    0.07152084872977      c
   -5.44737874525164    0.15689451011833   -0.02560213113575      c
   -1.21685802797152    2.19489821852971   -0.11847091419607      c
    1.40539061859569    2.19571604350976   -0.01752032899465      c
    2.67687325474611    4.71638448445510   -0.19572688620816      c
    2.11914261024782    6.27381533304417   -1.73983509698664      o
    4.47263986304002    5.18329391864022    1.54640797279038      o
    6.18650570353103   -1.96390009317171   -0.68971183029585      h
    6.26868433761737   -0.27782406455915    2.16222758763629      h
    6.41643236542023    1.35879882377049   -0.75322222569003      h
    2.32485990567674   -4.06832810079637    0.48792117804568      h
   -0.27067586607961   -6.07794625696919   -1.98427719364145      h
   -6.33010713609987   -1.66186269445500    0.30947470219729      h
   -6.04158816216616    0.87210879221723   -1.86323998139465      h
   -6.11197691569511    1.47912290085610    1.40327869280048      h
   -2.17443793220219    3.98482001603839   -0.33014959556526      h
    4.68896054211195    3.79761720019850    2.71394144989222      h
$periodic 0
$end
