           1           2   1.8935922215568823     
           2           3   1.0977615630202833     
           3           4   1.3598258853291030     
           4           5   1.4804951010220599     
           5           6   1.3584698704612974     
           6           7   1.1019267063812677     
           7           8   1.8887371908739921     
           6           9   1.3229341061232018     
           9          10  0.95420520219135430     
           3          11   1.3647868221295658     
           9          11   1.4356708890653243     
           1          12  0.97800884897819296     
           1          13  0.97261318145683340     
           2          14  0.96421900847883391     
           4          15  0.96778062875930027     
           5          16  0.96740192040193373     
           7          17  0.96350947700612766     
           8          18  0.97284467815090936     
           8          19  0.97819773440433033     
          11          20  0.96161732335194683     
