           1           2  0.99175951985493038     
           2           3   1.0064807027454588     
           3           4   1.4119469447518807     
           4           5   1.4037579515334730     
           5           6  0.95207901614079982     
           5           7   1.3631802167687228     
           7           8   1.0275788529904377     
           4           9  0.10411288106786186     
           7           9   1.4091642645941134     
           3          10   1.3704913432434402     
           9          10   1.4181081007081002     
          10          11   1.0297646718314726     
           1          12  0.98317109265559954     
           1          13  0.98544715172587349     
           1          14  0.98566518371028022     
           4          15  0.96418746304078651     
           8          16  0.98415400093818417     
           8          17  0.97003770942405820     
           8          18  0.97077006850508873     
           9          19  0.96577726360406735     
          11          20  0.98050432133901178     
          11          21  0.96452394486619808     
          11          22  0.97584571411232035     
