           1           2   1.8515688139225686     
           2           3   1.1472868844352144     
           3           4   1.1200510964954735     
           4           5   1.1200056557526823     
           5           6   1.1473895764649682     
           6           7   1.8514860746604129     
           5           8   1.4339615932793657     
           3           9   1.4340160252800405     
           8           9   1.2260433005962328     
           9          10   1.0355114947330013     
          10          11  0.97665653050507195     
          11          12  0.99174631912482736     
           8          13   1.0355488134783566     
          12          13  0.97667105223031581     
           1          14  0.97811728037125989     
           1          15  0.97157207699702175     
           2          16  0.95608665022370420     
           6          17  0.95605394639139951     
           7          18  0.97158734593722085     
           7          19  0.97811540667666597     
          11          20  0.97060953817688345     
          11          21  0.96757706720265313     
          12          22  0.96756874194905107     
          12          23  0.97060547676700004     
