           1           2   1.8935564956371675     
           2           3   1.0910654826584840     
           3           4   1.3288429236747346     
           4           5   1.4880886177350190     
           5           6   1.3619034286094305     
           6           7   1.0910626649683983     
           7           8   1.8935572783203614     
           4           9  0.10743333201018103     
           6           9   1.3288924534666906     
           3          10   1.3619485018644060     
           9          10   1.4880399659113039     
           1          11  0.97728638565744841     
           1          12  0.97290764094158055     
           2          13  0.96218212788471502     
           4          14  0.95863704557629992     
           7          15  0.96218608839322450     
           8          16  0.97290879976818345     
           8          17  0.97728687316069185     
           9          18  0.95863543537959917     
