           1           2   1.9054789624544719     
           2           3   1.0808672660100269     
           3           4   1.3720669425246750     
           4           5   1.3959218450584743     
           5           6   1.0905161273947916     
           6           7   1.7305429096801688     
           7           8  0.98491214349133105     
           7           9  0.97982172573512338     
           5          10   1.3625653008730489     
           4          11  0.10288589967490905     
          10          11   1.4315295390318565     
           3          12   1.3704554027113867     
          11          12   1.4506783086654318     
           1          13  0.97703075588772992     
           1          14  0.97145056904201055     
           2          15  0.96244373820921492     
           4          16  0.96186519744541232     
           6          17  0.95408982671366060     
          10          18  0.96839664988878627     
          11          19  0.96268322736668843     
