           1           2   1.9156773921904218     
           2           3   1.0758030735121040     
           3           4   1.3875536100355259     
           4           5   1.4540046111392517     
           5           6   1.4181122008523384     
           4           7  0.10377541358463972     
           6           7   1.4558022604720107     
           3           8   1.3279663182085679     
           7           8   1.3821054979527827     
           8           9   1.0824593332004422     
           9          10   1.7423934211953289     
          10          11  0.97659570169639143     
          10          12  0.96952559887692491     
           1          13  0.97702914363738136     
           1          14  0.97289503552782841     
           2          15  0.95923726706544810     
           4          16  0.96882889722632959     
           5          17  0.97040197927645822     
           6          18  0.97039344340015954     
           7          19  0.96813034652679753     
           9          20  0.94741730878383146     
