           1           2   1.8908675375116508     
           2           3   1.0910563520095502     
           3           4   1.3489360534082691     
           4           5   1.4494167701434073     
           5           6  0.94588749104677816     
           6           7  0.95135603542925540     
           6           8  0.94440369395467649     
           6           9  0.93934044477668366     
           5          10   1.3494559588746511     
          10          11   1.0870464767642409     
          11          12   1.9047211853664290     
           4          13  0.10272997116412293     
          10          13   1.3343614821884229     
           3          14   1.3601774067668047     
          13          14   1.4942816852967300     
           1          15  0.97732899081937163     
           1          16  0.97147608154621745     
           2          17  0.96497259690545700     
           4          18  0.96411124063213260     
          11          19  0.95834921934189510     
          12          20  0.97367613986332580     
          12          21  0.97678493920342824     
          13          22  0.95761386690013450     
