   -0.07606983
   -0.03461949
    0.09701046
   -0.04527192
   -0.01322571
   -0.04045882
    0.09043641
    0.09029739
   -0.03865470
   -0.01346042
   -0.04524047
    0.09092778
    0.09096644
   -0.04640414
   -0.01466022
   -0.04359992
    0.09839173
   -0.03314969
   -0.08174748
   -0.22024407
   -0.22018076
   -0.23942275
    0.04268973
    0.06205920
    0.03427429
    0.03269292
    0.03406669
    0.06528721
    0.05771732
    0.03537516
    0.03378016
    0.03299818
    0.03279174
    0.03763450
    0.06071253
    0.04197131
    0.04432923
