           1           2   1.9044772778756638     
           2           3   1.0798906663549039     
           3           4   1.3576337519633961     
           4           5   1.4467976758947521     
           5           6   1.4497665199264660     
           6           7   1.3571988927768457     
           7           8   1.0423263208110716     
           8           9   1.3618606229528594     
           9          10   1.4520510113805840     
           8          11  0.10118909140131996     
          10          11   1.4431795732090245     
           9          12  0.10192732743082784     
          11          12   1.3676695555427179     
          12          13   1.0274867560214647     
          13          14   1.3669042857234681     
          14          15   1.4412947424381095     
          13          16  0.10157114847488583     
          15          16   1.4554188394571186     
          14          17  0.10000190931975177     
          16          17   1.3553063026641796     
          17          18   1.0787240107194156     
          18          19   1.9069880282575760     
          13          20   1.4114916193405909     
          17          20   1.3887971936184962     
           8          21   1.3984402578103849     
          12          21   1.4083571949619715     
           3          22   1.3863278294228949     
           7          22   1.4064477331073240     
           1          23  0.97825798203346970     
           1          24  0.97284515546887707     
           2          25  0.96599189114269424     
           4          26  0.96915959897990600     
           5          27  0.96935084443944919     
           6          28  0.96461947709030438     
           9          29  0.96558491184398365     
          10          30  0.96917549418414084     
          11          31  0.96812973980266914     
          14          32  0.96817749491753768     
          15          33  0.96951391708545476     
          16          34  0.96612755612690182     
          18          35  0.96257114715027581     
          19          36  0.97243251144655030     
          19          37  0.97743696707757732     
