$coord
    5.36025519546341    0.06862385558777   -0.14046584867888      c
    2.53211747677954    0.01482140838860   -0.09204542194473      c
    1.19814641689630   -2.24555805066128   -0.08688942229790      c
   -1.41272920830988   -2.25580429370232    0.00373886696163      c
   -2.79998940475797   -0.02675733300852    0.03854753246400      c
   -5.63064707141560   -0.16559618004862    0.23621537480075      c
   -1.46503335790007    2.25579984185788   -0.02587317847244      c
   -2.69157292673821    4.79546505554982   -0.03555167372135      c
   -1.93388844784766    6.54756551122722    1.18576968510442      o
   -4.69361774649873    5.07265759869338   -1.59124124502411      o
    1.16480655226594    2.24933725311831   -0.04613040141000      c
    6.13658848479054   -1.82649545163928    0.01802360459477      h
    6.07907273525370    1.21343069219647    1.41025323717220      h
    6.02746635958150    0.90658804331610   -1.89884501414635      h
    2.20974223112690   -4.01863736544756   -0.12125587893278      h
   -2.40801080840386   -4.03824537555362    0.06214216440728      h
   -6.16361406240342   -1.81592883372477    1.34308416742323      h
   -6.49804160142456   -0.37578604441197   -1.62569655281969      h
   -6.41671830991836    1.49623170751058    1.15345329292133      h
   -5.06752251532299    3.53966286238614   -2.50699936310192      h
    2.13319361513449    4.04604204254554   -0.03184498281326      h
$periodic 0
$end
