           1           2   1.0265787478767940     
           2           3   1.4028945408198188     
           3           4   1.4470446166741284     
           2           5  0.10201819445874784     
           4           5   1.4149699369032644     
           5           6   1.0234465373755890     
           5           7   1.3665371175322791     
           7           8  0.98532981322331625     
           8           9   1.7777566383472299     
           8          10   1.1050097888443560     
           9          10  0.16201949801258522     
           2          11   1.4162536198888920     
           4          11  0.10670806112306634     
           7          11   1.4002438494709613     
           1          12  0.98533359541662191     
           1          13  0.97275805891581979     
           1          14  0.96958958881345958     
           3          15  0.96844466292215059     
           4          16  0.96815001345390361     
           6          17  0.97770535543800663     
           6          18  0.96597863283324037     
           6          19  0.98010880494261399     
          10          20  0.86901678379086356     
          11          21  0.96612605930733697     
