           1           2   1.8967918206070438     
           2           3   1.0945469976359927     
           3           4   1.3677625052332916     
           4           5   1.4688683977490360     
           5           6   1.3761994860503202     
           6           7   1.0770412830585836     
           7           8   1.9160873584417557     
           6           9   1.3413787534852768     
           9          10  0.97926678590148952     
          10          11   1.0536106739847166     
          11          12   2.8453285237366202     
           3          13   1.3643368804876506     
           9          13   1.4543664925407080     
           1          14  0.97802227333910408     
           1          15  0.97203882328747004     
           2          16  0.96432789254850249     
           4          17  0.96795734706656933     
           5          18  0.96687308784179460     
           7          19  0.95961345202791681     
           8          20  0.97463793693383693     
           8          21  0.97807049913679522     
          10          22  0.93490322981497043     
          10          23  0.92881053412244652     
          13          24  0.95855520689215867     
