           1           2   1.9064184220649147     
           2           3   1.0847948062221457     
           3           4   1.4176983423288827     
           4           5   1.4134773509192899     
           5           6   1.4069436588043076     
           6           7   1.0859078454224993     
           7           8   1.9014634319186769     
           6           9   1.2833767139107137     
           9          10   1.1850085535796469     
          10          11   1.2024309789918852     
          11          12   1.6075018588429237     
           3          13   1.2762328370018599     
           9          13   1.2574080634447127     
          12          13   1.2350514926209086     
           1          14  0.97843602931512830     
           1          15  0.97366844069936986     
           2          16  0.96121616831703272     
           4          17  0.96933541381354849     
           5          18  0.96969522300656330     
           7          19  0.96173213157072368     
           8          20  0.97238854634758298     
           8          21  0.97836107544523188     
          10          22  0.93968048583095221     
          11          23  0.97038988556197681     
          12          24  0.97043328229994541     
