           1           2   1.9122737784367625     
           2           3   1.0853730507864747     
           3           4   1.3573888196686241     
           4           5   1.4269528910279119     
           5           6   1.0578743579044034     
           6           7   1.6704432691810167     
           6           8   1.1071381461234540     
           7           8  0.16226420345299480     
           8           9  0.96052853687863016     
           5          10   1.1972826341566964     
           3          11   1.3466902687232842     
          10          11   1.2388215307458452     
          11          12   1.1109542311702847     
          12          13   1.8802741418176965     
           1          14  0.97804043004548180     
           1          15  0.97548365956662630     
           2          16  0.96150228448989616     
           4          17  0.97231161398152643     
           9          18  0.97844192121234785     
           9          19  0.97699982544150044     
           9          20  0.97328258646350330     
          10          21  0.93401230760607301     
          12          22  0.96086872162263237     
          13          23  0.97344350793473544     
          13          24  0.97808468493382372     
