$coord
    4.86129909336384    1.91832171443398    0.47742588703041      c
    2.36053735843489    0.61863341554201    0.20277825924105      c
    2.16593684466254   -1.99355491989959    0.23746206625464      c
   -0.16558845475573   -3.14465795256266   -0.02044701672864      c
   -2.34956436889898   -1.72919913870309   -0.32205198535601      c
   -4.85541998937506   -3.04468864081233   -0.58241068879679      c
   -6.42374324809762   -2.90702741097279    1.82633249237068      c
   -5.76063043606441   -1.97625661141663    3.77061434279830      o
   -8.72971536903818   -3.98100964213293    1.62069914237978      o
   -2.18664897473877    0.90579828213886   -0.34598691460616      c
   -4.49973280552453    2.51459819703426   -0.63972903398456      c
    0.16589924316640    2.02851883106945   -0.08893923208993      c
    6.38932526967530    0.55273873644512    0.61824328702587      h
    4.87295733724590    3.09230811320021    2.16842390035429      h
    5.21755760820598    3.14216494747603   -1.13909161183742      h
    3.84092480247940   -3.13750129418138    0.46994538172435      h
   -0.28453259977328   -5.18419005512109    0.01469750393440      h
   -4.55354528735632   -5.04551719551814   -1.01235771681061      h
   -5.96038805889043   -2.21331417351666   -2.12089107440256      h
   -9.04706393906503   -4.66629804795029   -0.04166563803957      h
   -5.82053809677512    2.15087372872551    0.89491979828433      h
   -5.45486444605478    2.11892170777179   -2.42259936235632      h
   -4.00015933540375    4.50646842860099   -0.60720391560112      h
    0.29801196131041    4.06763432847030   -0.10762965983615      h
$periodic 0
$end
