           1           2   1.0252208751616076     
           2           3   1.4147234097993626     
           3           4   1.4382960757530474     
           2           5  0.10403540963803989     
           4           5   1.4251733406106322     
           5           6   1.0086838868408186     
           6           7  0.95563820421358869     
           7           8   1.8106221296466309     
           7           9   1.1025441807192948     
           8           9  0.16003364238230211     
           3          10  0.10416375663652340     
           5          10   1.3734687776302381     
          10          11   1.0267593978907432     
           2          12   1.4066176599862321     
           4          12  0.10675579250611554     
          10          12   1.4294557454829699     
           1          13  0.98596557043908650     
           1          14  0.97197639104152511     
           1          15  0.97380039773524518     
           3          16  0.96896733255418732     
           4          17  0.96846771955430278     
           6          18  0.95179713949398526     
           6          19  0.94801794241600934     
           9          20  0.87778563856424829     
          11          21  0.97020979718356981     
          11          22  0.97055114551780020     
          11          23  0.98492357235324046     
          12          24  0.96719599579839488     
