$coord
    4.94410066476576   -1.82857682055725    1.26306284328521      c
    4.48399913517691    0.05295194781531   -0.33843007775070      c
    5.82276841692999    0.43676060554620   -2.67639675340011      c
    5.51279885859603    2.25572363740129   -4.49641585407195      c
    7.31843655631271    1.74221903520401   -6.40650242578941      c
    7.57175069690063    3.27545484850871   -8.69608533851072      c
    6.31496357097060    5.13193197811662   -9.11902978655104      o
    9.34112139402898    2.38272666288522  -10.29246673905485      o
    9.72322670750855    3.73309785142591  -12.58103764681146      c
    8.63205811267446   -0.38872715865251   -5.60366241012684      c
   10.67682325957613   -1.76657538436680   -6.74861536362583      c
   11.73382164509801   -3.80328007846858   -5.71526284527064      c
    7.71255247714960   -1.15006941663654   -3.36174358851022      o
    3.89170640590162   -2.04426951916497    2.98798758564666      h
    6.39009561514619   -3.20838660605969    0.88298896580005      h
    3.03006213059787    1.43632948939571    0.03883717330590      h
    4.17970139798414    3.77638584814615   -4.51060896874505      h
    9.83851207090455    2.35297565440293  -14.10410041415366      h
   11.48881956063175    4.79211383945952  -12.45454680973118      h
    8.15450566431111    5.03482004591383  -12.89995496265789      h
   11.31125879757174   -1.02753869649279   -8.53879292154167      h
   11.09671980891159   -4.54187696301446   -3.92948219731823      h
   13.26118435516839   -4.78544237310245   -6.62802099782067      h
$periodic 0
$end
