           1           2   1.8707174905309008     
           2           3   1.1159563664143273     
           3           4   1.5070052598678390     
           4           5   1.2874033042141126     
           5           6   1.0335938420373720     
           6           7   1.7149776108725183     
           6           8   1.1019176232906989     
           7           8  0.16648506921561423     
           8           9  0.95865736738431151     
           5          10   1.4065537496363167     
          10          11   1.1252663590522960     
          11          12   1.8579068788481619     
           3          13   1.0928561351553785     
          10          13   1.1368516531017114     
           1          14  0.97839133182605953     
           1          15  0.97522026178780408     
           2          16  0.96347208952392449     
           4          17  0.97165075076325325     
           9          18  0.97930684763230924     
           9          19  0.97680836398887871     
           9          20  0.97325884392128859     
          11          21  0.95806552979262061     
          12          22  0.97472638808935719     
          12          23  0.97826333456972936     
