$coord
    1.90575057682218    0.11794433110910    0.18905128354060      c
    4.73532347507290    0.05537469402824    0.17947142576247      c
    6.04235449334629   -2.21811155775518    0.17616658021812      c
    8.67151574030873   -2.31493664948030    0.16695104063706      c
   10.00114914664361   -0.07559158029309    0.16100453262561      c
    8.69219787304429    2.24007542820386    0.16450878747605      c
    6.09213230719610    2.32245770939410    0.17357484753294      c
   10.54208131731430    4.35608871511607    0.15700056477780      c
   10.10362180129958    6.59939303039627    0.15764950031479      o
   13.05114057878036    3.09174589221132    0.14839163650600      c
   15.43148776268133    4.15162194428276    0.13902149927881      c
   17.53802408642830    2.56697982124493    0.13183589524073      c
   20.15932409093845    3.63675260267138    0.12141954328142      c
   17.18367163566593   -0.03714225506647    0.13430978321337      c
   14.79013330483995   -1.11831226705491    0.14377719186075      c
   12.71191984591523    0.45648029744469    0.15086458177709      c
    1.12111502689927   -1.78031245493049    0.19378311001273      h
    1.20856844126544    1.11512525203651   -1.47138513766608      h
    1.21979638456702    1.11883734905533    1.85191416696977      h
    4.98883630467386   -3.96827245069639    0.18080226286901      h
    9.63231711922004   -4.11513924677197    0.16453746578728      h
    5.11893202622566    4.11668725943001    0.17610918585967      h
   15.64675194427046    6.18132369526982    0.13735587575260      h
   20.11544954420296    5.68970295622402    0.12158186263128      h
   21.18725346626063    3.00076310734999   -1.54508079641723      h
   21.20054475280498    3.00074074698255    1.77962923003576      h
   18.82533720767313   -1.25309644298880    0.12860579485080      h
   14.57723443338602   -3.14774611840838    0.14542324213478      h
$periodic 0
$end
