           1           2   1.8961739838147196     
           2           3   1.0872431878273401     
           3           4   1.3198620510078507     
           4           5   1.5147325264121623     
           5           6   1.3198590674055670     
           6           7   1.0872382509770608     
           7           8   1.8961771609655735     
           6           9   1.3935470014784228     
           3          10   1.3935420488861019     
           9          10   1.4305980932477489     
           1          11  0.97784544366315107     
           1          12  0.97185303840939308     
           2          13  0.96534478422313708     
           4          14  0.96722239328699433     
           5          15  0.96722283645515494     
           7          16  0.96534573528427658     
           8          17  0.97185092670802975     
           8          18  0.97784493313061205     
