$coord
    2.11318227110547   -0.06948180677879    0.01706443186327      c
    4.94630969287572    0.01325520689828    0.02112862583418      c
    6.24168578385133    2.28847835870389    0.01914856921274      c
    8.86103723865991    2.37832737942965    0.02280883047264      c
   10.22440488286575    4.87451766142460    0.02054538687441      c
   10.21777566830754    0.11510757663671    0.02863380377286      c
   12.80591010037475    0.09817498039527    0.03235904601000      o
    8.95430976201758   -2.20196138037633    0.03072586206858      c
   10.40370283361776   -4.63769790885807    0.03688261318692      c
    6.33704867442833   -2.21020586536119    0.02693138092661      c
    1.32184224392236    1.82629665750959    0.01364927690813      h
    1.42074116375599   -1.06598997651708    1.68016870345883      h
    1.42567482820710   -1.06988047924057   -1.64576066661170      h
    5.19503421958611    4.04280303076628    0.01465624989992      h
    8.86959251916025    6.41753700874174    0.01564595299276      h
   11.41432310406677    5.07324293994104   -1.65386896046705      h
   11.40898092042847    5.07922369121902    1.69803292928324      h
   13.40864452281753    1.81558305043197    0.03117143864890      h
   12.42055140861844   -4.26547846343026    0.04024935868134      h
    9.93276633062632   -5.75317593906575   -1.62754939767314      h
    9.92628763539863   -5.74863995867764    1.70249204139327      h
    5.36096292713088   -4.00444218896534    0.02857422640927      h
$periodic 0
$end
