$coord
    4.26932546428736    1.21625424310931   -2.80416899008460      c
    4.76794730071927    1.22681600524705   -0.35562065423021      c
    5.88865910772386   -0.90286480781411    1.04320696573576      c
    8.23682699101361   -0.53053012416643    2.15524419210228      c
    9.51554308126643   -2.41706212978544    3.45298839910204      c
   12.15021731378268   -1.90017798713987    4.39106946831465      c
   13.99344069567438   -1.06271988964249    2.31156005503383      c
   14.92412678638695   -3.21484489334089    0.62001224949428      c
   12.91980776723587   -4.43634759827244   -1.06503042786526      c
   11.79854556525162   -2.65035519260443   -3.03246222290698      c
    9.83339342359004   -3.98628072093282   -4.65750934844922      c
    8.30687495296786   -4.74882971030402    3.76079325098546      c
    9.36844448153476   -6.86992394914604    5.20071251706137      c
   10.26570295146086   -6.72979286274146    7.53292272997981      c
    5.94805647049489   -5.11612327255137    2.64851078151807      c
    4.71610740372723   -3.25839011209496    1.27954106774198      c
    2.11192908156318   -3.75356015150156    0.26095292180616      c
    0.12437202727532   -2.47921469089715    1.93833907169721      c
   -2.56435497689089   -2.74018001282204    0.91656971721874      c
   -3.55372108845125   -5.45239169850297    0.74746768729464      c
   -3.59840249745120   -6.89208717226067    3.25316815754831      c
   -5.30670970923848   -5.67811464675761    5.22887671219278      c
    3.50735490190151    2.84784295111089   -3.75374721495236      h
    4.63277187200634   -0.41607117087247   -3.96630712787579      h
    4.46639949938016    2.93056947638881    0.74281376972089      h
    9.10781441634653    1.31003822606374    1.97132277503303      h
   12.91933741557088   -3.58080130574240    5.29955262855188      h
   12.05447373634844   -0.39923769973537    5.81092109714528      h
   15.64832234450095   -0.23653487566122    3.23314070206374      h
   13.14307269918084    0.41158333162887    1.15282975335032      h
   15.74962114068783   -4.68089651637658    1.81965396884434      h
   16.43482123918299   -2.47801976812749   -0.58329573258041      h
   11.39945853050798   -5.18947090328504    0.10100443142359      h
   13.79540248328727   -6.03001754521271   -2.04750930528867      h
   13.30883740894451   -1.91164647914776   -4.23180277350280      h
   10.89197673370894   -1.05596766550567   -2.09332825282964      h
   10.66032792510530   -5.60577376587897   -5.61793259652002      h
    9.07907997857422   -2.70624960912405   -6.07804452020307      h
    8.28013339637164   -4.64929896251218   -3.48369625937053      h
    9.27287718470863   -8.68842229268835    4.26175304350169      h
   10.30194839926456   -4.97868446317620    8.57106443509043      h
   10.96080600059044   -8.37371830610008    8.51217664599370      h
    5.03834162755150   -6.93190217579574    2.88884593902425      h
    1.78129355455521   -5.78745150403860    0.21213322025669      h
    1.92761930587878   -3.02221255312180   -1.65585193094260      h
    0.57536782189829   -0.46762632553860    2.06439191319600      h
    0.24327127311961   -3.25653115649265    3.84497525246586      h
   -2.63164996344401   -1.91250494667611   -0.97553783938542      h
   -3.83013514462232   -1.63290856861853    2.11163288426074      h
   -2.40798448264528   -6.51157204843801   -0.60287397057108      h
   -5.47646333734830   -5.38431327392366   -0.00584105650029      h
   -1.68494463604886   -7.05048532725162    4.00531231446667      h
   -4.27018037638651   -8.80923902495146    2.87753986792725      h
   -4.57909716440986   -3.84747426642689    5.81059000770979      h
   -5.42970722046287   -6.87452471751896    6.89624297045726      h
   -7.20322164843402   -5.41765080236412    4.47828387802906      h
$periodic 0
$end
