           1           2   1.9005933652930791     
           2           3   1.0967459038233192     
           3           4   1.4420622548063871     
           4           5   1.2856607388088830     
           5           6  0.95380647911500216     
           6           7  0.99862639116228313     
           6           8  0.98995933086156596     
           6           9  0.98577832445365710     
           4          10  0.14497112059246905     
           5          10   1.2102618477675477     
           3          11   1.2556731629071722     
          10          11   1.4464447272437253     
          11          12   1.0942151688708566     
          12          13   1.8989311667105866     
           1          14  0.97899507262398899     
           1          15  0.97389349627250921     
           2          16  0.96306266188253020     
           4          17  0.96676392788103871     
           7          18  0.98420393737801160     
           7          19  0.98357052821169155     
           7          20  0.98327479152607977     
           8          21  0.98555613488627858     
           8          22  0.98445175632874926     
           8          23  0.98057957592284883     
           9          24  0.98568838799754466     
           9          25  0.98284028528422418     
           9          26  0.98410164889335272     
          12          27  0.96072637134179650     
          13          28  0.97586105484434549     
          13          29  0.97912860447445160     
