$coord
    4.81582210125115    0.00204148043473    0.20921311475148      c
    1.98808256271462   -0.04745350560280    0.11941423930116      c
    0.57085351762860   -1.25603794817938    1.96371959809627      c
   -2.03720318438895   -1.29147276257695    1.85937345959416      c
   -3.36439770372325   -0.11660363219938   -0.09726615556914      c
   -6.14328478644962   -0.15692700477194   -0.21236751548741      c
   -7.60689468881466   -1.34996442385120    1.63317357574111      c
  -10.20869782362486   -1.39475699520287    1.52095547547305      c
  -11.54826181694038   -0.24722551907868   -0.44379918106044      c
  -14.32661195447588   -0.29979575044280   -0.56667738484907      c
  -15.77779572215210   -1.48837382875017    1.29115679795997      c
  -18.38488455355664   -1.54163921451101    1.17127320502441      c
  -19.67734214024257   -0.40967636060403   -0.80834090163723      c
  -22.50243150468360   -0.45568137559232   -0.96121642888733      c
  -18.25526436330489    0.78131604306999   -2.66743101040181      c
  -15.65179736632348    0.83521410050249   -2.55201346422559      c
  -10.08487936161966    0.95071155579388   -2.28622240411136      c
   -7.48293540481512    0.99285628406036   -2.17563030049285      c
   -1.91425576332696    1.09758703811144   -1.94354752956535      c
    0.68995206781199    1.12934019726331   -1.83685554878526      c
    5.51897772659592   -1.00671447353225    1.85510150882816      h
    5.49671966926903    1.94381361923105    0.28693521660533      h
    5.60193492048563   -0.86978714482472   -1.48255594969973      h
    1.51999646089541   -2.18998206035030    3.51364917326933      h
   -3.03038046025050   -2.26458191145612    3.34871485516446      h
   -6.72084677036159   -2.27980788146285    3.21550143110824      h
  -11.19504855733367   -2.35991736891794    3.02063463039484      h
  -14.88498623545679   -2.40148808435347    2.87879709874787      h
  -19.43247471752345   -2.48491659435671    2.65052653011736      h
  -23.31123535217537   -1.45745582807446    0.63979645480025      h
  -23.11109960008911   -1.38541954310096   -2.69481511312111      h
  -23.25064134085707    1.46257358685272   -0.98368954218854      h
  -19.20905917299852    1.68194162993990   -4.23413403309908      h
  -14.65567202550625    1.78702430102780   -4.05309575298931      h
  -10.97087378297053    1.88617178162099   -3.86524213823952      h
   -6.49675568441739    1.95554939463004   -3.67697636851578      h
   -2.81074069406521    2.04605097657425   -3.50822049080436      h
    1.74265055399971    2.08747331837739   -3.30287618892721      h
$periodic 0
$end
