           1           2   1.8933461184398137     
           2           3   1.0968432911643626     
           3           4   1.3860609233382142     
           4           5   1.4309839597679896     
           5           6   1.4155574565738451     
           6           7   1.2907898912257569     
           3           8   1.3399329372375330     
           7           8   1.4582368447787990     
           7           9   1.0059100046426586     
           9          10   1.8123674378989119     
           9          11   1.0059240327559285     
          11          12   1.4582173099740967     
          12          13   1.3399303658486887     
          13          14   1.0969195483320557     
          14          15   1.8932597477036714     
          13          16   1.3860075886406955     
          16          17   1.4310336949181219     
           6          18   1.0659602876940157     
          11          18   1.2908077082560721     
          17          18   1.4155218816411481     
           1          19  0.97791489466668369     
           1          20  0.97240027825211028     
           2          21  0.96410716385300432     
           4          22  0.96517121941310757     
           5          23  0.96804727999040274     
           8          24  0.96465266232445845     
          12          25  0.96464847955416466     
          14          26  0.96412431234808382     
          15          27  0.97238813907996602     
          15          28  0.97791421964623593     
          16          29  0.96515658542011451     
          17          30  0.96804806665842036     
