           1           2   1.9369467319247018     
           2           3   1.0569847262886607     
           3           4   1.3806031851925646     
           4           5   1.4438591074219360     
           5           6   1.4429346496911486     
           6           7   1.3820996846196760     
           7           8   1.0769467068327752     
           8           9   1.7470918359864798     
           9          10  0.97841752702116869     
           9          11  0.96909733587690527     
           3          12   1.3771226387377133     
           7          12   1.3550466829496146     
          12          13   1.0276983643136757     
           1          14  0.97765007834057804     
           1          15  0.97525634287520757     
           2          16  0.95537337137917389     
           4          17  0.96837236222023826     
           5          18  0.96962573253119433     
           6          19  0.96874119677667603     
           8          20  0.94866247462250120     
          13          21  0.97308970879789314     
          13          22  0.96602333475621249     
          13          23  0.97864145657462842     
