$coord
    4.73156851947617    2.04153764084169    0.07340264256847      c
    2.26909941150237    0.64180284300177    0.02456765643089      c
   -0.01803344849728    1.92370178904511    0.01310487868355      c
   -2.30241799665876    0.63512883421696   -0.01019225344490      c
   -4.76947641135477    2.02846811455160   -0.01882951697903      c
   -2.27654509323402   -1.98796639254386   -0.03228027670183      c
   -0.01143948544565   -3.30692617080515   -0.01508504276977      c
   -0.00077225971982   -6.15968010378710   -0.01613847046563      c
    2.11752986469563   -7.22831253847119   -1.22284731093996      o
    2.24898344427536   -1.98145384201729    0.01453796825833      c
    4.43733967832549    4.06036067191617   -0.16851456161764      h
    5.97579488527251    1.36890848435471   -1.42119869608199      h
    5.68740054653081    1.73234692277394    1.87116237833065      h
   -0.02133611636885    3.96703256523931    0.02322691741652      h
   -4.46906123294223    4.06024410206994   -0.04114003442134      h
   -5.86775688120681    1.54526258946606    1.65395689082505      h
   -5.88177093928267    1.50924513262063   -1.67113871871527      h
   -4.04348403053886   -3.01395763724253   -0.05995948380965      h
   -1.76073431012428   -6.86427416204418   -0.87352976641892      h
    0.07707557539736   -6.85401109365420    1.93276437824050      h
    2.21729383313327   -6.55675264076642   -2.91341454007185      h
    4.01001195241307   -3.01567087959438    0.03669434538671      h
$periodic 0
$end
