           1           2   1.0244900414864542     
           2           3   1.4165598119217599     
           3           4   1.4131770556150451     
           4           5   1.0240777636708076     
           2           6  0.10659705958855442     
           4           6   1.4140794032041817     
           3           7  0.10245294128623696     
           6           7   1.4145230911423656     
           7           8  0.99655969071367601     
           8           9  0.99905308747942190     
           2          10   1.4091980629431085     
           4          10  0.10573702090238894     
           7          10   1.4202877704266994     
           1          11  0.98572732980098010     
           1          12  0.97570340952044443     
           1          13  0.97071269440773977     
           3          14  0.96689736753634936     
           5          15  0.98595244400389148     
           5          16  0.97296991655506704     
           5          17  0.97378446101626515     
           6          18  0.96827982427958770     
           8          19  0.96491859589157614     
           8          20  0.95733253840601473     
           9          21  0.90341491413701736     
          10          22  0.96654287574148290     
