   -0.20591372
    0.30177293
   -0.19654639
   -0.08165143
    0.00417470
   -0.03617505
   -0.05718669
    0.06791820
   -0.07833697
    0.05859103
   -0.00222067
   -0.05507463
   -0.05813436
    0.00381214
    0.05794700
   -0.04165424
   -0.03319028
   -0.03308714
   -0.03828825
   -0.04120120
   -0.03522912
   -0.03316402
   -0.04448236
   -0.05942290
   -0.03468678
    0.07226695
    0.04642273
    0.03262335
    0.04355557
    0.04601732
    0.03764009
    0.04612007
    0.03945418
    0.03611955
    0.03579381
    0.03523239
    0.03157288
    0.03402422
    0.03508748
    0.03840108
    0.02944192
    0.03165662
