           1           2  0.97102322903980287     
           2           3   1.0436288667832310     
           3           4   1.3988159725657705     
           4           5   1.4277219542784543     
           5           6   1.4065297006354940     
           6           7   1.0253350590759343     
           6           8   1.3951097946236752     
           3           9   1.3139915182296227     
           5           9  0.10854193484960085     
           8           9   1.4454077072172857     
           9          10   1.0243079674405724     
           1          11  0.97798528950696451     
           1          12  0.97630985848723539     
           1          13  0.98243052528642449     
           5          14  0.96100006206039557     
           7          15  0.98554053603784020     
           7          16  0.97367005621232339     
           7          17  0.97143319665915173     
           8          18  0.96635933004311325     
          10          19  0.98265089912356640     
          10          20  0.96841081716898225     
          10          21  0.97597965589183555     
