           1           2   1.9001862025101388     
           2           3   1.0910969212211452     
           3           4   1.3683907059708353     
           4           5   1.4520211290900151     
           5           6   1.4179628422084327     
           6           7   1.0275218449218926     
           6           8   1.3411797895908615     
           8           9   1.0711299230995293     
           9          10   1.9229611215506290     
           3          11   1.3813197855905828     
           8          11   1.4084232212907757     
           1          12  0.97845044601786624     
           1          13  0.97284715819782541     
           2          14  0.96471953154828005     
           4          15  0.96878969591680641     
           5          16  0.96794151558927000     
           7          17  0.98474497479788969     
           7          18  0.97418531706439226     
           7          19  0.96771126647266192     
           9          20  0.95951914543228933     
          10          21  0.97469995838084977     
          10          22  0.97824573158684436     
          11          23  0.96197083362134217     
