           1           2   1.8970666700692713     
           2           3   1.0924232875494653     
           3           4   1.3808706772054866     
           4           5   1.4052117149801928     
           5           6  0.99986792409568248     
           6           7   1.7689174577968445     
           6           8   1.1006810594836456     
           7           8  0.15979995724918961     
           5           9   1.3089365443557184     
           9          10   1.1605738164730421     
           9          11   1.2974557583855144     
          11          12   1.0588666816731904     
          12          13   1.9323424931465847     
           3          14   1.3168006347425394     
          11          14   1.3800724740390908     
          14          15  0.96553953697366146     
           1          16  0.97768105185850485     
           1          17  0.97230629702652571     
           2          18  0.96349031797600559     
           4          19  0.95953690229872135     
           8          20  0.86288904097399777     
          10          21  0.94227018170046928     
          10          22  0.94339955924967689     
          12          23  0.95587043252841530     
          13          24  0.97503538647760335     
          13          25  0.97708262711149596     
