$coord
    2.19489756860652    0.33066116002592   -0.38163807041513      c
    4.41939934201375   -0.69124584362806    0.17161466184660      c
    6.14117397643747   -1.90113455290946   -1.60167890727796      c
    8.47840039396293   -2.78900747913294   -0.74622789498253      c
   10.17113979803439   -3.94324918419291   -2.35683107891566      c
    9.61235408788476   -4.27483295389089   -4.91672357061926      c
   11.37646845063756   -5.47405219117702   -6.66340405948693      c
   13.04349654352115   -7.23547096078844   -6.01951794122353      c
    7.28157079206577   -3.37534433312008   -5.75465674077415      c
    6.28118185139118   -3.80001050675873   -8.97082304762457      s
    6.08169625734773   -6.93402939428641   -9.32171938352810      n
    3.76486120902130   -2.84417237371686   -9.21573913802508      o
    8.18981029137299   -2.94287119797347  -10.68401047364776      o
    5.57954688474722   -2.23279765852682   -4.15876964653606      c
    1.04513291708038    1.19190165418489    1.05832613339782      h
    1.43761587126748    0.35994891286856   -2.26831280624127      h
    5.08436825000227   -0.64882291821204    2.10696245886190      h
    8.97175354864366   -2.55269708918337    1.22152811042716      h
   11.97672286807113   -4.57056796656395   -1.64568702736980      h
   11.23590334361395   -4.83230552572830   -8.59973742750208      h
   13.19567182817877   -7.95407301238339   -4.11933461915612      h
   14.31069460033817   -8.04480943412172   -7.38902310267082      h
    4.65595095686571   -7.70732634163586   -8.33060978831006      h
    7.73216471220295   -7.85512053215794   -9.10570710984510      h
    3.81393326777094   -1.61354702939711   -4.96236447726732      h
$periodic 0
$end
