           1           2  0.96727634136496976     
           2           3  0.97435311378573641     
           2           4   1.7254002667704547     
           4           5   1.1021692814686532     
           5           6   1.3927362941476464     
           6           7   1.3894036841370394     
           7           8   1.1415733680468709     
           8           9   1.3667127920803945     
           9          10   1.4727570357083803     
          10          11   1.3968058587479333     
           9          12  0.10726162278276415     
          11          12   1.4683378384116241     
           8          13   1.2641334641316915     
          12          13   1.3603034809228185     
          13          14   1.1192252320697340     
          14          15   1.0318866006543352     
          15          16   1.3850075729157607     
          16          17   1.4486774155426763     
          15          18  0.10275424960703214     
          17          18   1.4354453879782845     
          16          19  0.10888956956680969     
          18          19   1.4354224144336891     
          15          20   1.3849898294916041     
          17          20  0.10888495227955312     
          19          20   1.4487290260445804     
           7          21   1.2479182029024325     
          14          21   1.1399775337069997     
          21          22   1.3444000515566379     
           5          23   1.3279801879087469     
          22          23   1.4932038887214605     
           4          24  0.95443792808875605     
           6          25  0.96629295000060766     
           9          26  0.96902923062004942     
          10          27  0.97149238099087043     
          11          28  0.97168326234079427     
          12          29  0.96648987386677587     
          16          30  0.96810201942674334     
          17          31  0.97050304397040454     
          18          32  0.97113867863850567     
          19          33  0.97046526399277189     
          20          34  0.96807896942249894     
          22          35  0.96583218380487168     
          23          36  0.96788933646142028     
