           1           2  0.97216596963723279     
           2           3  0.98007853115821697     
           2           4   1.7314220096112090     
           4           5   1.0942009832868029     
           5           6   1.3850261637844365     
           6           7   1.3767378733480462     
           7           8   1.0764212438991798     
           8           9   1.0579774404167233     
           9          10   1.3691606873906739     
          10          11   1.4558424001893464     
          11          12   1.4303940426474226     
          10          13  0.10556663223405113     
          12          13   1.4303178258870446     
           9          14   1.3688093783036028     
          11          14  0.10555174190093106     
          13          14   1.4558043580127196     
           8          15   1.0586929675499714     
          15          16   1.3681635748961378     
          16          17   1.4561669553585217     
          17          18   1.4300095583998680     
          16          19  0.10548991063390756     
          18          19   1.4304363699166089     
          15          20   1.3689332650210888     
          17          20  0.10545313504602222     
          19          20   1.4558310838924091     
           7          21   1.3519060110516705     
          21          22   1.4501690635275237     
           5          23   1.3634132999170918     
          22          23   1.4432425690774555     
           4          24  0.95421530109943420     
           6          25  0.96497404879250348     
          10          26  0.96813035018202487     
          11          27  0.97088723495610685     
          12          28  0.97161197318076831     
          13          29  0.97087833193154871     
          14          30  0.96810673134254377     
          16          31  0.96809771315248427     
          17          32  0.97087832339043079     
          18          33  0.97161236022916886     
          19          34  0.97088124179986124     
          20          35  0.96810905579113338     
          21          36  0.96774298425764727     
          22          37  0.97008110415646864     
          23          38  0.96818409433193575     
