           1           2   1.9313652786596551     
           2           3   1.0585503672120264     
           3           4   1.3965613785951254     
           4           5   1.4516552445639646     
           3           6  0.10273196934022465     
           5           6   1.4081062936875373     
           6           7   1.4485416360560439     
           3           8   1.3172630940851349     
           5           8  0.10330994663347733     
           7           8   1.3975693560952367     
           8           9   1.0606540996007263     
           9          10   1.7538629948254265     
          10          11  0.98318912997277463     
          10          12  0.97475546834408722     
           1          13  0.97608506950072127     
           1          14  0.97493989821862270     
           2          15  0.95540380134403768     
           5          16  0.96253275034017993     
           6          17  0.96934141532835383     
           7          18  0.96801478867805157     
           9          19  0.95107852023717132     
