           1           2   1.9314058991367149     
           2           3   1.0616935714614200     
           3           4   1.3829556178200195     
           4           5   1.4425959511158331     
           5           6   1.4438018782144495     
           6           7   1.3805290200991283     
           7           8   1.0717703727682202     
           8           9   1.7497487830893530     
           9          10  0.97880300863039660     
           9          11  0.96937303603197733     
           3          12   1.3715457314938952     
           7          12   1.3613531866316113     
          12          13   1.0258202283776521     
           1          14  0.97777082497912982     
           1          15  0.97493904972191958     
           2          16  0.95851150932202955     
           4          17  0.96793282644900458     
           5          18  0.96965965207947291     
           6          19  0.96888620565153671     
           8          20  0.95069328051690727     
          13          21  0.97722737711045649     
          13          22  0.96575566268431667     
          13          23  0.97896044689728445     
