           1           2   1.8528167291168598     
           2           3   1.1401221235153285     
           3           4   1.4868614336593005     
           4           5   1.3464788767167657     
           5           6   1.4701910942116452     
           6           7   1.1712617441060296     
           7           8   1.4689371806287044     
           8           9   1.3473980331350690     
           9          10   1.4762365047311066     
          10          11   1.1524872859802575     
          11          12   1.6853331794505793     
          12          13  0.98208660379122414     
          12          14  0.97662949254131093     
           7          15   1.1364910810948226     
          10          15   1.1373573701814130     
           3          16   1.1390412486207180     
           6          16   1.1305856388174640     
           1          17  0.97765562424775665     
           1          18  0.97510106863733126     
           2          19  0.96401570427384464     
           4          20  0.96215472571658900     
           5          21  0.96094491683677330     
           8          22  0.96122433843037403     
           9          23  0.96380027430194115     
          11          24  0.95131080460178163     
