           1           2   1.9048225111267865     
           2           3   1.0871235282320979     
           3           4   1.3839300656677516     
           4           5   1.3833890558295590     
           5           6   1.0927439979266302     
           6           7   1.7316614982161900     
           7           8  0.98090406641649552     
           7           9  0.97665479957662948     
           5          10   1.3727537571726580     
          10          11   1.3996265301542639     
          11          12  0.99584966712048018     
          12          13   1.7256716561916929     
          12          14   1.1253910494944752     
          13          14  0.17097935206110271     
          14          15  0.93930199770892109     
          15          16   1.0118722588995965     
           3          17   1.3785191989995931     
          11          17   1.3949862027204409     
           1          18  0.97733174412728485     
           1          19  0.97130838501767836     
           2          20  0.96386590196623179     
           4          21  0.96053626510651968     
           6          22  0.95370085279147876     
          10          23  0.96404682444389367     
          15          24  0.97250412171538547     
          15          25  0.96845909762239824     
          16          26  0.98637818750897921     
          16          27  0.98348845604123603     
          16          28  0.98462743108658290     
          17          29  0.96266473434229416     
