           1           2   1.9346811740464973     
           2           3   1.0498170929551178     
           3           4   1.4094085843310016     
           4           5   1.4240265118466811     
           5           6   1.4409480130304086     
           6           7   1.3917509029301418     
           7           8   1.0774733072904277     
           8           9   1.9080637161312775     
           3          10   1.3055629263633248     
           7          10   1.3009569261812497     
          10          11   1.1730493306044236     
           1          12  0.97741923246869111     
           1          13  0.97401363399325613     
           2          14  0.95933610934452851     
           4          15  0.97019668328407993     
           5          16  0.97056966973018022     
           6          17  0.96963730348810040     
           8          18  0.96131618582755851     
           9          19  0.97290793183041580     
           9          20  0.97807621360690400     
          11          21  0.94168111771721152     
          11          22  0.94287132494673831     
