$coord
    6.32061918636949   -6.49764610865923    1.83844310661290      c
    6.31009201040740   -6.62737665992424   -0.67094683799084      c
    6.46285694821596   -4.49135411607782   -2.34128554552789      c
    6.47017764618578   -4.52775999932567   -4.92461950992128      c
    6.65444071614895   -2.13114939919749   -6.10167051778818      c
    6.59719095525480   -2.07235993256572   -8.95926016347275      c
    4.16784291898571   -3.33754865478079   -9.94678388537083      c
    1.86153571538979   -1.66784392107724   -9.51032891735641      c
    2.17392829147188    0.83031581648799  -10.90834561615864      c
    4.54243508137314    2.17097003413955   -9.96641990951717      c
    6.86398806437543    0.48589678471998  -10.28483405094922      c
    6.84701612736045   -0.22204286361029   -4.34121250899924      c
    7.25522815722600    2.46927985391869   -4.56730597250464      c
    6.63016350156947    4.14156904152613   -2.79879406996674      c
    6.69258523074976   -1.41140278906599   -1.25839956686786      s
    6.20727011021994   -8.16326711068254    2.99773191824993      h
    6.44318680942367   -4.70910606280381    2.80486842914465      h
    6.18545473147345   -8.43899445773230   -1.61532975101736      h
    6.38453460427369   -6.27219174219387   -5.96815116520917      h
    8.19982072360377   -3.24941617394079   -9.56536354213789      h
    3.87981038468564   -5.16601973933935   -9.04291695147257      h
    4.38360217642771   -3.66937497717167  -11.97419620486894      h
    1.64678105602176   -1.30601731519819   -7.48904833319180      h
    0.16471662241344   -2.64277339150235  -10.16651928007978      h
    0.52209306589906    2.02946557319972  -10.60643231996017      h
    2.33215346539392    0.46792217525111  -12.93575099797648      h
    4.27796412179434    2.65242816721007   -7.98053634286403      h
    4.82705172338968    3.92789746064321  -11.01303299021114      h
    8.57010608226155    1.45039779562522   -9.64696521354724      h
    7.11538817858877    0.10565428046059  -12.30158586320478      h
    8.19777041801365    3.11379455333871   -6.25698700996233      h
    5.69019631016865    3.58441765201306   -1.08045312829296      h
    7.02975703270423    6.12242877268858   -3.02069724826886      h
$periodic 0
$end
