           1           2   1.0308045254335167     
           2           3   1.6305642598884009     
           2           4   1.0840445047337337     
           4           5   1.0766214413468420     
           3           6   1.1970923502589843     
           5           6   1.2776585794460236     
           6           7   1.3341751860017670     
           7           8   1.4712196824970092     
           8           9   1.0237855482629008     
           8          10   1.3565060539852019     
           5          11   1.3570261836548463     
           7          11  0.11001191869077420     
          10          11   1.4839092305314741     
           1          12  0.98418328965362434     
           1          13  0.96826855354338714     
           1          14  0.96829044168662315     
           3          15  0.97357277897223149     
           7          16  0.96759796070989423     
           9          17  0.98611473097811486     
           9          18  0.97394732884803603     
           9          19  0.97390992250108965     
          10          20  0.97040402744442489     
          11          21  0.96783727846770884     
