$coord
    2.03592870680753    0.72130119739393   -0.29975636816946      c
    4.38050734636572    1.57974622691005   -0.00570091011152      c
    5.79383849627730    1.48316654626195    2.31413549016746      c
    5.22102880075191    0.56761312426286    4.68523273601206      c
    7.35924963623773    0.98815056428297    6.19430754367394      c
    9.12994767911439    2.13946058974983    4.66868124170568      c
   11.65967409594622    3.01810162336964    5.13402647801012      c
   12.85812721853831    2.85731602939953    7.33771557018496      c
    8.16559895215214    2.43243005335389    2.32120647887774      o
    1.07998050586032    0.84150935076048   -2.08845966450411      h
    1.00218347098732   -0.12806350206321    1.23259429103948      h
    5.38313089532344    2.42994854715803   -1.57034418028730      h
    3.48333417166633   -0.29546873604257    5.25889812676952      h
    7.57708307545650    0.51014350374038    8.14820346338149      h
   12.57111533555926    3.86188078501477    3.51085813803549      h
   11.98395946628064    2.03315357385169    8.97764862488165      h
   14.75459738731231    3.55207120391821    7.56501476594442      h
$periodic 0
$end
