           1           2   1.9185201714765030     
           2           3   1.0773468658092451     
           3           4   1.4813354362187536     
           4           5   1.1625664393989019     
           4           6  0.12582815809059045     
           5           6   1.2384183871480416     
           6           7   1.1378590552811028     
           3           8   1.2430130443806036     
           6           8   1.3599345344569858     
           8           9   1.1182049049427669     
           9          10   1.8752743476414750     
           1          11  0.97800930168576250     
           1          12  0.97242741352594675     
           2          13  0.95951264134799319     
           5          14  0.94218336049504681     
           7          15  0.95314018543125889     
           7          16  0.93984972456439864     
           9          17  0.96011525473767401     
          10          18  0.97138692994997056     
          10          19  0.97928036784684835     
