           1           2   1.9062658587838899     
           2           3   1.0858503062599982     
           3           4   1.3859889566510071     
           4           5   1.3809273988419866     
           5           6   1.0931297438439467     
           6           7   1.7299641843516216     
           7           8  0.98408309691182150     
           7           9  0.97617151470357899     
           5          10   1.3746705132538091     
          10          11   1.3997267196691374     
          11          12  0.99322864172251424     
          12          13   1.7231742265791481     
          12          14   1.1313908131905648     
          13          14  0.17251736143431212     
          14          15  0.93853581995641588     
          15          16   1.0116695945050493     
           3          17   1.3776161631539194     
          11          17   1.3970657824631110     
           1          18  0.97742840502235895     
           1          19  0.97232777611832344     
           2          20  0.96353931320248143     
           4          21  0.96250328499039384     
           6          22  0.95397296136513976     
          10          23  0.96239690127397814     
          15          24  0.97219948296038072     
          15          25  0.96840077781737677     
          16          26  0.98616487122214780     
          16          27  0.98349792939830194     
          16          28  0.98497692927283520     
          17          29  0.96271297277151602     
