           1           2   1.8963694791601449     
           2           3   1.1037135111927376     
           3           4   1.5352655542712532     
           4           5   1.1381537695273711     
           4           6  0.13855466585859172     
           5           6   1.1381568000747153     
           3           7   1.1939899606191604     
           6           7   1.5352647488587126     
           7           8   1.1037131560533546     
           8           9   1.8963691234192779     
           1          10  0.97867586484554092     
           1          11  0.97651430243916482     
           2          12  0.96118325645765279     
           4          13  0.96554992023843977     
           6          14  0.96555050001793841     
           8          15  0.96118459699178227     
           9          16  0.97651662734737177     
           9          17  0.97867581549877336     
