           1           2   1.8980293061660842     
           2           3   1.0928664076186145     
           3           4   1.3482370910664183     
           4           5   1.4707203209111483     
           5           6   1.3784775794701973     
           6           7   1.0880332083619921     
           7           8   1.8980508673200123     
           6           9   1.2901372317650517     
           9          10   1.1551242875826166     
           3          11   1.3933170555017602     
           9          11   1.3723197016182498     
           1          12  0.97856280690307618     
           1          13  0.97332264549011671     
           2          14  0.96453489092912748     
           4          15  0.96880050598457512     
           5          16  0.96909489928247594     
           7          17  0.96149126429467335     
           8          18  0.97268841417390739     
           8          19  0.97834638450167799     
          10          20  0.94314047082681352     
          10          21  0.95517297992669370     
          11          22  0.96232462454055623     
