           1           2   1.9197184140345869     
           2           3   1.0749310262634366     
           3           4   1.5135123087884823     
           4           5   1.2624437558083683     
           5           6   1.3728719022033029     
           6           7   1.4343570585777852     
           6           8  0.17131730501851816     
           7           8   1.4343392597937512     
           5           9   1.1531528191923650     
           8           9   1.3728965687619250     
           4          10  0.10253022581838842     
           9          10   1.2624065072562947     
           3          11   1.2042257974393069     
          10          11   1.5135946203765283     
          11          12   1.0748151851951084     
          12          13   1.9198494080394428     
           1          14  0.97765812195630331     
           1          15  0.97442798941219622     
           2          16  0.95393744583162432     
           4          17  0.96336052917526105     
          10          18  0.96337131083629279     
          12          19  0.95391927841216606     
          13          20  0.97443617679785366     
          13          21  0.97765565075803817     
