           1           2   1.9144543049363592     
           2           3   1.0798765992636248     
           3           4   1.3594707434622770     
           4           5   1.4630537696579899     
           3           6  0.10169071508655932     
           5           6   1.4174800618032779     
           4           7  0.10785518490658297     
           6           7   1.4388684379189081     
           3           8   1.3384157419477256     
           7           8   1.3886358418172200     
           8           9   1.0657121039409416     
           9          10   1.7490759965528540     
          10          11  0.98660423967444000     
          10          12  0.97673072538434025     
           1          13  0.97720455097608272     
           1          14  0.97421172714078030     
           2          15  0.95803486749255928     
           4          16  0.95937014095411133     
           6          17  0.96326403459078092     
           7          18  0.96824312435776905     
           9          19  0.95025397334612949     
