           1           2   1.0294562299179115     
           2           3   1.4010971797332112     
           3           4   1.4199155802961192     
           4           5   1.0265419861229488     
           2           6  0.10044832113306329     
           4           6   1.3696699173951399     
           6           7  0.98646743644227830     
           7           8   1.7792688145258071     
           7           9   1.1033698893968062     
           8           9  0.16272279511170834     
           3          10  0.10681786707645899     
           6          10   1.3683480866190518     
           2          11   1.3840150903871824     
          10          11   1.4702458421210209     
           1          12  0.98564528001775720     
           1          13  0.96467566180570963     
           1          14  0.96362055302114569     
           3          15  0.96573175070161366     
           5          16  0.97623813369514478     
           5          17  0.96258526720735493     
           5          18  0.97912970102620200     
           9          19  0.87072685353418300     
          10          20  0.95978639013424627     
