           1           2   1.8784358729378621     
           2           3   1.1129609929397790     
           3           4   1.2365241564483882     
           3           5  0.13936695843414648     
           4           5   1.1948335926509039     
           5           6   1.4379900075307683     
           6           7   1.0666934778467454     
           7           8   1.1797882559824875     
           8           9  0.97875064054927918     
           7          10  0.17017823541886146     
           8          10   1.7312126223090016     
           3          11   1.3703371864821172     
           6          11   1.2757386314251109     
          11          12   1.0883207173356375     
          12          13   1.9075447067941553     
           1          14  0.97836837303853819     
           1          15  0.97519295526249516     
           2          16  0.95751763284755897     
           4          17  0.93902886455742873     
           7          18  0.93221318653624019     
           9          19  0.97202367629671227     
           9          20  0.98331685560097082     
           9          21  0.96904209535501062     
          12          22  0.95839836781463483     
          13          23  0.97449685158258470     
          13          24  0.97834125076260847     
