           1           2   1.8915733788726770     
           2           3   1.0973296490992395     
           3           4   1.3624229172194653     
           4           5   1.4659641640436676     
           5           6   1.3485716840337212     
           6           7   1.3198451831528493     
           3           8   1.3583984163998755     
           7           8   1.4349491077454404     
           7           9   1.0125361997611362     
           9          10   1.0125987695529735     
          10          11   1.4413211012517666     
          11          12   1.3541283933132198     
          12          13   1.0974055689479070     
          13          14   1.8915396640693911     
          12          15   1.3669967588259866     
          15          16   1.4589891887393449     
          10          17   1.3140438351710302     
          16          17   1.3539520894884243     
           6          18   1.0912800229882618     
          17          18   1.0928096310588244     
          18          19  0.98738368713708169     
          19          20  0.99735239821239374     
          20          21   1.0063274907319384     
          21          22   1.0073035091610403     
          22          23   1.0079057442504478     
          23          24   1.0201112033864095     
           1          25  0.97845616173010652     
           1          26  0.97328099292732628     
           2          27  0.96460375908719909     
           4          28  0.96547535482091640     
           5          29  0.96182359752620805     
           8          30  0.96554214048104725     
          11          31  0.96248579038457494     
          13          32  0.96444423986081040     
          14          33  0.97301700673656544     
          14          34  0.97847157189903777     
          15          35  0.96817752976564775     
          16          36  0.96409524451073558     
          19          37  0.96262139591546925     
          19          38  0.96760048409575139     
          20          39  0.97643356965898798     
          20          40  0.97086767130121587     
          21          41  0.97685255337659704     
          21          42  0.97464784220616274     
          22          43  0.97641607148807241     
          22          44  0.97679104000009664     
          23          45  0.97435362942169867     
          23          46  0.97837881844801911     
          24          47  0.98614275419942465     
          24          48  0.98743965932472377     
          24          49  0.98763150358909124     
