           1           2  0.96966471624159123     
           2           3  0.97521939631290344     
           2           4   1.7270579586830324     
           4           5   1.1003574036186243     
           5           6   1.3263449178358606     
           6           7   1.4937137972550976     
           5           8   1.3950779672134741     
           8           9   1.3760583897364751     
           7          10   1.3547615566533879     
           9          10   1.2475803042273856     
          10          11   1.1540418934444170     
          11          12   1.3601114493057118     
          12          13   1.4774009419668619     
          13          14   1.3924010029864715     
          12          15  0.10724166108972760     
          14          15   1.4710884429388118     
          11          16   1.2586455902274127     
          15          16   1.3573090050483425     
           9          17   1.1300518417152616     
          16          17   1.1265869360230234     
          17          18   1.0312303571739643     
          18          19   1.3850169958177039     
          19          20   1.4486685069425442     
          18          21  0.10278677888658372     
          20          21   1.4354360729355256     
          19          22  0.10899508415915818     
          21          22   1.4357169117515174     
          18          23   1.3854763305636377     
          20          23  0.10887007698885484     
          22          23   1.4482498513045001     
           4          24  0.95412939837795674     
           6          25  0.96887045661978288     
           7          26  0.96833256473492779     
           8          27  0.96251440035027414     
          12          28  0.96908940697337698     
          13          29  0.97152456962713873     
          14          30  0.97171554926160686     
          15          31  0.96646369001340149     
          19          32  0.96815307260697181     
          20          33  0.97055734626798573     
          21          34  0.97114165440056088     
          22          35  0.97036118248469427     
          23          36  0.96780240745362467     
