           1           2   1.8974386153053378     
           2           3   1.0941885584417317     
           3           4   1.3702609620983834     
           4           5   1.4663471618174431     
           5           6   1.3847474972481484     
           6           7   1.0347644695058102     
           7           8   1.3966041823606421     
           8           9   1.4256820547077425     
           9          10   1.0235203590919988     
           9          11   1.3602294578489729     
          11          12   1.0343608294376117     
          12          13   1.3851533298105976     
          13          14   1.4660944124529338     
          14          15   1.3703940362075036     
          15          16   1.0943628744275093     
          16          17   1.8972360696799662     
          13          18  0.10151064284879641     
          15          18   1.3678250395417320     
          12          19   1.3801179455634904     
          14          19  0.10011123875868490     
          18          19   1.4704048853770604     
           8          20  0.10171986454416532     
          11          20   1.3969485992138080     
           7          21   1.3602966926505617     
          20          21   1.4254217766255937     
          21          22   1.0235530283115408     
           4          23  0.10007738280685434     
           6          23   1.3802323271629788     
           3          24   1.3680100625412086     
           5          24  0.10150493700588049     
          23          24   1.4702026279255267     
           1          25  0.97847510061290099     
           1          26  0.97296507632065288     
           2          27  0.96461398925918118     
           4          28  0.96820813460264687     
           5          29  0.96933788254693787     
           8          30  0.96703564027933664     
          10          31  0.98063717969574449     
          10          32  0.96837665128981820     
          10          33  0.98049157053233493     
          13          34  0.96937826139064276     
          14          35  0.96820094743058749     
          16          36  0.96464263080924939     
          17          37  0.97292776027718086     
          17          38  0.97848072220377869     
          18          39  0.96550773586514382     
          19          40  0.96920866868277089     
          20          41  0.96706791268752068     
          22          42  0.98066196070164335     
          22          43  0.98041535004595493     
          22          44  0.96835047217035353     
          23          45  0.96918651503520248     
          24          46  0.96555790573026723     
