           1           2   1.8533856819839274     
           2           3   1.1376419368224160     
           3           4   1.5003383077485799     
           4           5   1.3044996465902428     
           5           6   1.0111165273343323     
           6           7  0.98638813463486719     
           7           8   1.0088678859438056     
           8           9   1.0080674774660532     
           9          10   1.0052507198447431     
          10          11   1.0090125841897875     
          11          12   1.0071512694027800     
          12          13   1.0068032516947361     
          13          14   1.0077697825075622     
          14          15   1.0200771598565950     
           5          16   1.4666283459051959     
          16          17   1.1441075401098932     
          17          18   1.8564176422961309     
           3          19   1.1387133196185546     
          16          19   1.1326473449665833     
           1          20  0.97786680797613579     
           1          21  0.97515938030147997     
           2          22  0.96451496652374780     
           4          23  0.96186962380308916     
           6          24  0.97355473006063997     
           6          25  0.96853951616978595     
           7          26  0.97677834120045659     
           7          27  0.97702512887390558     
           8          28  0.96899424183653127     
           8          29  0.97704547151634391     
           9          30  0.97821242486155091     
           9          31  0.97721699709146925     
          10          32  0.97354200562954385     
          10          33  0.97862529061355830     
          11          34  0.97777589039736457     
          11          35  0.96937997755326422     
          12          36  0.97765620360254046     
          12          37  0.97658599691779879     
          13          38  0.97561668027876958     
          13          39  0.97746954546458964     
          14          40  0.97521575290691309     
          14          41  0.97852661038671995     
          15          42  0.98592839054058534     
          15          43  0.98391163133355186     
          15          44  0.98790150427116841     
          17          45  0.95548690597558972     
          18          46  0.97176717849580774     
          18          47  0.97861337161244499     
