           1           2   1.0276885521107439     
           2           3   1.4807567911716846     
           3           4   1.1844602434565945     
           4           5   1.0053965921243233     
           3           6  0.14913667915047224     
           4           6   1.2452028979398198     
           6           7   1.0266784031961080     
           2           8   1.3157261415306916     
           6           8   1.4576291716024179     
           8           9   1.0275563380229902     
           1          10  0.98459332930563270     
           1          11  0.97318892766036669     
           1          12  0.97318522529891549     
           5          13  0.97783409239815677     
           5          14  0.97445162960104348     
           5          15  0.97445373884839936     
           7          16  0.98231909988487431     
           7          17  0.97275785164905471     
           7          18  0.97275792449964860     
           9          19  0.98583672349328022     
           9          20  0.97550070477849671     
           9          21  0.97549517981686495     
