           1           2   1.0297385799413701     
           2           3   1.5446336295820913     
           3           4   1.2955065714958653     
           2           5  0.10939822588293902     
           4           5   1.5446341528972956     
           5           6   1.0297387824980240     
           5           7   1.2143611677023949     
           7           8   1.3847043906638186     
           8           9   1.4313010279329825     
           8          10  0.17307249913698128     
           9          10   1.4313027967155887     
           2          11   1.2143621671772049     
           7          11   1.1671365652586938     
          10          11   1.3847025077491437     
           1          12  0.98549931988082884     
           1          13  0.96840680144165625     
           1          14  0.96840627461419893     
           3          15  0.96795817348124114     
           4          16  0.96795808300088249     
           6          17  0.98549922954094504     
           6          18  0.96840954156912940     
           6          19  0.96840348234348328     
