           1           2   1.8967422762551109     
           2           3   1.0945836564547466     
           3           4   1.3398874532747733     
           4           5   1.4826861953133288     
           5           6   1.3652983587313579     
           6           7   1.0724200456278643     
           7           8   1.9133851410770728     
           6           9   1.3337466078097178     
           9          10   1.0270571400673458     
           3          11   1.3786996708369843     
           9          11   1.4373666653144674     
           1          12  0.97817899776824691     
           1          13  0.97349656110745530     
           2          14  0.96395310546994695     
           4          15  0.95862570157916527     
           7          16  0.95865701419096383     
           8          17  0.97328771236362299     
           8          18  0.97735390268439715     
          10          19  0.97656801236018176     
          10          20  0.98092487976822651     
          10          21  0.96541988507344145     
          11          22  0.96523088121950806     
