$coord
    2.89077840016384    0.17902639035833   -0.99783681240404      c
    4.99306471393641    0.07595493017829    0.36652462014472      c
    6.20487789219426   -2.20091344710401    1.32811885020107      c
    5.40024157206188   -4.64082183790573    0.77677344597994      c
    6.58621039744960   -6.80977721694831    1.67256796864660      c
    5.63202577757460   -9.26448508751671    0.78417567035400      c
    3.20288763949551   -9.84631489120794    0.61939248036820      c
    8.68548416792682   -6.55760233761418    3.27727430517089      c
   10.05352327615883   -8.40537503875312    4.40482202026418      o
    9.03600691814919  -10.83012288359697    4.84132910826024      c
    9.52153395123511   -4.10566044332805    3.83494921307160      c
   11.53667048108167   -3.83147753233499    5.36091414047009      f
    8.33519355232322   -1.98813913853392    2.87642224986187      c
    9.24890443005926    0.30634279286830    3.48242583488518      f
    2.13683893918944    1.96029563762487   -1.62409332505767      h
    1.83964476812888   -1.47541381304532   -1.54112769422757      h
    5.94500557457793    1.81588947751210    0.86193401846000      h
    3.81067410380611   -4.88956182328885   -0.47176086287952      h
    7.04336998735799  -10.60199862189766    0.15761957271755      h
    1.74725843328841   -8.56882522979802    1.24690919718907      h
    2.58211003018048  -11.63677520392757   -0.11865387861761      h
    9.91250827104244  -11.49687818307350    6.58448287964517      h
    9.52795484439031  -12.13256090234262    3.31555649634180      h
    6.98814657437139  -10.77624608301760    5.07877617736865      h
$periodic 0
$end
