   -0.08815749
   -0.02462552
   -0.01214818
   -0.04292475
   -0.01221421
   -0.02607642
   -0.08851511
    0.14074109
   -0.25889613
    0.07475262
   -0.00020104
   -0.03883164
   -0.02709894
   -0.02945039
   -0.02762336
   -0.03015758
   -0.08853217
    0.15812458
   -0.22687642
    0.03986930
    0.03878924
    0.05036473
    0.05833784
    0.05161984
    0.03954796
    0.03974344
    0.03714144
    0.06052133
    0.02864415
    0.03577003
    0.03506757
    0.03522159
    0.04043100
    0.05764159
