           1           2   1.8549550341610139     
           2           3   1.1382666315793242     
           3           4   1.4942763649308832     
           4           5   1.3130242370023182     
           5           6   1.0075967979633103     
           6           7   1.0071121847758251     
           7           8   1.0064251169954215     
           8           9   1.0201527829473895     
           5          10   1.4599500457993275     
          10          11   1.1455405181167067     
          11          12   1.8547953986096761     
           3          13   1.1413113057058759     
          10          13   1.1342365411303659     
           1          14  0.97814272080305875     
           1          15  0.97535892940007740     
           2          16  0.96446560520153657     
           4          17  0.95981014939705378     
           6          18  0.96323996662657252     
           6          19  0.95862816702357967     
           7          20  0.97650672009497785     
           7          21  0.97696927376493958     
           8          22  0.97843556101542783     
           8          23  0.97800138228360456     
           9          24  0.98758588212824139     
           9          25  0.98739539136918753     
           9          26  0.98609769899401256     
          11          27  0.95720885138326040     
          12          28  0.97176720327979926     
          12          29  0.97861416226539943     
