           1           2   1.0285440187497210     
           2           3   1.4298108916321768     
           3           4   1.3741173818402370     
           4           5   1.0530151797569782     
           2           6  0.10231120570146793     
           4           6   1.3501715148470617     
           6           7   1.0251094209517049     
           6           8   1.4125896387478127     
           2           9   1.3309174173692737     
           8           9   1.3925059516076328     
           9          10   1.0560990954812517     
           1          11  0.98628383763205174     
           1          12  0.97046787677227875     
           1          13  0.97041397487197045     
           3          14  0.96356192513297279     
           5          15  0.89135938911163359     
           7          16  0.98311719978791201     
           7          17  0.97329919899119666     
           7          18  0.97322474985956386     
           8          19  0.96468080770282416     
          10          20  0.89251604824803588     
