           1           2  0.96958553223009691     
           2           3  0.97531162637791124     
           2           4   1.7266904981228151     
           4           5   1.1008056262915877     
           5           6   1.3259551930289655     
           6           7   1.4941077599277981     
           5           8   1.3950775938099174     
           8           9   1.3759777328039382     
           7          10   1.3544686357235876     
           9          10   1.2476369473176330     
          10          11   1.1541814480028008     
          11          12   1.3600384482272596     
          12          13   1.4774748447216084     
          13          14   1.3923598108178963     
          12          15  0.10724088610971870     
          14          15   1.4710914266839634     
          11          16   1.2585590801996727     
          15          16   1.3572934365920228     
           9          17   1.1300945467429342     
          16          17   1.1266790503693502     
          17          18   1.0308747885680818     
          18          19   1.3854610245781593     
          19          20   1.4483609866954650     
          18          21  0.10283636872394676     
          20          21   1.4356383079032282     
          19          22  0.10893427198576174     
          21          22   1.4355780772081803     
          18          23   1.3854127684455988     
          20          23  0.10898837781493900     
          22          23   1.4484585402442853     
           4          24  0.95414639144240232     
           6          25  0.96883883770656642     
           7          26  0.96833284371870643     
           8          27  0.96253563862995117     
          12          28  0.96908822782164794     
          13          29  0.97152140236460149     
          14          30  0.97172370524129370     
          15          31  0.96648217090253852     
          19          32  0.96788651945488713     
          20          33  0.97036299797167658     
          21          34  0.97114018626719489     
          22          35  0.97056082183528658     
          23          36  0.96816402261509693     
