           1           2   1.9073510469247368     
           2           3   1.0784983789767728     
           3           4   1.3551176994062177     
           4           5   1.4492917857317924     
           5           6   1.4492868724666665     
           6           7   1.3551234502044933     
           7           8   1.0785140065061616     
           8           9   1.9073318400213179     
           3          10   1.3924021009336123     
           7          10   1.3923834282840668     
           1          11  0.97755824805972413     
           1          12  0.97251787541894352     
           2          13  0.96307996380665728     
           4          14  0.96638037905537100     
           5          15  0.96982445960888308     
           6          16  0.96638095328803686     
           8          17  0.96308185616017816     
           9          18  0.97251803509574841     
           9          19  0.97756006363667403     
