   -0.19169649
    0.31304608
   -0.18508285
   -0.08245627
    0.02046398
   -0.03297548
   -0.04082923
    0.06910580
   -0.04986815
    0.13500440
    0.00342543
   -0.02625725
   -0.02629782
   -0.02709313
   -0.02825150
   -0.03178079
   -0.28680078
    0.03381652
    0.06737313
   -0.04100951
   -0.03844635
   -0.03627047
   -0.05086121
   -0.03821899
   -0.03327595
    0.08153139
    0.04480770
    0.04848747
    0.05385659
    0.03864208
    0.03632675
    0.03395692
    0.02680267
    0.04569957
    0.03334348
    0.03200956
    0.02630465
    0.04531509
    0.05815297
