   -0.12077124
    0.15678618
   -0.11895224
   -0.28650578
    0.41157723
   -0.05056751
    0.00507455
   -0.05979534
    0.05220756
   -0.00293371
   -0.04002171
    0.01607672
   -0.08140656
    0.30924407
   -0.18832285
   -0.19828718
   -0.04004723
   -0.04134680
   -0.43461319
   -0.12076611
    0.04559430
    0.06765405
    0.04866087
    0.05398261
    0.05218859
    0.05396126
    0.05834560
    0.04538124
    0.04128927
    0.07855388
    0.05712068
    0.06868896
    0.04867312
    0.06763302
    0.04564367
