$coord
    4.74144263688606    1.99795425549929    0.04759310673190      c
    2.24750026058445    0.65008497796301    0.02548725071422      c
   -0.01027465069631    1.98187930762858    0.02423913076802      c
   -2.30212198988341    0.71815645513813    0.00359735823008      c
   -4.75654646630013    2.13685612096630    0.00199408999064      c
   -2.31924397247816   -1.90816052431515   -0.01640194019066      c
   -0.09389637323589   -3.29469995909497   -0.01628669991447      c
   -0.04559096394948   -6.16947601281536   -0.04012188490798      c
   -2.69438616200621   -7.33361110995549   -0.06295942392511      c
    1.35528443239351   -7.07198715459001   -2.41489987066781      c
    1.33247205797500   -7.11316360367921    2.33192655280066      c
    2.17637820740007   -1.96877122855595    0.00535866488326      c
    4.47741084419257    4.03519191420911    0.06022010884017      h
    5.84698399769801    1.49030395365421   -1.61359471694799      h
    5.82996851023748    1.46748417237689    1.71287700054785      h
    0.02038427033480    4.02502437214218    0.03943626015867      h
   -4.43542962087938    4.16586613444173    0.01765543985951      h
   -5.87569162932066    1.63695616514758    1.65636665736748      h
   -5.86002615548740    1.66014191162241   -1.66965955554934      h
   -4.12871657643358   -2.84463627511788   -0.03233654632871      h
   -3.73885711790905   -6.76188323336933   -1.73817198377672      h
   -3.75508659543011   -6.79083916010501    1.61169094385247      h
   -2.54120238814565   -9.38454766032830   -0.07996128995053      h
    0.40426364603505   -6.38365801937569   -4.10315025279398      h
    1.39389885938392   -9.12699239908125   -2.47861028341626      h
    3.29176239317663   -6.39106872209642   -2.44586462448216      h
    0.36407949894179   -6.45605266653379    4.02274067643076      h
    3.26791018901507   -6.43145977537861    2.39438688740368      h
    1.37240079454282   -9.16896198588569    2.35911323498860      h
    3.95138698745319   -2.97714687761829    0.00654038297078      h
$periodic 0
$end
