   -0.08786234
   -0.02415203
    0.00381120
   -0.04745908
    0.00230131
   -0.05973568
   -0.05304950
   -0.05680610
   -0.05748036
   -0.05253476
   -0.10073126
    0.00225068
   -0.02721793
   -0.09003274
   -0.04647388
    0.00373680
   -0.06480809
   -0.05224980
   -0.05784124
   -0.05790935
   -0.05277937
   -0.10193360
    0.03249904
    0.03574897
    0.03394181
    0.02626443
    0.03475670
    0.03186483
    0.03227222
    0.03255399
    0.02636884
    0.03298419
    0.02746654
    0.02935315
    0.03102337
    0.02654722
    0.03531504
    0.03000473
    0.03257908
    0.03594157
    0.03562071
    0.03123999
    0.03340214
    0.04113703
    0.03608198
    0.02900547
    0.02855815
    0.02945873
    0.03285070
    0.03187334
    0.02795973
    0.02740112
    0.02816372
    0.03342259
    0.03071514
    0.03458086
