$coord
    1.78660425998552    0.06845287937709   -0.10443428889147      c
    4.61129418570954    0.15505067289571   -0.10367157782363      c
    5.94551700631580    2.40693038215306   -0.10532677403090      c
    8.56768048064687    2.50765991710920   -0.10464235545009      c
    9.99819286345558    4.94797410437725   -0.10641605176984      c
    9.87044918827648    0.22947698394623   -0.10219906412715      c
   12.41753153021308    0.22804802740533   -0.10144888903809      f
    8.58080420937162   -2.04611277700520   -0.10051328987847      c
    9.84618426171347   -4.28054359133702   -0.09814372695955      f
    5.95257575895282   -2.12125899680475   -0.10121616879794      c
    4.68405550850589   -4.34730907108397   -0.09953133740366      o
    0.99261124835241    1.96030866151075   -0.10557141183784      h
    1.11488571044248   -0.94977318755073    1.55193058229352      h
    1.11581749599182   -0.95132552359795   -1.76023081952004      h
    4.90334276813126    4.16054293913328   -0.10723133690518      h
    8.71028464047499    6.54550042020766   -0.10844767514100      h
   11.21120442474759    5.06219297115649   -1.76532595920252      h
   11.20989728217963    5.06537264621478    1.55322975429570      h
    5.88261122625513   -5.72604443023219   -0.09801432302985      h
$periodic 0
$end
