   -0.08863497
   -0.02596498
   -0.00966906
   -0.07694870
    0.12898425
   -0.27258507
    0.08495256
   -0.06421994
   -0.05643540
   -0.06308743
   -0.05704134
   -0.05467106
   -0.05496953
   -0.05521259
   -0.05138767
   -0.09819457
   -0.01008629
   -0.02521775
   -0.08800610
   -0.07506862
    0.13084532
   -0.27695522
    0.07936896
   -0.06588129
   -0.05804084
   -0.05999051
   -0.05802180
   -0.05763444
   -0.05868066
   -0.05923393
   -0.05272267
   -0.10208127
    0.03250142
    0.05889624
    0.02963074
    0.03630456
    0.03047092
    0.02316471
    0.03488099
    0.05246845
    0.03433975
    0.02872195
    0.02490517
    0.05641074
    0.02425376
    0.03075921
    0.02382913
    0.02874698
    0.02916411
    0.02737134
    0.03280704
    0.02326733
    0.03070071
    0.02448660
    0.03336437
    0.02835449
    0.03071617
    0.03053190
    0.05788564
    0.03175508
    0.04071021
    0.02569446
    0.04815422
    0.04475891
    0.03936451
    0.04170324
    0.02622481
    0.03404175
    0.02692397
    0.02954662
    0.03115486
    0.02795675
    0.03248377
    0.03158776
    0.02804932
    0.02885757
    0.02971693
    0.02800859
    0.02820569
    0.03297743
    0.03248704
    0.03319468
