   -0.08956378
   -0.02978990
    0.02466260
   -0.05719278
   -0.00640983
   -0.05641730
   -0.05408264
   -0.05695431
   -0.05901026
   -0.05263077
   -0.10209395
    0.01675465
   -0.03053746
   -0.08887889
   -0.05494827
    0.04099504
    0.04036560
    0.04151135
    0.03564474
    0.03463634
    0.03774467
    0.03503929
    0.03030053
    0.02851761
    0.03252841
    0.02954113
    0.03034618
    0.02948594
    0.02928183
    0.03266026
    0.03286000
    0.03265434
    0.03988803
    0.04547050
    0.03762111
