           1           2   1.8842219646732048     
           2           3   1.1047628015491167     
           3           4   1.3801183832545090     
           4           5   1.3976736250212338     
           5           6   1.0413007987555345     
           6           7  0.96591788168075088     
           7           8  0.99397838600809940     
           8           9   1.0073770332235601     
           9          10   1.0077682121828562     
          10          11   1.0076717188371205     
          11          12   1.0071610629003487     
          12          13   1.0072439240017090     
          13          14   1.0074143654022241     
          14          15   1.0089978487384195     
          15          16   1.0187017169729389     
           5          17   1.2962600357050300     
          17          18   1.0988508854863426     
          18          19   1.8904861171382363     
          17          20   1.3732682871334783     
           3          21   1.2783884182276906     
          20          21   1.3997137088940850     
          21          22   1.0615880691977528     
          22          23  0.96668855843988644     
          23          24   1.0006233941406040     
          24          25   1.0074384435303037     
          25          26   1.0086446882414197     
          26          27   1.0073417237526878     
          27          28   1.0062500222563040     
          28          29   1.0069732141443988     
          29          30   1.0081341737839316     
          30          31   1.0075764660788071     
          31          32   1.0191304876248228     
           1          33  0.97840729813452099     
           1          34  0.96916387656209912     
           2          35  0.96281172327798203     
           4          36  0.95832533915257201     
           7          37  0.96415572403385741     
           7          38  0.97061709734694701     
           8          39  0.97499210639809164     
           8          40  0.97719771754012008     
           9          41  0.97614383774681579     
           9          42  0.97516416094699221     
          10          43  0.96973947755814494     
          10          44  0.97748545812737941     
          11          45  0.97738949619805926     
          11          46  0.97361420590103276     
          12          47  0.97727597162074931     
          12          48  0.97583975114367616     
          13          49  0.97454125036931849     
          13          50  0.97716953480065460     
          14          51  0.97303665834067921     
          14          52  0.97405574245645621     
          15          53  0.97848459682180411     
          15          54  0.97685945744068847     
          16          55  0.98715165255881365     
          16          56  0.98778883265706541     
          16          57  0.98770488671808820     
          18          58  0.96137718771450076     
          19          59  0.97283266388848100     
          19          60  0.97849033826740461     
          20          61  0.95871888104610481     
          23          62  0.96629930195516622     
          23          63  0.96425253975274250     
          24          64  0.97403855362839331     
          24          65  0.97637805558278268     
          25          66  0.97780114675330609     
          25          67  0.97272930127937329     
          26          68  0.96651236908394089     
          26          69  0.97737441757118582     
          27          70  0.97728604547553466     
          27          71  0.97792420620915010     
          28          72  0.97763516218720348     
          28          73  0.97600213499116928     
          29          74  0.97691510530517955     
          29          75  0.97393758608921632     
          30          76  0.97483535322250603     
          30          77  0.97767026996538453     
          31          78  0.97860303609749244     
          31          79  0.97648564706010599     
          32          80  0.98833992243642510     
          32          81  0.98758371169542392     
          32          82  0.98675940991203992     
