           1           2   1.9045090267474434     
           2           3   1.0877962848964200     
           3           4   1.3982541363359635     
           4           5   1.3635410637918739     
           5           6   1.0931483190246212     
           6           7   1.7317238610544081     
           7           8  0.98246232863636362     
           7           9  0.97236083072860924     
           5          10   1.3945372186265210     
          10          11   1.3503280071608583     
          11          12   1.0654687869296697     
          12          13  0.98509524087633182     
           3          14   1.3629221524927542     
          11          14   1.3852714909464618     
           1          15  0.97789281698561092     
           1          16  0.97255165360528695     
           2          17  0.96399593641510961     
           4          18  0.96616634391616618     
           6          19  0.95427460797551644     
          10          20  0.96438157005417802     
          13          21  0.97932457367261094     
          13          22  0.97646981673919109     
          13          23  0.97641065527133641     
          14          24  0.96032315000720003     
