           1           2   1.8616875890555948     
           2           3   1.1382845701947342     
           3           4   1.5074231287485504     
           4           5   1.2961317619495896     
           5           6   1.0109882773124443     
           6           7  0.98744821744055211     
           7           8   1.0064506351471012     
           8           9   1.0200718151904491     
           5          10   1.4787380904719516     
          10          11   1.1337410901162763     
          11          12   1.8608452344469006     
           3          13   1.1368419818088522     
          10          13   1.1274002314090630     
           1          14  0.97839740743586756     
           1          15  0.97216903042143443     
           2          16  0.95880292313532489     
           4          17  0.96406998769244667     
           6          18  0.96728809320366838     
           6          19  0.96998811443629296     
           7          20  0.97772448135356715     
           7          21  0.97547475918275484     
           8          22  0.97763903504374994     
           8          23  0.97789730178186074     
           9          24  0.98765235215751124     
           9          25  0.98740937256333750     
           9          26  0.98644904462784577     
          11          27  0.96174661014790763     
          12          28  0.97047836129306564     
          12          29  0.97780983639113339     
