           1           2   1.8998890557210917     
           2           3   1.0853449607250991     
           3           4   1.3615952644272622     
           4           5   1.4453560164154822     
           5           6   1.0279381311244487     
           5           7   1.3377609453496173     
           7           8   1.0839465213107466     
           8           9   1.9085122631702225     
           7          10   1.3590181059009596     
           3          11   1.3597169227073094     
          10          11   1.4737987664332268     
           1          12  0.97775777183401369     
           1          13  0.97259186665117991     
           2          14  0.96303763583629709     
           4          15  0.96279710673235508     
           6          16  0.98464865461185624     
           6          17  0.96704520200773481     
           6          18  0.97157816008741804     
           8          19  0.95926069993653584     
           9          20  0.97465756379473534     
           9          21  0.97818217141955932     
          10          22  0.95959752825358047     
