   -0.08953094
   -0.03097809
    0.01485436
   -0.06405336
    0.01451289
   -0.03131556
   -0.08950218
   -0.01495196
   -0.05577884
   -0.05513055
   -0.05784131
   -0.05531288
   -0.05293549
   -0.10085108
   -0.01487180
   -0.05577747
   -0.05483493
   -0.05586811
   -0.05894051
   -0.05238001
   -0.10198318
    0.03618590
    0.04497589
    0.03890036
    0.03897071
    0.04509443
    0.03630861
    0.03257441
    0.04217153
    0.03250302
    0.02887991
    0.03808255
    0.02743753
    0.02566355
    0.02814497
    0.02884989
    0.02743016
    0.03486555
    0.03077715
    0.03284565
    0.03364817
    0.04286474
    0.03505622
    0.02742662
    0.02548903
    0.03278008
    0.02925297
    0.02968601
    0.02956143
    0.02933040
    0.03237823
    0.03285230
    0.03248304
