           1           2  0.98317845595771114     
           2           3   1.0708940052112430     
           3           4   1.3795138034476346     
           4           5   1.3734805332745201     
           5           6   1.0282299497871361     
           6           7   1.0246017148494966     
           7           8   1.3506545801255039     
           8           9   1.0218782463564982     
           8          10   1.4010674600378525     
          10          11   1.4430750812197135     
          11          12   1.4260560248766929     
           7          13   1.3826381915462209     
          10          13  0.10396555958864459     
          12          13   1.4428144274812429     
           6          14   1.1218378080565568     
          14          15   1.3287064961854822     
          15          16   1.4906025635458189     
          16          17   1.3509159148869279     
          17          18   1.1074673042801122     
          18          19   1.7193847960167874     
          19          20  0.97353088036867819     
          19          21  0.96653326292090103     
          17          22   1.3504283343895813     
          14          23   1.3280037725986853     
          22          23   1.4896194068589095     
           5          24   1.3601093925350412     
           9          24   1.0154484539819861     
          24          25   1.3795912697158956     
           3          26   1.3317378102583770     
          25          26   1.4755954735975718     
           1          27  0.97920684636723287     
           1          28  0.97635952425513384     
           1          29  0.97645663597804344     
           4          30  0.96136035985954971     
          10          31  0.96764527824653168     
          11          32  0.96935146502842795     
          12          33  0.96995335318859499     
          13          34  0.96607109467505670     
          15          35  0.96249004590135545     
          16          36  0.96748044854234783     
          18          37  0.95491362953913039     
          22          38  0.96845743777644244     
          23          39  0.96317501090903046     
          25          40  0.96690938953475114     
          26          41  0.96614664730425359     
