$coord
    5.40819721673167    0.13447681266345    0.02949817836446      c
    2.58577457857269   -0.04280273079629    0.03616260815286      c
    1.33790790713527   -2.34502250038310    0.21246381920155      c
   -1.27248454159475   -2.45660897670951    0.21756186522846      c
   -2.76022210282889   -0.29139294362850    0.04684400283155      c
   -5.57668683145456   -0.51226439515992    0.06171060794963      c
   -1.49393339895827    1.99671263886662   -0.13113482987406      c
   -2.80485428142961    5.11196058059659   -0.37922855121449      s
   -5.98915408225312    4.86167196602517   -0.38338338409556      n
   -2.11808139433657    6.47647256034822    1.86245099486473      o
   -2.06253130895949    6.11926873200400   -2.78739521374768      o
    1.11426590079614    2.12366393938862   -0.13568144541759      c
    6.26519851130240   -1.72741140379574    0.15687201501633      h
    6.05182926908000    1.27026886316023    1.61944551671231      h
    6.05884101496384    1.04779608018730   -1.69505675873404      h
    2.41713766448767   -4.07302613370149    0.34784247560152      h
   -2.19154982752970   -4.27461706159707    0.35763535087177      h
   -6.13124659413412   -2.48363086611546    0.23756278954568      h
   -6.37139686710639    0.24907661246440   -1.67304685674388      h
   -6.37683171201845    0.54875172799998    1.62815425581787      h
   -6.72787278421137    5.88654569420821    1.04189562524103      h
   -6.69586501636169    5.41389909831591   -2.06319296383905      h
    1.97680015272731    3.96625702128538   -0.27853563543138      h
$periodic 0
$end
