           1           2   1.0276139935309787     
           2           3   1.4051940218859678     
           3           4   1.4509636483546919     
           2           5  0.10316527927445066     
           4           5   1.3978304658388838     
           5           6   1.0282853627316850     
           3           7  0.10178429434450047     
           5           7   1.3931302509543628     
           7           8  0.74045883216663799     
           8           9  0.92633912902016380     
           8          10   1.6157931750159298     
           8          11   1.6115358842097525     
          10          11  0.10980208819623671     
           2          12   1.4043905909073620     
           4          12  0.10938752831068972     
           7          12   1.4300094044261433     
           1          13  0.98503021761860565     
           1          14  0.96990424610972825     
           1          15  0.97031590800716860     
           3          16  0.96760661361431566     
           4          17  0.96642227036262895     
           6          18  0.98309656819834002     
           6          19  0.96788664301031502     
           6          20  0.96802927100842762     
           9          21  0.94245511348598776     
           9          22  0.94391696492917609     
          12          23  0.96154595726399839     
