           1           2   1.9241674608292194     
           2           3   1.0657538942290092     
           3           4   1.4747820125849831     
           4           5   1.3582535430466389     
           3           6  0.10233420388528146     
           5           6   1.4713518293110828     
           6           7   1.0750502299016211     
           7           8   1.9169841216128147     
           6           9   1.2324252231268180     
           9          10   1.2882519802544206     
          10          11   1.5513051976451435     
          11          12   1.3251356482677228     
          10          13  0.11753340005637986     
          12          13   1.5514870114953354     
           3          14   1.2339398834725201     
           9          14   1.2588871292053418     
          13          14   1.2874859547512374     
           1          15  0.97752469446717705     
           1          16  0.97494682375403263     
           2          17  0.95854834205665584     
           4          18  0.96892077886696870     
           5          19  0.96730887530462106     
           7          20  0.95683272314823542     
           8          21  0.97517254594554525     
           8          22  0.97819727148000313     
          10          23  0.96441450437182208     
          11          24  0.97106526109519997     
          12          25  0.97101593897415983     
          13          26  0.96410201520698513     
