           1           2   1.9057641747210792     
           2           3   1.0805832018641326     
           3           4   1.3721479853045215     
           4           5   1.3960303102190799     
           5           6   1.0896581080977745     
           6           7   1.7310531930885240     
           7           8  0.98526803523041073     
           7           9  0.97968415063783887     
           5          10   1.3632063220056061     
           4          11  0.10301964240314285     
          10          11   1.4311383669814153     
           3          12   1.3705883315790901     
          11          12   1.4508774718292408     
           1          13  0.97701912509516020     
           1          14  0.97142957092127113     
           2          15  0.96243695817509645     
           4          16  0.96188673976807015     
           6          17  0.95414819392187189     
          10          18  0.96842502064675262     
          11          19  0.96267963256891054     
