$coord
    5.49669097434699   -2.06286804455397    0.66795856160790      c
    4.92631758694532    0.52800032487548    0.79681076542144      o
    6.34816172498878    2.17648767764300   -0.58038487431312      c
    5.64679202692708    4.72552085455520   -0.34518845681734      c
    6.93769724055555    6.60103564396213   -1.59617179112302      c
    8.35293980870697    1.47296857527277   -2.11639657390408      c
    9.61555025578120    3.37180349349923   -3.41571058354070      c
    8.95283842714527    5.93885996723114   -3.14687675250509      c
   10.70435178789011    7.35701463321205   -4.65707915521759      c
   10.98308398018748    9.91441704673447   -5.17247803293108      c
   12.89118212250830   10.66384603350317   -6.78700711520550      c
   14.48724276776638    8.89730755898391   -7.90705110140385      c
   14.24506930179561    6.34081085994475   -7.42374596862534      c
   12.36622995249777    5.58217828074561   -5.76294935800515      c
   11.68319868800277    3.17379681545749   -5.00013345352052      n
   12.88121691777043    0.93017955245034   -5.69986177350588      c
   11.47230498123594   -1.12249350044709   -6.56221471798471      c
   12.64354684204721   -3.35409553570275   -7.22375641173459      c
   15.26723207293284   -3.59880878495851   -7.06214985985507      c
   16.62209272979588   -5.89402161834128   -7.71794256172300      c
   15.68759084138167   -8.10773409876548   -8.42397778290058      c
   13.27813819572344   -8.75093599736708   -8.70577898355181      f
   17.12772645195642  -10.09886959359072   -8.96763159596058      f
   16.66675224236685   -1.52118100489398   -6.22384005310570      c
   15.50135604969662    0.70579201504096   -5.54187342006276      c
    4.13532774680277   -2.99538813660731    1.89733672900820      h
    7.41132003288873   -2.45802000735932    1.34800026506510      h
    5.28934630450007   -2.79380656119331   -1.25707426410111      h
    4.07088338930405    5.15858318816681    0.87125193770552      h
    6.40184921995625    8.55572613618674   -1.37434608364400      h
    8.94825389050385   -0.46743263419222   -2.28715497448253      h
    9.72238336849324   11.27929074207193   -4.33078303060468      h
   13.14380438180251   12.64444424935870   -7.20831579661741      h
   15.94232340164116    9.53524522501406   -9.18806565765725      h
   15.46842302633907    4.98635542997757   -8.33541263853716      h
    9.44910501662784   -0.93988115715266   -6.74759756368240      h
   11.50343258670114   -4.90340382975075   -7.89181499799426      h
   18.65902642053462   -5.81263311442422   -7.60473883834858      h
   18.69752880140331   -1.67324177877401   -6.08413321745603      h
   16.60648583250346    2.27374278045601   -4.84866414640410      h
$periodic 0
$end
