           1           2   1.0259335454062257     
           2           3   1.4179650160920596     
           3           4   1.4179644366033073     
           4           5   1.0259333923357465     
           2           6  0.11102960564506723     
           4           6   1.3914096445378923     
           6           7   1.4438324536085703     
           2           8   1.3914089742761280     
           4           8  0.11102968248709168     
           7           8   1.4438330236646981     
           1           9  0.98548155333949783     
           1          10  0.97195772140685710     
           1          11  0.97201730121594387     
           3          12  0.96588129478350060     
           5          13  0.98548148197738494     
           5          14  0.97203590645555915     
           5          15  0.97193931408281398     
           6          16  0.96337580488844843     
           8          17  0.96337586172584577     
