$coord
    1.99519181719237   -0.11695487445614    0.11378751633882      c
    4.80244962508916   -0.01732819419729   -0.19302560338830      c
    6.12405139676897    2.23918421284017   -0.33339032582386      c
    8.72307196837882    2.23258798631882   -0.61855152163375      c
    9.91494418146714    4.49058140926906   -0.74471722762211      f
   10.13543174248738    0.02704030210674   -0.77816501226172      c
   12.94663408987171    0.05828440705233   -1.08708928145780      c
    8.80928922715602   -2.23650846084508   -0.63689137204341      c
    6.21832198395854   -2.22838387470554   -0.35251562008210      c
    5.00238145189383   -4.47260808351702   -0.22336881810318      f
    1.20271049205661    1.77370675499273    0.20892741220169      h
    1.50488088710256   -1.13977036629771    1.83161090570462      h
    1.14417592387163   -1.12469804924538   -1.46668568734776      h
    5.14456466662873    4.02374152300473   -0.22235873925377      h
   13.65013713398486    1.98516993665038   -1.16532897355498      h
   13.48197424186413   -0.91464295257969   -2.81959183835338      h
   13.84558677316144   -0.91280737635803    0.48888902729765      h
    9.79799916943711   -4.01600462805809   -0.74888728731765      h
$periodic 0
$end
