           1           2   1.0303906638185500     
           2           3   1.4173395280023193     
           3           4   1.3971999093731062     
           4           5  0.95543195016349225     
           2           6  0.10303431016362875     
           4           6   1.3729416476509284     
           6           7   1.0286899589908922     
           3           8  0.10445425353993743     
           6           8   1.3972483525030772     
           2           9   1.3527832643835422     
           8           9   1.4192888633119725     
           9          10  0.95677253252202488     
           1          11  0.98533194645861488     
           1          12  0.96815703287346322     
           1          13  0.96805487268700796     
           3          14  0.96412821096715073     
           7          15  0.98374954203791176     
           7          16  0.96973655534450542     
           7          17  0.96963677029220219     
           8          18  0.96483399822395666     
