$coord
    3.69924630873519   -1.73341635897491   -0.74978242046024      c
    5.24080565490907    0.15892154471881   -0.15512840568552      c
    6.18578833314435    0.74662937219019    2.34808338697805      c
    5.60024614929678   -0.54416663597876    4.54905635529325      c
    6.48072656200778   -0.00606566957423    6.84252710565475      n
    8.04680509842311    1.88912115945313    7.24389058314951      c
    8.86862925119282    2.26701042389110    9.82783566988175      c
   10.41158189390348    4.09064247544889   10.60741327393763      c
    8.81625530942885    3.40828121735520    5.16031628424608      c
   10.35686370200557    5.40012033129939    5.10689090304389      n
   10.57388746070662    6.39865842174724    2.24740746194634      s
    8.74111829989284    4.37807591426907    0.92465496823871      n
    7.86175148329448    2.80613776990123    2.68807130109106      c
    3.09143859122291   -2.03051122258133   -2.66760825927072      h
    2.98909461413743   -3.04773464071737    0.63054571771870      h
    5.91185155373378    1.43042773239056   -1.60936222893584      h
    4.32823601724538   -2.14232320432457    4.50610359144807      h
    8.09646458114772    0.89578361153759   11.13173300235106      h
   11.18085070207892    5.45665103810989    9.31125110727129      h
   10.94557403228661    4.25716897576358   12.56399582042627      h
$periodic 0
$end
