           1           2   1.8562256872123553     
           2           3   1.1381050742220953     
           3           4   1.4909375900880375     
           4           5   1.3411057848706478     
           5           6   1.4909358351893207     
           6           7   1.1381067825911417     
           7           8   1.8562229267572703     
           3           9   1.1453700072194022     
           6           9   1.1453697796381732     
           1          10  0.97797904376277300     
           1          11  0.97539248514545218     
           2          12  0.96449937405653940     
           4          13  0.96304842504134258     
           5          14  0.96304897831630354     
           7          15  0.96450059331860316     
           8          16  0.97539448004301055     
           8          17  0.97797946012227022     
