           1           2   1.9026745658582094     
           2           3   1.0896679642360689     
           3           4   1.3664548713377804     
           4           5   1.4461395231783412     
           5           6   1.4081016789011351     
           6           7  0.95999014714843445     
           6           8   1.3190976704135906     
           8           9   1.0991035655486545     
           9          10   1.7273295359029242     
          10          11  0.97978266236277900     
          10          12  0.97964230625900306     
           3          13   1.3885400704618989     
           8          13   1.3891365973364258     
           1          14  0.97740021869921334     
           1          15  0.97133704259077225     
           2          16  0.96403773434940732     
           4          17  0.96754132954802130     
           5          18  0.96569806012458037     
           9          19  0.95156684678567194     
          13          20  0.95994822222670206     
