           1           2   1.8715477761078918     
           2           3   1.1155824092189186     
           3           4   1.5054743992534840     
           4           5   1.2904388291705358     
           5           6   1.0339947678802841     
           6           7   1.7193676936343456     
           6           8   1.0990655502298436     
           7           8  0.16416907172043424     
           8           9  0.96006776375680292     
           5          10   1.4042949362154036     
          10          11   1.1257075453007199     
          11          12   1.8575784388877146     
           3          13   1.0906329841683224     
          10          13   1.1368076497160624     
           1          14  0.97794165821406576     
           1          15  0.97512301747920205     
           2          16  0.96237219977912369     
           4          17  0.97068763026864535     
           9          18  0.98212009118519850     
           9          19  0.97678696401850029     
           9          20  0.97677370305999900     
          11          21  0.95824014517549727     
          12          22  0.97468982163594931     
          12          23  0.97828403606602632     
