           1           2   1.8961313923335510     
           2           3   1.0942519258458714     
           3           4   1.3790989159173586     
           4           5   1.4035487029283273     
           5           6   1.0627914605662778     
           6           7   1.9262316379831215     
           5           8   1.3431681565271232     
           8           9   1.0121574179242279     
           9          10  0.99534854543197215     
           8          11   1.4078564253975607     
           3          12   1.3213731189532765     
          11          12   1.4139674706525713     
          12          13  0.95962865254328178     
           1          14  0.97774415151703786     
           1          15  0.97254320055617804     
           2          16  0.96332599065988012     
           4          17  0.96152773979088013     
           6          18  0.95991085085651062     
           7          19  0.97338082844899720     
           7          20  0.97685773811353094     
          10          21  0.98070679265752225     
          10          22  0.98059776036723401     
          10          23  0.98668609491276571     
          11          24  0.96330465610662475     
