           1           2   1.8915158822910432     
           2           3   1.0982995048909525     
           3           4   1.3719332953151286     
           4           5   1.4092996988330224     
           5           6   1.0788447410346558     
           6           7   1.9107186019525744     
           5           8   1.3134020019671193     
           8           9   1.0625374735456063     
           9          10   1.0022111942758443     
           8          11   1.3898738254628424     
           3          12   1.3192109715077607     
          11          12   1.4166211965350120     
          12          13  0.95567658790916332     
           1          14  0.97819471117671719     
           1          15  0.97315200721116635     
           2          16  0.96357569720202152     
           4          17  0.96418885426425749     
           6          18  0.95975879239791284     
           7          19  0.96412836423082193     
           7          20  0.97599707767535648     
          10          21  0.97877010377157103     
          10          22  0.98224457861179393     
          10          23  0.98219852606913038     
          11          24  0.96064004226772959     
