$coord
    2.11422309987872   -0.54160896276335   -0.15663892872236      c
    4.57698815151975   -0.06053367493895   -0.11701995925447      c
    5.77444203162209    2.24135213781498    0.81155108384672      c
    7.96690975132261    3.09919029832687   -0.32988570983851      c
    9.18019483862031    5.32100639395961    0.43331221310693      c
   11.45537798642156    6.20672423007963   -0.84195279681787      c
   12.03843030079185    5.69988121492777   -3.22925455975920      c
    8.06718943948761    6.60884032086702    2.46906428076256      c
    9.08692566783443    9.00819457556582    3.53768405244043      c
   11.22881575099725    9.77528857200377    3.32914166053849      o
    7.30880237338775   10.25399311087677    4.82467705653281      o
    8.09281079630725   12.53359121270917    5.99275835732685      c
    6.01366339915615    5.76746053342151    3.64232719730819      n
    4.87248711170069    3.67385212486878    2.89064904907017      c
    2.77312989165519    3.00937927092212    4.23613497202203      n
    1.39555976433468   -2.28403913054257   -0.92488900454161      h
    0.72873259633380    0.80573212108914    0.47876978937741      h
    5.87746087321411   -1.42822778149137   -0.91388577744092      h
    8.76743285724289    2.01018140752784   -1.86050178787404      h
   12.68165402976888    7.39482405375634    0.27267588596373      h
   10.83667812742195    4.59929308333977   -4.45090024357105      h
   13.74774098241214    6.41381344989009   -4.06936703412241      h
    6.39830653172062   13.39570711121339    6.76979274009900      h
    8.97967536937249   13.78540308530582    4.61104091958707      h
    9.45618176762693   12.14104862120176    7.49253358043030      h
    2.55942010293057    3.97914823879012    5.86162983684934      h
    2.29304106966417    1.16801324853608    4.26546595078467      h
$periodic 0
$end
