$coord
    3.12680065543749    0.99055445668833   -1.74893783773304      c
    4.14096060559380    0.00139425189887    0.32924757546441      c
    5.35785782100041   -2.42551765200238    0.60051525854298      c
    7.21217220054603   -2.84120165018653    3.27739774886415      s
    7.86976569662988   -5.98545539114726    2.60074110255075      c
    9.59351632731600   -7.25773591338969    4.29019053975991      c
    9.95765942444657   -9.73384490872295    4.53951960308297      c
    6.67475030980117   -6.65921356798822    0.38643271219673      c
    6.97266691393761   -9.01740404052200   -0.94709935815124      n
    6.79828280693561  -10.96444078853722    0.22505681018417      o
    7.42187399289399   -8.83271166798598   -3.18084686633898      o
    5.28109854285892   -4.65184492039077   -0.74952094440590      c
    3.72879891163349   -5.15445313988943   -2.93284951246952      n
    3.71513440753336   -3.63884731586743   -4.63533704318030      o
    2.50797209700120   -7.08511935640214   -2.84630414066095      o
    2.26702292272195    2.83267354579532   -1.68521379513661      h
    3.12915778319390    0.04033625015991   -3.54624300189440      h
    4.16068060561244    1.09743479258792    2.05899883903866      h
   10.62018332731969   -5.96299849802095    5.49942251297135      h
    8.93072457401619  -11.12066544210981    3.46456714518238      h
   11.31741372320236  -10.43401671211534    5.88039759973205      h
$periodic 0
$end
