           1           2   1.9018815565499634     
           2           3   1.0823385417370013     
           3           4   1.3733653761044209     
           4           5   1.3919200724963341     
           5           6   1.0908932089454544     
           6           7   1.7297827330369990     
           7           8  0.98592008556972965     
           7           9  0.97952459888541787     
           5          10   1.3659203798208193     
           4          11  0.10186440145406719     
          10          11   1.4270205309730328     
           3          12   1.3680441642300216     
          11          12   1.4553827005375088     
           1          13  0.97780355494995119     
           1          14  0.97194119109054722     
           2          15  0.96541387772598375     
           4          16  0.96542277421496225     
           6          17  0.95422049515552476     
          10          18  0.96845856335408875     
          11          19  0.96254871689033505     
