           1           2   1.9549840902386924     
           2           3   1.0368143217354309     
           3           4   1.4053558947782492     
           4           5   1.4154293220076883     
           5           6   1.0127819665314080     
           6           7  0.99407331675363420     
           7           8   1.0084800073051134     
           8           9   1.0072222032833287     
           9          10   1.0093686745914348     
          10          11   1.0187678772557804     
           5          12   1.3570643375036910     
          12          13   1.0550566328077660     
          13          14   1.9343652707472421     
           4          15  0.10003930746621673     
          12          15   1.3843535138774956     
           3          16   1.3531821098312919     
          15          16   1.4324797792535853     
          16          17   1.0109352715160711     
          17          18  0.98969186213490612     
          18          19   1.0064313248190428     
          19          20   1.0074076058369470     
          20          21   1.0079245740461293     
          21          22   1.0199805694917905     
           1          23  0.97714746807605335     
           1          24  0.97446435930871589     
           2          25  0.95673710720751581     
           4          26  0.96475724289728970     
           6          27  0.96939539220524473     
           6          28  0.96344136475281839     
           7          29  0.97737861036623663     
           7          30  0.97143576752023197     
           8          31  0.97700218830300334     
           8          32  0.97691159200890110     
           9          33  0.97029868094597216     
           9          34  0.97681754731870918     
          10          35  0.97873067471411146     
          10          36  0.97232706402493729     
          11          37  0.98799828532743250     
          11          38  0.98757720263936188     
          11          39  0.98756338634613794     
          13          40  0.95907647790671025     
          14          41  0.97557759741142025     
          14          42  0.97756843898365331     
          15          43  0.96673503240496961     
          17          44  0.97274799284196689     
          17          45  0.96683089027499181     
          18          46  0.97497238710538503     
          18          47  0.97541038117662404     
          19          48  0.97709794082627066     
          19          49  0.97490248733135454     
          20          50  0.97593837343309398     
          20          51  0.97721112879313232     
          21          52  0.97586494563483728     
          21          53  0.97858048409826381     
          22          54  0.98622094661312687     
          22          55  0.98767354435226784     
          22          56  0.98776791485891369     
