           1           2   1.8553638308333043     
           2           3   1.1380989930682317     
           3           4   1.4966541392081374     
           4           5   1.3115528008929762     
           5           6   1.0216891562325843     
           5           7   1.4633295025119750     
           7           8   1.1450194248855388     
           8           9   1.8555837870902914     
           3          10   1.1406271250897442     
           7          10   1.1338852208554993     
           1          11  0.97809186784553159     
           1          12  0.97545664317139036     
           2          13  0.96440937775905367     
           4          14  0.96213557416062245     
           6          15  0.98490466367824681     
           6          16  0.97258432719225718     
           6          17  0.97262933213330027     
           8          18  0.95736876490283229     
           9          19  0.97193335840088679     
           9          20  0.97860328222764381     
