           1           2   1.9043982136232396     
           2           3   1.0842724845123290     
           3           4   1.2457795187154650     
           4           5   1.6233445985576829     
           5           6   1.1995319831991447     
           3           7   1.4456069944350891     
           6           7   1.1446505503650035     
           7           8   1.1474482765759482     
           8           9   1.6949707493802686     
           9          10  0.98084285249583880     
           9          11  0.97432514307036533     
           1          12  0.97736143628120453     
           1          13  0.97340060129844153     
           2          14  0.95863389770904539     
           4          15  0.96412647378382332     
           5          16  0.96934724639832126     
           8          17  0.94475777491457746     
