   -0.08783821
   -0.02953196
    0.00567219
   -0.03588055
   -0.05547865
    0.13851445
   -0.27942795
    0.07431398
    0.10760510
   -0.06331530
   -0.05429013
   -0.06346304
    0.08307936
   -0.32151272
   -0.01552907
   -0.02667983
   -0.08782190
   -0.04213724
    0.03631805
    0.03829341
    0.03340672
    0.04123420
    0.04357106
    0.03840151
    0.03217744
    0.04035986
    0.04051324
    0.03850308
    0.02974504
    0.05325709
    0.04098774
    0.03084464
    0.04116066
    0.02786385
    0.03490751
    0.04154083
    0.03500963
    0.03562590
