           1           2   1.8968246810857727     
           2           3   1.0938961316390610     
           3           4   1.3502365222624448     
           4           5   1.4805841875784367     
           5           6   1.3543808838346432     
           6           7   1.0464849358560042     
           7           8  0.96801319153707122     
           8           9  0.96730146938321504     
           9          10  0.98645707731049814     
          10          11   1.0085254843008615     
          11          12   1.0088938989058096     
          12          13  0.99994075257054305     
           9          14  0.98530495281938468     
          13          14  0.97853729119307775     
           6          15   1.3235973663392566     
          15          16   1.0600431197711746     
          16          17   1.9250319983211712     
           3          18   1.3886955627949025     
          15          18   1.3988302586804702     
           1          19  0.97838362676750490     
           1          20  0.97304727777613453     
           2          21  0.96458020904488584     
           4          22  0.96529233474483256     
           5          23  0.96560306526044837     
           8          24  0.96746381314662244     
           8          25  0.96311868270952261     
           9          26  0.95918245193013230     
          10          27  0.97726099702907465     
          10          28  0.97611776399668337     
          11          29  0.97716677257086859     
          11          30  0.97180546867375350     
          12          31  0.97715297845192484     
          12          32  0.97689401401533993     
          13          33  0.97136489647780988     
          13          34  0.96649418751800253     
          16          35  0.96057091259233740     
          17          36  0.97555046657473765     
          17          37  0.97754342562839014     
          18          38  0.96645669327980221     
