           1           2   1.9095651257390622     
           2           3   1.0827464509121469     
           3           4   1.3761953869198418     
           4           5   1.4087450915636170     
           5           6  0.97683626839372595     
           5           7   1.4060091302675324     
           7           8   1.3758409845084774     
           8           9   1.0882192721987123     
           9          10   1.7342795267343951     
          10          11  0.98255407925330007     
          10          12  0.97738114096461004     
           3          13   1.3364645641755595     
           8          13   1.3328239019187040     
          13          14   1.0240573599567782     
          14          15  0.94813121170066428     
          15          16   1.0124507531467790     
           1          17  0.97731986527679560     
           1          18  0.97272895020431560     
           2          19  0.95897096386998826     
           4          20  0.96148389839452575     
           7          21  0.96335399706908187     
           9          22  0.94871421483365503     
          15          23  0.97079369606360111     
          15          24  0.96787163811677035     
          16          25  0.98501361547733923     
          16          26  0.98344926586555592     
          16          27  0.98563550414193768     
