           1           2   1.8979818979224621     
           2           3   1.0928181421999648     
           3           4   1.3586447610062449     
           4           5   1.4526334571847843     
           5           6   1.3983524929917370     
           6           7   1.0388895821911590     
           7           8   1.3983605898299099     
           8           9   1.4526313238820971     
           9          10   1.3586342193391296     
          10          11   1.0928802705015834     
          11          12   1.8979123891401937     
          10          13   1.3874353451860992     
           7          14   1.2946162576770037     
          13          14   1.3738916513350026     
          14          15   1.1541498909377195     
           6          16   1.2946487877092276     
          16          17   1.1541245368428028     
           3          18   1.3874728235679576     
          16          18   1.3738764702610367     
           1          19  0.97861103263426941     
           1          20  0.97315102712134971     
           2          21  0.96480767448368943     
           4          22  0.96873057336436919     
           5          23  0.96864700032519646     
           8          24  0.96864875619046431     
           9          25  0.96872549356025583     
          11          26  0.96481600062793338     
          12          27  0.97313944561109245     
          12          28  0.97861050759977286     
          13          29  0.96237897605299438     
          15          30  0.95584983600003937     
          15          31  0.94769338034963868     
          17          32  0.94769395150617974     
          17          33  0.95584438881920042     
          18          34  0.96239430445829277     
