           1           2   1.9056828060597042     
           2           3   1.0785265209451083     
           3           4   1.3879989886985478     
           4           5   1.4400211662591400     
           5           6   1.4288953663898445     
           6           7   1.4000443316691609     
           7           8   1.0760021608367600     
           8           9   1.9140082955836606     
           3          10   1.3085375522755427     
           7          10   1.2997311419271860     
          10          11   1.1635888563563803     
           1          12  0.97816847899664838     
           1          13  0.97298681390009900     
           2          14  0.96154440540448594     
           4          15  0.96976144406330766     
           5          16  0.97054767446658463     
           6          17  0.96800532044805310     
           8          18  0.95874556707256264     
           9          19  0.97507468713043821     
           9          20  0.97849597952905454     
          11          21  0.94958624016841398     
          11          22  0.94166028737739349     
