    0.03399976
   -0.26507270
    0.35702858
   -0.03346436
    0.07029520
   -0.05922757
    0.07411482
   -0.04324968
   -0.02402267
    0.48536318
   -0.20958842
   -0.21141615
   -0.20440013
   -0.03455912
   -0.02329393
   -0.04191315
    0.06447011
   -0.04537511
   -0.02912010
    0.01678126
   -0.08172037
    0.31065244
   -0.18850852
   -0.19382570
   -0.03585262
   -0.04401099
   -0.04460678
   -0.02340661
   -0.03213713
   -0.01976870
   -0.40775680
    0.06962156
    0.06033056
    0.06703506
    0.05656015
    0.06074680
    0.05346977
    0.05041417
    0.03911453
    0.04717530
    0.08161925
    0.05707957
    0.04244908
    0.04392226
    0.04746358
    0.04853176
    0.05805858
