           1           2   1.8993518041543651     
           2           3   1.0860349988439504     
           3           4   1.3156059357227177     
           4           5   1.5221459826354131     
           5           6   1.3156101918381629     
           6           7   1.0860384505091512     
           7           8   1.8993473076752552     
           6           9   1.3993247534394531     
           3          10   1.3993297641911160     
           9          10   1.4227734386891191     
           1          11  0.97722614366806748     
           1          12  0.97233959122925973     
           2          13  0.96203338808194794     
           4          14  0.96448689254324849     
           5          15  0.96448375363871164     
           7          16  0.96203698197525433     
           8          17  0.97233701936995953     
           8          18  0.97722523146382445     
