           1           2   1.0249579868069214     
           2           3   1.4858135296582553     
           3           4   1.3651785537790357     
           2           5  0.10649590788273094     
           4           5   1.4753278408935897     
           5           6   1.0204495513552740     
           5           7   1.3022047537981252     
           7           8   1.1740450185852425     
           8           9   1.2010499668930235     
           9          10   1.6109709790807085     
           2          11   1.2905882538613835     
           7          11   1.2643872846416020     
          10          11   1.2297803029083931     
           1          12  0.98609183102822218     
           1          13  0.97304895831241500     
           1          14  0.97298318743372025     
           3          15  0.96944117644690253     
           4          16  0.96978380031660805     
           6          17  0.98565870115009024     
           6          18  0.97509873316011597     
           6          19  0.97516005774497716     
           8          20  0.94812098693534219     
           9          21  0.97066500825175794     
          10          22  0.97366931229043163     
