$coord
    5.14636023838272   -1.64596939486405    1.66149258351592      c
    4.44922145722612    0.43214418800628    0.44105531515350      c
    6.00953635205729    1.92421774151212   -1.27201272488765      c
    5.13060730115019    4.29390477048330   -2.03206825098758      c
    6.44548725879240    5.89786594041728   -3.66079830407824      c
    5.36840485952820    8.32578240284368   -4.39027920876603      c
    5.82745693368571    9.56174903120076   -6.52380786165871      c
    8.78278128424468    5.00865320101564   -4.48456483168666      c
   10.66819916515936    5.99804247717534   -5.98065955792802      n
   12.61384649016339    4.30459709708832   -6.12441596303385      c
   15.23727137469089    4.69602388990936   -7.67783488558085      s
   12.00838470209735    2.23400967973645   -4.77447429513401      o
    9.67958640882480    2.63037347039310   -3.72981218034468      c
    8.34644636937198    1.05333006922836   -2.15543865640065      c
    3.86346502763960   -2.61859301955110    2.90410908431072      h
    7.00591257640536   -2.45245085226844    1.49455791641287      h
    2.56032175859565    1.16436417591467    0.72704145712965      h
    3.31842518920367    4.92568389385843   -1.33435775567180      h
    4.03311767131074    9.10169694625520   -3.04891766806187      h
    7.04222663555484    8.83037783664721   -7.98288133688987      h
    4.92862467106910   11.34144354744961   -6.92522543753929      h
   10.74614450905678    7.73630051287738   -6.74435875987374      h
    9.08948917311813   -0.76759988603214   -1.64183966413757      h
$periodic 0
$end
