           1           2   1.9057489800988581     
           2           3   1.0887841882569054     
           3           4   1.5283480839756207     
           4           5   1.2100033691495760     
           5           6  0.87905866501218666     
           6           7  0.83449068358382861     
           7           8   1.0239265631345797     
           7           9   1.0216400285476184     
           6          10  0.83937322751020849     
          10          11   1.0181006562789365     
          10          12   1.0196897534360123     
           6          13  0.84185477775591733     
          13          14   1.0202186567645741     
          13          15   1.0206198114771685     
           4          16  0.10815992219015144     
           5          16   1.2127440689309978     
           3          17   1.1928009182035240     
          16          17   1.5265839750087999     
          17          18   1.0895360410438828     
          18          19   1.9052068472315429     
           1          20  0.97876328797539858     
           1          21  0.97529656694448996     
           2          22  0.96315450564046845     
           4          23  0.96938214412033830     
           7          24  0.97270195938813331     
           8          25  0.98823405185586677     
           8          26  0.98964204698688174     
           8          27  0.98391450548987003     
           9          28  0.98659422870175961     
           9          29  0.98375161506235975     
           9          30  0.98706125243221476     
          10          31  0.97358871641737998     
          11          32  0.98903028096047052     
          11          33  0.98783410652118597     
          11          34  0.98303430326158758     
          12          35  0.98673544570332528     
          12          36  0.98347109592964777     
          12          37  0.98679624360427409     
          13          38  0.96882465887382763     
          14          39  0.98774921272176841     
          14          40  0.98783620810845130     
          14          41  0.98380795778921060     
          15          42  0.98692837086578478     
          15          43  0.98347724377203760     
          15          44  0.98765523579490455     
          16          45  0.96945452672598531     
          18          46  0.96319856755909727     
          19          47  0.97526392651965499     
          19          48  0.97878620238196234     
