           1           2  0.98917032499458701     
           2           3   1.0489632961208097     
           3           4   1.3802607846579484     
           4           5   1.3888065752126835     
           5           6   1.1360032103203035     
           6           7   1.3884924171078987     
           7           8   1.3804032910537078     
           8           9   1.0492643657061391     
           9          10  0.98902227575618640     
           8          11   1.3479979957693318     
           7          12  0.10689015680678733     
          11          12   1.4524644037845813     
           6          13   1.2548047896723786     
          12          13   1.3731543352939473     
          13          14   1.1073967194418333     
          14          15   1.0628478764711269     
          15          16   1.3605420555047267     
          16          17   1.4762344769337219     
          17          18   1.3586026532375339     
          18          19   1.1033237449823332     
          19          20   1.7221246432425632     
          20          21  0.97831775121614684     
          20          22  0.97241347717530779     
          18          23   1.3601682447391803     
          15          24   1.3611332214230412     
          23          24   1.4759752701694187     
           5          25   1.2543615676575279     
          14          25   1.1080226487766793     
           4          26  0.10683121083346188     
          25          26   1.3731759517614568     
           3          27   1.3482218692189700     
          26          27   1.4520985333957688     
           1          28  0.97949918124290480     
           1          29  0.97650512624851515     
           1          30  0.97644726751769984     
           4          31  0.96580903844828736     
           7          32  0.96582090546397326     
          10          33  0.97950439112376253     
          10          34  0.97650748455136815     
          10          35  0.97644785384987065     
          11          36  0.96638731090244567     
          12          37  0.96597126667259259     
          16          38  0.96683260947931182     
          17          39  0.96790804995201285     
          19          40  0.95433623858676897     
          23          41  0.96685511627967080     
          24          42  0.96675600036429521     
          26          43  0.96609006222228999     
          27          44  0.96643555303104611     
