$coord
   11.90375048149398   -5.04978552684316   -4.33072471429382      c
   10.81351708044696   -2.46889820433895   -3.66095588246099      c
    8.21384074787601   -2.59716830975001   -2.39863593062175      c
    8.29430968962630   -3.10434821720123    0.45632375205980      c
    9.27437784613468   -5.66601722888084    1.15317538460681      c
   11.70580685998801   -6.06153862450243    2.23074749960048      c
   12.24829141380912   -8.51620784088476    2.72306016852673      c
   14.58607550994861   -9.61897377676343    3.82642573700363      c
    9.73649472375625  -10.44863266689416    1.86500097501433      s
    7.97155567608557   -7.86576698805579    0.85343823065577      c
    5.39370568558671   -8.27229927575597   -0.19618103375301      c
   13.69002007067169   -4.82867405661176   -5.32535876958217      h
   10.60911492058846   -6.07992605345142   -5.55232612400360      h
   12.23867700757063   -6.17260036578687   -2.64672927752561      h
   10.64080223359222   -1.36612627035674   -5.39937276859988      h
   12.12675891554539   -1.46673583959282   -2.42338388864715      h
    7.07942987388330   -4.04919890426446   -3.32378553635139      h
    7.25793533356157   -0.78672761944804   -2.67553552632771      h
    6.37584943040626   -2.89312478120009    1.19873056753956      h
    9.47574054559717   -1.67223006217789    1.35704943766118      h
   13.00187739664750   -4.54208993979753    2.61777457952868      h
   15.92897384647032   -8.12393911838219    4.25712658988179      h
   15.46175052957775  -10.93911768234872    2.50980142479519      h
   14.15821748290671  -10.64834175197995    5.55828887010690      h
    4.52654605040472   -9.93061672222453    0.65614497794569      h
    5.46866510269677   -8.57325446925948   -2.23532517511186      h
    4.20497919180139   -6.63311597286515    0.16917454681016      h
$periodic 0
$end
