           1           2   1.9046290488510647     
           2           3   1.0874630397792295     
           3           4   1.3874228744924901     
           4           5   1.3777303507643988     
           5           6   1.0938988014297597     
           6           7   1.7273611681957417     
           7           8  0.98897591431737730     
           7           9  0.97639412705026207     
           5          10   1.3779051054881597     
          10          11   1.3945934283885200     
          11          12  0.99400716555292523     
          12          13   1.7297319969708558     
          12          14   1.1242451408544778     
          13          14  0.17131127765554363     
          14          15  0.93931428471862066     
          15          16   1.0119098180506543     
           3          17   1.3748652795330498     
          11          17   1.4018838157960936     
           1          18  0.97754650650228947     
           1          19  0.97196141095527699     
           2          20  0.96406129736543633     
           4          21  0.96535968888760748     
           6          22  0.95432190612098555     
          10          23  0.96114377449383448     
          15          24  0.96839676135435449     
          15          25  0.97254279661837362     
          16          26  0.98461459823253950     
          16          27  0.98351386910125715     
          16          28  0.98638099162736725     
          17          29  0.96041918151404881     
