           1           2   1.8998150231385242     
           2           3   1.0908535037312610     
           3           4   1.3910895442164306     
           4           5   1.3687390229196110     
           5           6   1.0829100191891032     
           6           7   1.9085989273401776     
           5           8   1.3403710407862295     
           8           9   1.2806163217456956     
           3          10   1.3536317740337767     
           9          10   1.4162813431139067     
           9          11   1.0503308539167553     
          11          12   1.8576506390409153     
          11          13  0.87962954365245305     
          13          14   1.7680203917119202     
           8          15   1.0981971696153936     
          13          15   1.1780334793666594     
          14          15  0.16609606808749405     
           1          16  0.97744628354607888     
           1          17  0.97208640887832565     
           2          18  0.96389511223884328     
           4          19  0.95929519342235048     
           6          20  0.96074937162888974     
           7          21  0.97299314248041679     
           7          22  0.97732152365703528     
          10          23  0.96412778636434915     
          15          24  0.92813156420776888     
