   -0.08486438
   -0.02499798
   -0.01271703
   -0.04449760
   -0.01161661
   -0.02582798
   -0.08827894
    0.13924701
   -0.25656554
    0.08070892
    0.00728434
   -0.03731369
   -0.02787380
   -0.02989444
   -0.02791322
   -0.02894042
   -0.09079120
    0.16072625
   -0.22387631
    0.03602157
    0.05945809
    0.03387277
    0.05363780
    0.05192017
    0.03982633
    0.03972643
    0.03785955
    0.03587936
    0.03119768
    0.03585515
    0.03515855
    0.03632848
    0.04696361
    0.05429708
