           1           2   1.9042947625267803     
           2           3   1.0878174130064562     
           3           4   1.3689445662522541     
           4           5   1.4207166424604685     
           5           6   1.0252553375402838     
           5           7   1.4144904262976441     
           7           8   1.3720594963365109     
           8           9   1.0929358704937895     
           9          10   1.7326048759751840     
          10          11  0.97851386098405768     
          10          12  0.97094071431504392     
           3          13   1.3913001355708288     
           8          13   1.3812462536744585     
           1          14  0.97799972655032885     
           1          15  0.97266909908222143     
           2          16  0.96428109939356466     
           4          17  0.96644139084933089     
           6          18  0.98490169528159499     
           6          19  0.96838028214295557     
           6          20  0.97647624553154921     
           7          21  0.96661654970023314     
           9          22  0.95423611682163467     
          13          23  0.96326000771128029     
