           1           2   1.8902460249418671     
           2           3   1.0999564505187873     
           3           4   1.3586594887845806     
           4           5   1.4873903994372755     
           5           6   1.3469950906326043     
           6           7   1.1298144715428542     
           7           8   1.7242632403037668     
           8           9   1.1498993265416433     
           7          10  0.10087970475972136     
           9          10   1.6921362778480376     
          10          11  0.97897378909691046     
          10          12  0.97631635998648636     
           6          13   1.3485421296331559     
           3          14   1.3573086807662418     
          13          14   1.4873396120157318     
           1          15  0.97822565588472565     
           1          16  0.97266194002119932     
           2          17  0.96428455358594478     
           4          18  0.96528121681235379     
           5          19  0.96821070941422771     
           7          20  0.96198234638415192     
           8          21  0.95876210678906226     
           9          22  0.95574674540675109     
          13          23  0.96537441561411685     
          14          24  0.96801681997277600     
