$coord
    1.91258291518649    0.14296252115873    0.20452999374236      c
    4.73418525776042    0.15054092120508   -0.04975002472685      c
    6.08949458791184    2.39701816730965   -0.10168357948429      c
    8.69229835396111    2.37196853072071   -0.33697314973676      c
    9.92841711189230    0.08011129522287   -0.51989609865636      c
   12.48046438893512    0.09315145242083   -0.74940119437745      f
    8.65196972529425   -2.21341435081473   -0.47655347785462      c
   10.01776536268514   -4.68538229837355   -0.67655740504553      c
    6.04077503464779   -2.11809865020710   -0.23835094180407      c
    1.17977893885236    2.05746933084234    0.32722284629136      h
    1.34890132430111   -0.88679500648028    1.89537639511632      h
    1.05006796777215   -0.78915301295176   -1.41540862148918      h
    5.10960968436737    4.18139002669503    0.04233917307480      h
    9.77371844709499    4.09911835532001   -0.38046999522263      h
   12.04177281256744   -4.38950873039898   -0.85303752582333      h
    9.35560786510608   -5.73286057711909   -2.32015720407740      h
    9.65943263476398   -5.83299194166741    0.99430480355263      h
    4.99929236374205   -3.87571493555734   -0.19948406684302      h
$periodic 0
$end
