           1           2   1.8713027646864968     
           2           3   1.1149683171767926     
           3           4   1.5029001662272110     
           4           5   1.2895778515705225     
           5           6   1.0239210204666569     
           6           7   1.7158211079448660     
           6           8   1.1118534180780992     
           7           8  0.16581599086497628     
           8           9  0.93943484642890684     
           9          10   1.0120478214236290     
           3          11  0.10129180857575587     
           5          11   1.4131336432268606     
          11          12   1.1221579567272983     
          12          13   1.8630536737540069     
           3          14   1.0986407109808505     
          11          14   1.1254466261786737     
           1          15  0.97842549870835427     
           1          16  0.97521265178417604     
           2          17  0.96365219566434634     
           4          18  0.97170430261905272     
           9          19  0.97256253133934178     
           9          20  0.96826463226053783     
          10          21  0.98625762372468873     
          10          22  0.98358164635669332     
          10          23  0.98450492464354611     
          12          24  0.96035662861191240     
          13          25  0.96634881192376210     
          13          26  0.97737033694450881     
