           1           2   1.9159542216573633     
           2           3   1.0746299620223065     
           3           4   1.3993885716712928     
           4           5   1.4295591226880442     
           5           6   1.4395553657847806     
           6           7   1.3884184398312664     
           7           8   1.0768477019535945     
           8           9   1.9150685474839431     
           3          10   1.3004559965536415     
           7          10   1.3077665981304512     
          10          11   1.1656869684442241     
           1          12  0.97845853037498898     
           1          13  0.97509133999728126     
           2          14  0.95821481313967904     
           4          15  0.96815666381617593     
           5          16  0.97055496826484655     
           6          17  0.96820155458733970     
           8          18  0.95323580564326826     
           9          19  0.97514834322348298     
           9          20  0.97854574129655059     
          11          21  0.94521116364579627     
          11          22  0.94971230661702000     
