           1           2   1.0255448699782257     
           2           3   1.4075463965354362     
           3           4   1.4535662714000026     
           4           5   1.3724021782237836     
           5           6   1.0511974028107274     
           6           7   1.0994460908248926     
           7           8   1.3400579814189506     
           8           9   1.4875770964012742     
           9          10   1.3509002188432504     
          10          11   1.1075476907958908     
          11          12   1.7190353179536368     
          12          13  0.97431756861808771     
          12          14  0.96702671245422900     
          10          15   1.3520279854183550     
           7          16   1.3404355756383410     
          15          16   1.4878911595801347     
           6          17   1.0503903271561963     
          17          18   1.3729733662547434     
          18          19   1.4542964109369028     
          19          20   1.4070155544491674     
          20          21   1.0256895572821350     
          18          22  0.10441681535841824     
          20          22   1.3980644971659362     
          17          23   1.3653035532835152     
          19          23  0.10314394025407955     
          22          23   1.4637425439691472     
           3          24  0.10279039050397340     
           5          24   1.3652961536760744     
           2          25   1.3974950693560961     
           4          25  0.10467782490031252     
          24          25   1.4647224308377689     
           1          26  0.98550814679993548     
           1          27  0.97609058476132415     
           1          28  0.97024791737465232     
           3          29  0.96868355644734128     
           4          30  0.96797001456581111     
           8          31  0.96689296555033755     
           9          32  0.96827972766067416     
          11          33  0.95469677881573012     
          15          34  0.96737593225116725     
          16          35  0.96682263072755115     
          18          36  0.96807250388934685     
          19          37  0.96885869418165671     
          21          38  0.98478756682422097     
          21          39  0.97807386046504241     
          21          40  0.96878367604721694     
          22          41  0.96944309880251878     
          23          42  0.96790155091601426     
          24          43  0.96803420832495091     
          25          44  0.96964169630978181     
