           1           2   1.9025547562089509     
           2           3   1.0883339364064459     
           3           4   1.4163680522309741     
           4           5   1.4140257541263295     
           5           6   1.4057620613126407     
           6           7   1.0892689220536091     
           7           8   1.8977574380105382     
           6           9   1.2812987568789602     
           9          10   1.1852228881156825     
          10          11   1.2021955158496378     
          11          12   1.6072006186482479     
           3          13   1.2740360905198638     
           9          13   1.2587166527610287     
          12          13   1.2357440048608046     
           1          14  0.97854552361280145     
           1          15  0.97384065989221880     
           2          16  0.96149766242359846     
           4          17  0.96920819670980896     
           5          18  0.96958372176052354     
           7          19  0.96196006615157525     
           8          20  0.97274199526814642     
           8          21  0.97848336572616601     
          10          22  0.94000007710115330     
          11          23  0.97039246792265832     
          12          24  0.97066401765549715     
