    0.03996384
   -0.27460106
    0.13382246
   -0.07143242
   -0.01729946
   -0.01724684
   -0.07138716
    0.13370331
   -0.27483490
    0.03998103
   -0.05642253
   -0.04961677
    0.03582688
   -0.03707265
    0.06644498
   -0.04374818
   -0.03342068
    0.01707674
   -0.08212592
    0.31022759
   -0.18797866
   -0.19551035
   -0.03481325
   -0.04304018
    0.03588097
   -0.04952331
   -0.05616914
    0.05961395
    0.03757628
    0.03732107
    0.03524221
    0.03530375
    0.05953319
    0.03748484
    0.03747239
    0.04938153
    0.03632379
    0.04644351
    0.04175456
    0.07920118
    0.05542553
    0.04806025
    0.03725401
    0.04992359
