           1           2   1.8600057295441390     
           2           3   1.1397111528199486     
           3           4   1.5034414762602815     
           4           5   1.3016401963127535     
           5           6   1.0101609398107814     
           6           7  0.98697570653878719     
           7           8   1.0061640514731969     
           8           9   1.0061557023547214     
           9          10   1.0065409129453808     
          10          11   1.0078474537594331     
          11          12   1.0069815858663091     
          12          13   1.0200460512817808     
           5          14   1.4705641563236105     
          14          15   1.1441178327276358     
          15          16   1.8563132096226407     
           3          17   1.1360733128412550     
          14          17   1.1287698356100762     
           1          18  0.97841442738975593     
           1          19  0.97218225604053121     
           2          20  0.95885305202784454     
           4          21  0.96415509801620269     
           6          22  0.97321408566169376     
           6          23  0.96891683929305228     
           7          24  0.97714777808812092     
           7          25  0.97812268485079190     
           8          26  0.97732631675414428     
           8          27  0.97740318793636272     
           9          28  0.97759598327466612     
           9          29  0.97735056114362417     
          10          30  0.97729974435554579     
          10          31  0.97586120979481117     
          11          32  0.97741333232249550     
          11          33  0.97738689277741386     
          12          34  0.97864586329229075     
          12          35  0.97828115767829793     
          13          36  0.98769089061450699     
          13          37  0.98759879495305414     
          13          38  0.98638983982762218     
          15          39  0.95544261732433200     
          16          40  0.97171428869193244     
          16          41  0.97859405549609801     
