$coord
    1.71619066100190   -0.04100703994804    0.05258100345891      c
    4.54513244816944   -0.03317765314182    0.17524362892761      c
    5.92940578523635   -2.26331461524266    0.16011760690171      c
    4.65594162589316   -4.48799622476960    0.03106401505566      f
    8.55105655550322   -2.33179927365141    0.27059853199683      c
    9.97435416074055   -4.77961637330555    0.24987068792052      c
    9.81475128138673   -0.03434756188946    0.40173820334857      c
    8.49671030152123    2.22166131366456    0.42050963444984      c
    5.88623838518085    2.21985247851937    0.30823874535133      c
    0.98726553627159   -1.95829013255168   -0.02980310028582      h
    1.07647302318114    0.98207254365542   -1.61506066483889      h
    0.93213393644864    0.89482773960915    1.70967897284574      h
    8.69054437542663   -6.37786798092650    0.14255936109403      h
   11.10795788659435   -4.95486646833235    1.95894512925435      h
   11.24864869847055   -4.84479280303815   -1.36527191749844      h
   11.85367965396894   -0.03294784882578    0.48946758357453      h
    9.50899779114846    3.99009109952908    0.52315313743298      h
    4.85676465366526    3.98192337396441    0.32289940414655      h
$periodic 0
$end
