           1           2   1.9049130466483746     
           2           3   1.0877381424146968     
           3           4   1.3972474762660874     
           4           5   1.3833658302480853     
           5           6   1.0880778109341562     
           6           7   1.9044756679981885     
           5           8   1.3743065937997812     
           8           9   1.3964294690322285     
           9          10  0.91183251437433244     
          10          11   1.0743725269868885     
          11          12  0.91829188363441083     
          11          13  0.91841075463530975     
          11          14  0.94930730061688406     
           3          15   1.3558307124761357     
           9          15   1.4184298936224229     
           1          16  0.97733183406684987     
           1          17  0.97229013477603465     
           2          18  0.96313634190799668     
           4          19  0.96215572646440684     
           6          20  0.96359210972377207     
           7          21  0.97213225938444170     
           7          22  0.97731948445869377     
           8          23  0.96054136962742964     
          15          24  0.96357764671590040     
