   -0.20139618
    0.30586127
   -0.19283063
   -0.08148982
    0.01041562
   -0.03732920
   -0.01543421
   -0.01692248
   -0.03721265
    0.00067721
    0.01052971
   -0.03458840
   -0.02976059
   -0.03167429
   -0.02982605
   -0.03463483
   -0.03686739
   -0.05040624
    0.04541548
   -0.03853289
    0.06390002
   -0.04164874
   -0.02730868
   -0.03196974
   -0.02714781
   -0.04185971
    0.04825270
   -0.04915230
   -0.03987461
    0.07615795
    0.03798285
    0.03513478
    0.03007885
    0.02888123
    0.02866050
    0.02861904
    0.02967630
    0.03438119
    0.03034856
    0.04159084
    0.03806164
    0.03736701
    0.03852893
    0.04178226
    0.03507863
    0.05048487
