   -0.08945148
   -0.02961639
    0.02585405
   -0.05775770
   -0.00590067
   -0.05787351
   -0.05264127
   -0.05841151
   -0.05667625
   -0.05315377
   -0.10183999
    0.01649361
   -0.02869158
   -0.09417858
   -0.06082801
    0.04126023
    0.04043477
    0.04156402
    0.03584782
    0.03780733
    0.04158490
    0.03234317
    0.03068985
    0.03399767
    0.03015898
    0.02801323
    0.02982201
    0.02911070
    0.02834184
    0.03382704
    0.03170022
    0.03385115
    0.03972388
    0.04780763
    0.03678660
