           1           2   1.9134344850832095     
           2           3   1.0724464347390206     
           3           4   1.3914514929508142     
           4           5   1.4544495196346574     
           5           6   1.4028462232601542     
           6           7   1.4553470474365082     
           3           8   1.3079502326150785     
           7           8   1.3864688042943454     
           8           9   1.0842794171126007     
           9          10   1.7375381655776114     
          10          11  0.97861155566137581     
          10          12  0.97387552032974012     
           1          13  0.97619506922391119     
           1          14  0.97164953340504034     
           2          15  0.95673935481927963     
           5          16  0.96265144751871723     
           6          17  0.96944115615802751     
           7          18  0.96708626117299445     
           9          19  0.94733066962360668     
