           1           2   1.8721527833986262     
           2           3   1.1146582843019734     
           3           4   1.5014536815618089     
           4           5   1.2927705287143627     
           5           6   1.0241679481981303     
           6           7   1.7153198046259421     
           6           8   1.1120534763037739     
           7           8  0.16574444741643246     
           8           9  0.93938817052868773     
           9          10   1.0120423451605689     
           3          11  0.10289846017409121     
           5          11   1.4102373541372764     
          11          12   1.1224783323831862     
          12          13   1.8627618512910495     
           3          14   1.0962502996329762     
          11          14   1.1261673170249287     
           1          15  0.97800188464352766     
           1          16  0.97516743380685500     
           2          17  0.96246352240225264     
           4          18  0.97067147766492201     
           9          19  0.96826335955995735     
           9          20  0.97256486739781267     
          10          21  0.98451926362607223     
          10          22  0.98358772377076964     
          10          23  0.98628024288499971     
          12          24  0.96034438859095550     
          13          25  0.96627893037504631     
          13          26  0.97737557754753501     
