           1           2   1.9047288925453796     
           2           3   1.0874223664635230     
           3           4   1.3711438854375282     
           4           5   1.3957593886314819     
           5           6   1.0889479194196992     
           6           7   1.9027061316834226     
           5           8   1.3632961301009281     
           8           9   1.3861286259521584     
           9          10   1.0540192344282713     
          10          11  0.97346161450642021     
          11          12  0.99534941238871300     
          12          13   1.0062892840914419     
          13          14   1.0070307458553434     
          14          15   1.0046370128801885     
          15          16  0.98661731655634588     
          16          17  0.96750525337173676     
          17          18   1.8049927101562133     
          17          19   1.1142797811434362     
          18          19  0.16341847874414422     
           3          20   1.3940609765672556     
           9          20   1.3565824159118196     
           1          21  0.97812686148204775     
           1          22  0.97269694931932738     
           2          23  0.96450246418824426     
           4          24  0.96627452236021505     
           6          25  0.96434689870087620     
           7          26  0.97250333496299757     
           7          27  0.97819241293771131     
           8          28  0.95784165065899807     
          11          29  0.96324493997799476     
          11          30  0.97028686296252875     
          12          31  0.97632195172885528     
          12          32  0.97272718413712389     
          13          33  0.97682507054782741     
          13          34  0.97623416542530528     
          14          35  0.97648780495503518     
          14          36  0.97516501399990008     
          15          37  0.97525233750071449     
          15          38  0.97695538961504003     
          16          39  0.97337699747860773     
          16          40  0.96404032760584613     
          19          41  0.87390187357823201     
          20          42  0.96314091483836672     
