           1           2   1.8980274731102296     
           2           3   1.0972384151072732     
           3           4   1.5197579213644452     
           4           5   1.2197146002703001     
           5           6  0.86014590292296145     
           6           7  0.83959532868630027     
           7           8   1.0202944061079506     
           7           9   1.0234732886685736     
           6          10  0.84476362323059861     
          10          11   1.0190385457775979     
          10          12   1.0204590006376280     
           6          13  0.84396900868020563     
          13          14   1.0177326025843441     
          13          15   1.0220903116666376     
           4          16  0.11067689470130236     
           5          16   1.2186173752060057     
           3          17   1.1930252008213786     
          16          17   1.5190508941262526     
          17          18   1.0985077821215277     
          18          19   1.8976568743735047     
           1          20  0.97928514448123716     
           1          21  0.97705191999430296     
           2          22  0.95970983441765390     
           4          23  0.96774816050462475     
           7          24  0.97193489526299515     
           8          25  0.98633869824777165     
           8          26  0.98550581030470352     
           8          27  0.98373798979119753     
           9          28  0.98878889662668645     
           9          29  0.98344116403106729     
           9          30  0.98495200561146801     
          10          31  0.96788551649222132     
          11          32  0.98955339329798753     
          11          33  0.98664312532902410     
          11          34  0.98304987243309327     
          12          35  0.98532534939439786     
          12          36  0.98393885602174258     
          12          37  0.98487648080321977     
          13          38  0.96872915210614630     
          14          39  0.98694780143874095     
          14          40  0.98830065274049850     
          14          41  0.98315949647979428     
          15          42  0.98705119477437053     
          15          43  0.98369534688299065     
          15          44  0.98524777177658762     
          16          45  0.97006078205081359     
          18          46  0.96312046394468354     
          19          47  0.97358166460272488     
          19          48  0.97901948337564049     
