$coord
    1.05440205560879   -1.15718862826107    0.44547967450223      c
    3.55784675755208   -1.13446204854553    0.34035618839393      c
    5.06979901139805   -2.99479081720637   -1.04368593680899      c
    7.10893008224052   -4.07860154315121    0.23078244408525      c
    8.46529267511650   -6.07851153800233   -0.75288563988954      c
   10.41414700375332   -7.10907954350130    0.66006220310322      o
   12.83775906744222   -6.28329585567387   -0.08197366370078      c
    7.82567441166276   -7.07346676443088   -3.12996311486845      c
    9.18852397795572   -9.25855122594624   -4.11493678457622      c
    9.41971044948130   -9.87037992152006   -6.53516208337821      c
    5.88350690716821   -5.91006412460148   -4.45447573618743      c
    4.53077539207415   -3.87401793870020   -3.48485121146132      c
    2.75019778659308   -2.89220199200028   -5.08614717067089      o
    2.35007881022167   -0.25899964368148   -5.13491706068131      c
    0.01717905291031    0.18479580919027    1.57045943108349      h
   -0.04390942212693   -2.55083023188467   -0.55382715198336      h
    4.61945248354711    0.21159529943703    1.46259391863678      h
    7.59365254809082   -3.39499725836415    2.09286398201437      h
   14.17933323089497   -7.27804198011650    1.11948196601493      h
   13.04717994848323   -4.24091271051157    0.19565508845537      h
   13.22124003006059   -6.72966952928895   -2.06709385023686      h
   10.08382777196465  -10.41221682806189   -2.68157822231509      h
    8.60707357556421   -8.74744688304215   -8.02569128801769      h
   10.45270937438039  -11.52317909681834   -7.11818297335368      h
    5.34675688239213   -6.59687837637695   -6.29687522608438      h
    1.95641373345257    0.22543230070240   -7.10060766404130      h
    4.01674592068381    0.77605608288129   -4.49290273635472      h
    0.73683952244680    0.28851932249136   -3.96450266026143      h
$periodic 0
$end
