           1           2   1.9175780664507678     
           2           3   1.0677383178484052     
           3           4   1.3693976509472892     
           4           5   1.4336790743063466     
           5           6  0.99828302883393671     
           6           7  0.97491233371485442     
           5           8   1.3087832524549581     
           8           9   1.0853840181607808     
           9          10   1.9065183415097764     
           8          11   1.4006572503064791     
           3          12   1.3237547318628788     
          11          12   1.3804102077397651     
          12          13   1.0456402060404981     
          13          14  0.98045024713005935     
           1          15  0.97757176165967130     
           1          16  0.97497344829966914     
           2          17  0.96016316967903359     
           4          18  0.96573902568807435     
           7          19  0.98008582746687622     
           7          20  0.97967752844181444     
           7          21  0.97742321429304435     
           9          22  0.96029888911668260     
          10          23  0.97368904223011954     
          10          24  0.97811184068348123     
          11          25  0.96179085639994044     
          14          26  0.97783786962377917     
          14          27  0.97972390557549505     
          14          28  0.96989127521911545     
