$coord
    3.45233954163655    2.84918277623073    0.24648755096006      c
    1.05571747801063    1.35805151271384    0.06481784006557      c
   -1.26093659299473    2.58625518062429   -0.01734725073770      c
   -3.50948175940808    1.25263703425978   -0.18590313202656      c
   -3.41755817351891   -1.34900429835029   -0.27277274140950      c
   -6.15521077729293   -3.34920362964018   -0.49006760273128      s
   -8.91302272154152   -1.29736442899734   -0.59021131887651      c
   -6.02323273271841   -4.69588242910556   -2.84863240511406      o
   -6.29251298530257   -4.83167772160100    1.78539023177222      o
   -1.13174651520039   -2.60727986331127   -0.19314145119866      c
    1.12648377556688   -1.28683104243136   -0.02419492046205      c
    3.58833042251762   -2.67438015623579    0.06040141789346      c
    3.05915110765489    4.86400957073120    0.29628202643177      h
    4.66999668258687    2.45688688722254   -1.36616219324436      h
    4.49152236204120    2.34016486811100    1.94889051342851      h
   -1.31260567036011    4.62631699950082    0.05160641858172      h
   -5.28328589695189    2.25257817032938   -0.24654221387236      h
   -8.78788224953271   -0.10980936784845   -2.24987060062102      h
   -8.98762278021153   -0.21222614368927    1.14099374595687      h
  -10.53762481404062   -2.53553281231787   -0.72311607843807      h
   -1.15430993751630   -4.64507511817105   -0.26653101043120      h
    3.27742249424822   -4.70134680061146   -0.02469621772345      h
    4.60669255321178   -2.23584554636935    1.79495395565896      h
    4.78369119081404   -2.12380340889837   -1.52268783841230      h
$periodic 0
$end
