           1           2   1.9193387226248255     
           2           3   1.0723206393460147     
           3           4   1.3729311953788383     
           4           5   1.4491256359248752     
           5           6   1.0255872708948655     
           5           7   1.3248908759002049     
           7           8   1.0992193909664332     
           8           9   1.7284240734692051     
           9          10  0.97622530375512773     
           9          11  0.96702660231236925     
           7          12   1.3794711041692347     
           3          13   1.3485212950380121     
          12          13   1.4326587644381654     
          13          14   1.0270726352626711     
           1          15  0.97765350992353151     
           1          16  0.97430788503297450     
           2          17  0.95971953812449762     
           4          18  0.96602984053357077     
           6          19  0.98375362257297383     
           6          20  0.97240765062805501     
           6          21  0.96971138026966663     
           8          22  0.95021529636309221     
          12          23  0.96462126644600110     
          14          24  0.98048410212104598     
          14          25  0.97735427041487566     
          14          26  0.96600760960881160     
