$coord
    1.73292012943913   -0.43303429839125   -0.84586872187780      c
    4.12865646573866   -0.46248921691543   -0.10795986855932      c
    5.41876207838883   -2.41059657950574    1.35861898375300      c
    7.30241717304059   -1.64064430307571    3.03369888800395      c
    8.62310281017706   -3.33827631646301    4.53641790767702      c
   10.30130543174275   -2.36742720083725    6.49717128586053      c
   10.49120922352437   -3.31888617975073    8.81275653138224      c
    8.12744148300227   -5.92104781179560    4.08382789773530      c
    9.42929888809450   -7.88009129031300    5.18822765737309      n
   12.03214766467786   -7.79318795074993    5.72717976152305      n
    6.33178112842472   -6.66660872001593    2.49095155532638      n
    4.95564286051947   -5.02173784640577    1.21157704821678      c
    3.01443336994088   -6.18011036561883   -0.48765064024999      c
    0.98535162652066    1.14251658616996   -1.89669392965939      h
    0.41456375621140   -1.91111279841436   -0.39752286569350      h
    5.30554213691749    1.15925287627472   -0.54092427853083      h
    7.68341162095236    0.35778556701014    3.24743812582003      h
   11.33971883419526   -0.67188160822320    6.00384359140391      h
    9.36869131291413   -4.91084088537414    9.41121807530097      h
   11.70536020375512   -2.48079923364637   10.21485748410018      h
    8.90587845876504   -9.57542021543294    4.46074133742503      h
   12.30580754338210   -7.07594930742422    7.49750445899618      h
   12.95149969630047   -6.63195613525340    4.49287132127769      h
    3.51225247043358   -8.14531498605030   -0.81650375573523      h
    2.90579662620842   -5.17259376235605   -2.27527356825517      h
    1.16306731665632   -6.13394566521275    0.41037819937445      h
$periodic 0
$end
