$coord
    1.78416352935338    0.09668346099506    0.09022983628767      c
    4.61554991495525    0.07071796503960    0.07785148560701      c
    5.93308192142855   -2.20753353395273    0.06917227167043      c
    8.55597333646524   -2.35557600041941    0.05748523639265      c
    9.95655213646841   -4.81201609608631    0.04819159574090      c
    9.82091281650065   -0.06135644644709    0.05484436555701      c
   12.34948895461585    0.58256217381593    0.04455582781029      n
   12.55917603242802    3.15375874627242    0.04688633608186      c
   15.18129734646476    4.76034665407974    0.03733455928975      s
   10.22644413104504    4.17793020785155    0.05847035124589      o
    8.51911417194179    2.24181805204488    0.06350386687514      c
    5.92003068940240    2.35825833140359    0.07505919670933      c
    1.02666700935191   -1.81112898666481    0.09169665397811      h
    1.07223033225201    1.08632118922495   -1.56724619202074      h
    1.08669536275604    1.08316238594098    1.75571274583093      h
    4.86995823470880   -3.94993650367414    0.07161431344224      h
    8.64514896985702   -6.39076014713402    0.05259508617622      h
   11.16592848212923   -4.95963490268927    1.70839852337608      h
   11.15025905116647   -4.95594081079341   -1.62364419307707      h
   13.84743333999884   -0.58472369302406    0.03640158151446      h
    4.94294153174933    4.14373446300556    0.08163156500784      h
$periodic 0
$end
