           1           2   1.8951655930545313     
           2           3   1.0948363675002764     
           3           4   1.3664685505640224     
           4           5   1.4187000450689389     
           5           6   1.0921971035888809     
           6           7   1.8993837478097757     
           5           8   1.2679189296706515     
           8           9   1.1009039513999583     
           9          10  0.96909425743439437     
           8          11   1.3345172269268475     
          11          12  0.95550385703300267     
           3          13   1.3272661067169322     
          11          13   1.3584822815299571     
          13          14  0.97378783972664584     
           1          15  0.97764265960141261     
           1          16  0.97242675000518874     
           2          17  0.96337255951465794     
           4          18  0.96014967794178319     
           6          19  0.96202491900820586     
           7          20  0.97057562151835342     
           7          21  0.97720327352143066     
          10          22  0.97948872127610631     
          10          23  0.97793810464466757     
          10          24  0.97646482429502734     
