           1           2   1.9028057914324821     
           2           3   1.0890084485772629     
           3           4   1.3857130109081681     
           4           5   1.3923934299745717     
           5           6   1.0894024884811280     
           6           7   1.9026788193185231     
           5           8   1.3565774990737940     
           8           9   1.4388167759743475     
           9          10  0.75164190730864011     
          10          11  0.78757928354034024     
          10          12   1.6604927269806906     
          10          13   1.6605221172779465     
          12          13  0.11298059874260354     
           3          14   1.3655756823919183     
           9          14   1.4256623643340134     
           1          15  0.97720606196189752     
           1          16  0.97162091494377811     
           2          17  0.96361328773810717     
           4          18  0.96493434043748638     
           6          19  0.96347050096107978     
           7          20  0.97229200266965066     
           7          21  0.97736496062869282     
           8          22  0.95961613000104662     
          11          23  0.98168876071826106     
          11          24  0.98167955098556436     
          11          25  0.97274423251003306     
          14          26  0.95887390247666637     
