$coord
    2.39084075292439    0.33997244762254    0.26776472940500      c
    4.74000056218848   -0.22289620445768   -0.40696763721103      c
    6.18978279432524    1.09187743106092   -2.33454411208196      c
    5.64784267723714    3.44807133628920   -3.26520057058791      c
    7.76848588966213    4.49011953718272   -5.45686078848003      s
    9.48889914188472    1.71525051396331   -5.18111645296115      c
   11.61880988674233    1.52194231513999   -6.95310576363805      c
   12.26540474860814    3.29791657454314   -8.21869121236496      o
   12.78267594523430   -0.72424060438090   -7.16181931306479      o
    8.44186449294008    0.08442027846528   -3.43727052721651      c
    9.42633196741642   -2.39418573564463   -2.70572327630009      c
   11.78502303170704   -2.83682472600229   -1.97250500054176      c
    1.42743620209247   -0.70644178262030    1.72078402130499      h
    1.34044378315702    1.84690349563981   -0.60588786277801      h
    5.71154539485367   -1.77239384101223    0.50720490932038      h
    4.10501805178966    4.64531301352176   -2.72867740541159      h
   12.11305750450424   -1.97621249798365   -5.99807456779302      h
    8.04706721102451   -3.90756491582492   -2.70267062274154      h
   13.17950277167593   -1.35456445074033   -1.85931679017342      h
   12.39324767188814   -4.69346700957338   -1.40496361680564      h
$periodic 0
$end
