           1           2   1.0507286800762408     
           2           3   1.1808249091505398     
           3           4   1.1803565169775436     
           4           5   1.0506175166198957     
           4           6   1.5239197786761505     
           6           7  0.96033133548368887     
           7           8   1.4517562330384570     
           7           9   1.4637760938457998     
           8           9  0.37029182232787333     
           2          10   1.5232464413917524     
           6          10   1.1862767573411916     
          10          11  0.96082128260708877     
          11          12   1.4513648430796267     
          11          13   1.4636951264165956     
          12          13  0.36998212460835778     
           1          14  0.97840114282494373     
           1          15  0.95074971140745734     
           1          16  0.95486116550936895     
           5          17  0.97841481798835861     
           5          18  0.95087998485633896     
           5          19  0.95492743273565428     
