           1           2   1.8949763076692325     
           2           3   1.0958383469320812     
           3           4   1.3621570601158233     
           4           5   1.4751168325282706     
           5           6   1.3725532644070473     
           6           7   1.0813979612540270     
           7           8   1.9119119288878208     
           6           9   1.3419398404864347     
           9          10   1.0253543470772248     
           3          11   1.3695880428852276     
           9          11   1.4448211155991282     
           1          12  0.97851716832085101     
           1          13  0.97302050322127742     
           2          14  0.96456588315856573     
           4          15  0.96563355305538257     
           5          16  0.96699989150171217     
           7          17  0.95960860957218785     
           8          18  0.97460922738048139     
           8          19  0.97844390608324239     
          10          20  0.97479829702283916     
          10          21  0.96882903859024183     
          10          22  0.98475759846761501     
          11          23  0.96547530563566153     
