           1           2   1.9042756533516556     
           2           3   1.0879448433694328     
           3           4   1.3663707698289551     
           4           5   1.4205850520993093     
           5           6   1.0277775897904680     
           5           7   1.3711388612761741     
           7           8  0.95597095508903140     
           7           9   1.3297174770503770     
           9          10   1.0980448664802620     
          10          11   1.7286976783169603     
          11          12  0.97910876522729806     
          11          13  0.97759031719955714     
           3          14   1.3911018602631660     
           9          14   1.3816689211991264     
           1          15  0.97753812992996558     
           1          16  0.97173932552373399     
           2          17  0.96394333767696039     
           4          18  0.96554389940446061     
           6          19  0.98541828747217974     
           6          20  0.96838988366259127     
           6          21  0.96992138481094203     
          10          22  0.95162408949704069     
          14          23  0.96062193262472872     
