           1           2   1.9028838544270523     
           2           3   1.0828726419003922     
           3           4   1.3351194788796301     
           4           5   1.4716481807080539     
           5           6   1.0295505507520959     
           5           7   1.2942860935559888     
           7           8   1.0720188193069407     
           8           9   1.9132158913402155     
           7          10   1.4063007364857625     
           3          11   1.3895840868115588     
          10          11   1.4220032138985301     
           1          12  0.97736076332917143     
           1          13  0.97252003707694168     
           2          14  0.96221734652173807     
           4          15  0.96229620436745156     
           6          16  0.97977991964304800     
           6          17  0.96186756282610042     
           6          18  0.97543166898256195     
           8          19  0.95789164493200607     
           9          20  0.97313712735462254     
           9          21  0.97700109119812073     
