           1           2   1.9066326428106852     
           2           3   1.0851092395860784     
           3           4   1.3805050491123967     
           4           5   1.3697047770704633     
           5           6   1.0900148004530643     
           6           7   2.8073564568251697     
           5           8   1.3696704023853106     
           8           9   1.3805418294002516     
           9          10   1.0850951426833577     
          10          11   1.9066497592661673     
           3          12   1.3836276707908204     
           9          12   1.3835997503920190     
           1          13  0.97762706030283342     
           1          14  0.97256665542864462     
           2          15  0.96376435323823950     
           4          16  0.96542480827957400     
           8          17  0.96542902288914811     
          10          18  0.96376421145574143     
          11          19  0.97257104149899765     
          11          20  0.97762651878678108     
          12          21  0.96585361348884213     
