$coord
    5.18233784536684   -2.22121436907580   -1.21601858900026      c
    4.63660131700344    0.24971944011196   -0.40056004524036      o
    5.95708170612737    2.20307278198874   -1.42855408871788      c
    5.28619665239914    4.59952906686109   -0.56136621491377      c
    6.43974925903552    6.74820161668002   -1.51719333063794      c
    5.74784073215873    9.17806233717868   -0.69300627027996      n
    7.79268822351392   10.69788480672723    0.07287164109698      c
    9.92650159103354   10.90073410596083   -1.45944602455350      c
   10.03906393687916    9.18855127457279   -4.33786444033777      s
   11.95119437926913   12.40182922931948   -0.74945441601037      c
   11.87218256800878   13.70249642152283    1.51527121249634      c
    9.80314458024355   13.43871860146725    3.09917660695287      c
    7.79063663395991   11.92624703257347    2.39941979827969      c
    3.28191568910103   10.08927133141244   -0.83678953686206      c
    1.31674363017696    8.58587652179516   -1.75039186839668      c
   -1.11495705146023    9.52003081642673   -1.91918763546569      c
   -1.69175215201544   11.97854840267526   -1.21854132516040      c
   -4.33166663479488   12.99275315372907   -1.37283495055042      c
    0.28438918251306   13.50289765463812   -0.40386527157182      c
    2.72232930644104   12.59689945887969   -0.22627016015492      c
    8.41449691901433    6.46766321277876   -3.24463665331399      c
    9.11190039057030    4.09312337131568   -4.07939059799385      c
    7.86850843680535    1.95949983092698   -3.21719377473591      c
    3.89481439088967   -3.44505034054284   -0.17811057980870      h
    7.13271208402890   -2.75416370644738   -0.77917443856971      h
    4.84705166998814   -2.44257303065624   -3.24585505214318      h
    3.83318802880173    4.74977421426744    0.85915724851274      h
   13.56310774777761   12.54818189622816   -1.98996267925470      h
   13.43595539095874   14.89448907503229    2.05608933587412      h
    9.75814928864864   14.40756114986192    4.89401162839893      h
    6.19023425351274   11.69065979856177    3.64277400805643      h
    1.68402827321770    6.68334037401210   -2.37986835984552      h
   -2.59142133867792    8.29809880770458   -2.62571777874454      h
   -5.63976130093064   11.53891297472105   -2.00173517173237      h
   -4.42053249508127   14.56990819297012   -2.69399534356740      h
   -4.94833732499120   13.68055511324303    0.46727916067367      h
   -0.08694649415101   15.44942862557591    0.09171662354403      h
    4.20645376008633   13.87069847495149    0.34779882153738      h
   10.62410634181707    3.91835214493740   -5.43544477660714      h
    8.42889341198694    0.13578613597274   -3.92914725976796      h
$periodic 0
$end
