           1           2   1.9074711134462403     
           2           3   1.0783471653467838     
           3           4   1.3551992624958134     
           4           5   1.4492725726772993     
           5           6   1.4492554008859468     
           6           7   1.3552468730332619     
           7           8   1.0782397243703996     
           8           9   1.9076349940494015     
           3          10   1.3924303656408503     
           7          10   1.3924448588490574     
           1          11  0.97756881229365189     
           1          12  0.97259636754433187     
           2          13  0.96309947636092330     
           4          14  0.96640738719132158     
           5          15  0.96982114392410079     
           6          16  0.96639681613816542     
           8          17  0.96304760569544579     
           9          18  0.97253580871584167     
           9          19  0.97753852770297378     
