$coord
    8.89773531954053    4.20713052035480    4.01154632721737      c
    8.38833912278321    6.74672337449282    2.73763619976397      c
   10.82894399368783    7.84721046829828    1.65251737494666      c
    6.78982007104479    6.40134701565257    0.53223605591680      o
    4.47730070194492    5.44339044172295    0.76102027822622      c
    3.31741918478947    5.32880420898973   -1.58804350713411      n
    4.34603916551312    6.13173980784161   -3.86338533956483      c
    2.68956791268107    5.75483508075377   -5.76859551122397      c
    0.91368142979856    4.40432366077219   -2.07584339119993      c
    0.46491568636105    4.64727649940068   -4.69549989026269      c
   -1.81238087916919    3.86105825618733   -5.73211556828704      c
   -3.63660050952341    2.82966356248667   -4.14491324487985      c
   -6.07962610257861    1.94492038884178   -5.04297034241000      c
   -6.97509879489587    1.93458768051182   -7.38034546958382      c
   -5.85132623654547    2.73704234564394   -9.47801094381924      f
   -9.26462315034441    1.06267499575669   -7.97245362374619      f
   -3.14130504558805    2.60893084624235   -1.54233341507435      c
   -0.89251488000540    3.38051711935990   -0.47823496135920      c
    3.46378688322173    4.75459752766792    2.67594541070602      o
    7.15520130619259    8.60769465273370    4.56770257382240      c
    9.68274787067983    2.87790394968387    2.65336102179710      h
    7.16015496905724    3.42670900963245    4.77761981855035      h
   10.24153411627159    4.46567263532353    5.54149970556656      h
   11.65632164337506    6.53694339661509    0.30435098748511      h
   12.17375669484520    8.19042838747275    3.16328640488259      h
   10.43818648156815    9.61838057842826    0.68874184635531      h
    6.21247206426537    6.91715703662477   -3.89546813187535      h
    2.97318219275380    6.19746404570220   -7.72445285054729      h
   -2.12908938442381    4.05922018649227   -7.73304195943491      h
   -7.34832303373218    1.18783615811745   -3.63328168973354      h
   -4.57830109332753    1.80370148239913   -0.33824576234225      h
   -0.54452704255739    3.19778840050986    1.51885257951333      h
    8.43905682337382    8.99787870089390    6.12089507259722      h
    5.41557288458969    7.82217266234898    5.32456173257355      h
    6.72453588094301   10.37058171863525    3.60079853331696      h
$periodic 0
$end
