           1           2   1.9038388897148835     
           2           3   1.0885429506907869     
           3           4   1.3531019766919161     
           4           5   1.4443551433861239     
           5           6   1.4537642559094113     
           6           7   1.3448064008552598     
           7           8   1.0943702198468497     
           8           9   1.7294703920890813     
           9          10  0.98164812473178842     
           9          11  0.97838918500464356     
           3          12   1.3906898451068446     
           7          12   1.3916487312703638     
           1          13  0.97737437005863259     
           1          14  0.97176232970202070     
           2          15  0.96390661891373397     
           4          16  0.96144516984947614     
           6          17  0.96141881507774929     
           8          18  0.95399015632589679     
          12          19  0.96122076972372272     
