$coord
    3.07915190255847   -0.14826247728060   -1.65331520557133      c
    3.78146073250600    0.46295231052504    0.67567365485866      c
    5.67153318611952    2.33990782954652    1.36366620269518      c
    7.07108311554881    3.77215459071276   -0.37091388669616      c
    8.80176788098460    5.50192880322629    0.52932906518985      c
   10.34142342800440    7.07993490397010   -1.23799267704759      c
    9.02195200102425    5.68094598725447    3.18809064643320      c
   10.76853907660677    7.42612809822056    4.41084991318783      c
   11.04264491058978    7.55186607352583    6.90252111148191      c
    7.62441119718469    4.24333005532793    4.70656864203979      n
    6.01339425077065    2.63793153816485    3.84298736512412      n
    1.65624390879874   -1.56253087652480   -1.98900374487652      h
    3.87548826513490    0.71843326094627   -3.31397511019319      h
    2.93083302355462   -0.45108161370312    2.29279156096422      h
    6.80563446900635    3.52915080388514   -2.38044355859540      h
    9.90020072558535    6.60621313526470   -3.18922705875571      h
   12.35172316799240    6.76676350291060   -0.92443398258115      h
    9.94970212471596    9.08003444778594   -0.94504031508115      h
   11.85532954254527    8.64045308127631    3.18130862897619      h
    9.95474272723967    6.33679750236593    8.11657306824692      h
   12.33928303734154    8.85229633284336    7.77723314627595      h
$periodic 0
$end
