           1           2   1.9006432029847022     
           2           3   1.0846643621611203     
           3           4   1.3276530575815308     
           4           5   1.4818394006408164     
           5           6   1.0287715890152778     
           5           7   1.2847873436104362     
           7           8   1.0865160793266870     
           8           9   1.8957351086363625     
           7          10   1.4066016704616493     
           3          11   1.3910829442517616     
          10          11   1.4216023703167955     
           1          12  0.97743332249690573     
           1          13  0.97246453416607515     
           2          14  0.96234982113123646     
           4          15  0.96205544090988460     
           6          16  0.98383697924307834     
           6          17  0.96865624931947270     
           6          18  0.96764400299592723     
           8          19  0.96406970325939068     
           9          20  0.97171064156573816     
           9          21  0.97811499397211144     
