           1           2   1.9119640263464674     
           2           3   1.0800401936285109     
           3           4   1.3810609970347087     
           4           5   1.4570709603700969     
           5           6   1.4218252220029322     
           4           7  0.10459221079892571     
           6           7   1.4463023482515360     
           3           8   1.3413474388660380     
           5           8  0.10177969043794291     
           7           8   1.4020867351886281     
           8           9   1.0274968803775031     
           9          10   1.4011294670477701     
          10          11   1.4444509300449979     
           9          12  0.10211723192685758     
          11          12   1.4247360966970608     
          10          13  0.10468224614671899     
          12          13   1.4542737201816127     
           9          14   1.3453480964718121     
          11          14  0.10060468373042940     
          13          14   1.3841754368292707     
          14          15   1.0722567415084521     
          15          16   1.9207073125505341     
           1          17  0.97831385222117473     
           1          18  0.97416490119614041     
           2          19  0.96032211467974959     
           4          20  0.96680288644099288     
           5          21  0.97099899878689444     
           6          22  0.97076932342952882     
           7          23  0.96977728471125035     
          10          24  0.96911581193912999     
          11          25  0.97071785542977840     
          12          26  0.97086870390107938     
          13          27  0.96902643123595156     
          15          28  0.96103351881311039     
          16          29  0.97328497305907691     
          16          30  0.97755701072943479     
