           1           2   1.8894501063387610     
           2           3   1.0987451818609044     
           3           4   1.3444046791821169     
           4           5   1.4886514196453449     
           5           6   1.3349507102062441     
           6           7   1.1565399014038795     
           7           8   1.0122174961407329     
           6           9   1.2913199945632914     
           9          10   1.0662011481387241     
          10          11   1.9163327054462769     
           3          12   1.3779584117708934     
           9          12   1.4152547448268609     
           1          13  0.97894110677668622     
           1          14  0.97359504329997126     
           2          15  0.96496040179105813     
           4          16  0.96862378350417155     
           5          17  0.96599499301463665     
           7          18  0.95025086083380494     
           8          19  0.97869359027692027     
           8          20  0.98407581224609286     
           8          21  0.97071254932230022     
          10          22  0.96158759749842559     
          11          23  0.97570567121053275     
          11          24  0.97805618002011563     
          12          25  0.96403526838891429     
