           1           2   1.9160896757157360     
           2           3   1.0728250817689760     
           3           4   1.3812973595360909     
           4           5   1.4032724767862361     
           5           6  0.97629750310690899     
           5           7   1.4105659859243567     
           7           8   1.3722154991852085     
           8           9   1.0995266855522476     
           9          10   1.7293241901797769     
          10          11  0.98111354183373845     
          10          12  0.97661963943838526     
           3          13   1.3395878344021031     
           8          13   1.3245835586859998     
          13          14   1.0294399599656294     
          14          15  0.94884288401025951     
          15          16   1.0120417239602653     
           1          17  0.97725207814693915     
           1          18  0.97366532634717040     
           2          19  0.95776499798022297     
           4          20  0.96264129424995282     
           7          21  0.96236964735632813     
           9          22  0.94685976559282814     
          15          23  0.96533303657860270     
          15          24  0.97097542297427764     
          16          25  0.98575802682184088     
          16          26  0.98362008290688563     
          16          27  0.98546249473393266     
