           1           2   1.8946671486133346     
           2           3   1.0962105808832234     
           3           4   1.3624209156095091     
           4           5   1.4241841089084535     
           5           6   1.0887063838371400     
           6           7   1.9036619514329574     
           5           8   1.2717490194016756     
           8           9   1.0835815338296095     
           9          10  0.96311846260824252     
          10          11  0.99852661530220066     
          11          12   1.4171441839185723     
          12          13   1.4432086655560217     
          11          14  0.10998298012018309     
          13          14   1.4398200868940725     
          12          15  0.11142829805785864     
          14          15   1.4384353754118306     
          11          16   1.4142523954685691     
          13          16  0.11219483167517455     
          15          16   1.4455581413704190     
           8          17   1.3782998667986444     
           3          18   1.3328983078339436     
          17          18   1.4013150768658749     
          18          19  0.95749211889929386     
           1          20  0.97829124391755129     
           1          21  0.97341711989582058     
           2          22  0.96364961019289508     
           4          23  0.96178002380697680     
           6          24  0.96079931077404079     
           7          25  0.97315105643754596     
           7          26  0.97803126752868030     
          10          27  0.95299515018096526     
          10          28  0.96369561750715382     
          12          29  0.96905620356572408     
          13          30  0.97088075384030215     
          14          31  0.97120031681871588     
          15          32  0.97079881072798946     
          16          33  0.96812310132883050     
          17          34  0.96188093718546663     
