           1           2   1.9203909553171075     
           2           3   1.0763358727010643     
           3           4   1.3840577464758885     
           4           5   1.4527986381514206     
           5           6   1.3988141252318227     
           6           7  0.76201531539804046     
           7           8  0.78510064278028169     
           7           9   1.6626161404720627     
           7          10   1.6617592260336809     
           9          10  0.11246955808771514     
           4          11  0.10060283972860078     
           6          11   1.4368943614303458     
           3          12   1.3272543150156455     
          11          12   1.3815800771486419     
          12          13   1.0805380605599284     
          13          14   1.9149011143099408     
           1          15  0.97735237006169817     
           1          16  0.97426613013278285     
           2          17  0.95337593733063586     
           4          18  0.96517439757779711     
           5          19  0.96453562451301300     
           8          20  0.98339068628473747     
           8          21  0.98352327395382932     
           8          22  0.97520300312738106     
          11          23  0.95987418882385622     
          13          24  0.95457273973344581     
          14          25  0.97372115502607470     
          14          26  0.97736766362505445     
