           1           2   1.8936141074837485     
           2           3   1.0975610472948332     
           3           4   1.3614514843122174     
           4           5   1.4850710811158803     
           5           6   1.3495463086623698     
           6           7   1.0878206543025359     
           7           8   1.8973003641901016     
           6           9   1.3633941816901567     
           3          10   1.3479208085485463     
           9          10   1.4796375887250606     
           1          11  0.97810118313895056     
           1          12  0.97295338680966914     
           2          13  0.96415069488394423     
           4          14  0.96518616670122748     
           5          15  0.96556099786850391     
           7          16  0.96283088145885876     
           8          17  0.97256472376551961     
           8          18  0.97765981561231274     
          10          19  0.96071231708731764     
