           1           2   1.0262738437120604     
           2           3   1.3914296308345480     
           3           4   1.4439304259491768     
           4           5   1.0280850564653949     
           4           6   1.3154857314437236     
           6           7   1.0621997028071617     
           7           8  0.97298696018914399     
           8           9  0.99389857405362037     
           9          10   1.4110371953071859     
          10          11   1.4470726250645563     
           9          12  0.10971398177414517     
          11          12   1.4365614130859503     
          10          13  0.11177237212876347     
          12          13   1.4411202843911830     
           9          14   1.4170129857315001     
          11          14  0.11123185654243163     
          13          14   1.4422673695705475     
           6          15   1.3837304195757234     
           2          16   1.3767018399134265     
          15          16   1.3937534707340056     
          16          17  0.94918344876459271     
           1          18  0.98592297317480304     
           1          19  0.97135953329086933     
           1          20  0.97149549928468060     
           3          21  0.96547273480073670     
           5          22  0.98569043824990166     
           5          23  0.96969714435974630     
           5          24  0.97100239448396053     
           8          25  0.95458815762962912     
           8          26  0.96173092041510622     
          10          27  0.96938724837739465     
          11          28  0.97091129757206107     
          12          29  0.97129277970789740     
          13          30  0.97096522876443514     
          14          31  0.96836391185940396     
          15          32  0.96073375868754840     
